/*--------------------------------*- C++ -*----------------------------------*\
| =========                 |                                                 |
| \\      /  F ield         | OpenFOAM: The Open Source CFD Toolbox           |
|  \\    /   O peration     | Version:  2.3.0                                 |
|   \\  /    A nd           | Web:      www.OpenFOAM.org                      |
|    \\/     M anipulation  |                                                 |
\*---------------------------------------------------------------------------*/
FoamFile
{
    version     2.0;
    format      ascii;
    class       labelList;
    location    "constant/polyMesh";
    object      faceProcAddressing;
}
// * * * * * * * * * * * * * * * * * * * * * * * * * * * * * * * * * * * * * //


6525
(
1560
1561
1562
1563
1564
1565
1566
1567
1568
1569
1570
1571
1572
1573
1574
1575
1576
1577
1578
1579
1580
1581
1582
1583
1584
1585
1586
1587
1588
1589
1590
1591
1592
1593
1594
1595
1596
1597
1599
3480
3481
3482
3483
3484
3485
3486
3487
3488
3489
3490
3491
3492
3493
3494
3495
3496
3497
3498
3499
3500
3501
3502
3503
3504
3505
3506
3507
3508
3509
3510
3511
3512
3513
3514
3515
3516
3517
3519
5400
5401
5402
5403
5404
5405
5406
5407
5408
5409
5410
5411
5412
5413
5414
5415
5416
5417
5418
5419
5420
5421
5422
5423
5424
5425
5426
5427
5428
5429
5430
5431
5432
5433
5434
5435
5436
5437
5439
7320
7321
7322
7323
7324
7325
7326
7327
7328
7329
7330
7331
7332
7333
7334
7335
7336
7337
7338
7339
7340
7341
7342
7343
7344
7345
7346
7347
7348
7349
7350
7351
7352
7353
7354
7355
7356
7357
7359
9240
9241
9242
9243
9244
9245
9246
9247
9248
9249
9250
9251
9252
9253
9254
9255
9256
9257
9258
9259
9260
9261
9262
9263
9264
9265
9266
9267
9268
9269
9270
9271
9272
9273
9274
9275
9276
9277
9279
11160
11161
11162
11163
11164
11165
11166
11167
11168
11169
11170
11171
11172
11173
11174
11175
11176
11177
11178
11179
11180
11181
11182
11183
11184
11185
11186
11187
11188
11189
11190
11191
11192
11193
11194
11195
11196
11197
11199
13080
13081
13082
13083
13084
13085
13086
13087
13088
13089
13090
13091
13092
13093
13094
13095
13096
13097
13098
13099
13100
13101
13102
13103
13104
13105
13106
13107
13108
13109
13110
13111
13112
13113
13114
13115
13116
13117
13119
14999
15000
15001
15002
15003
15004
15005
15006
15007
15008
15009
15010
15011
15012
15013
15014
15015
15016
15017
15018
15019
15020
15021
15022
15023
15024
15025
15026
15027
15028
15029
15030
15031
15032
15033
15034
15035
15036
15038
16918
16919
16920
16921
16922
16923
16924
16925
16926
16927
16928
16929
16930
16931
16932
16933
16934
16935
16936
16937
16938
16939
16940
16941
16942
16943
16944
16945
16946
16947
16948
16949
16950
16951
16952
16953
16954
16955
16957
18837
18838
18839
18840
18841
18842
18843
18844
18845
18846
18847
18848
18849
18850
18851
18852
18853
18854
18855
18856
18857
18858
18859
18860
18861
18862
18863
18864
18865
18866
18867
18868
18869
18870
18871
18872
18873
18874
18876
20756
20757
20758
20759
20760
20761
20762
20763
20764
20765
20766
20767
20768
20769
20770
20771
20772
20773
20774
20775
20776
20777
20778
20779
20780
20781
20782
20783
20784
20785
20786
20787
20788
20789
20790
20791
20792
20793
20795
22675
22676
22677
22678
22679
22680
22681
22682
22683
22684
22685
22686
22687
22688
22689
22690
22691
22692
22693
22694
22695
22696
22697
22698
22699
22700
22701
22702
22703
22704
22705
22706
22707
22708
22709
22710
22711
22712
22714
24594
24595
24596
24597
24598
24599
24600
24601
24602
24603
24604
24605
24606
24607
24608
24609
24610
24611
24612
24613
24614
24615
24616
24617
24618
24619
24620
24621
24622
24623
24624
24625
24626
24627
24628
24629
24630
24631
24633
26513
26514
26515
26516
26517
26518
26519
26520
26521
26522
26523
26524
26525
26526
26527
26528
26529
26530
26531
26532
26533
26534
26535
26536
26537
26538
26539
26540
26541
26542
26543
26544
26545
26546
26547
26548
26549
26550
26552
28432
28433
28434
28435
28436
28437
28438
28439
28440
28441
28442
28443
28444
28445
28446
28447
28448
28449
28450
28451
28452
28453
28454
28455
28456
28457
28458
28459
28460
28461
28462
28463
28464
28465
28466
28467
28468
28469
28471
30351
30352
30353
30354
30355
30356
30357
30358
30359
30360
30361
30362
30363
30364
30365
30366
30367
30368
30369
30370
30371
30372
30373
30374
30375
30376
30377
30378
30379
30380
30381
30382
30383
30384
30385
30386
30387
30388
30390
32270
32271
32272
32273
32274
32275
32276
32277
32278
32279
32280
32281
32282
32283
32284
32285
32286
32287
32288
32289
32290
32291
32292
32293
32294
32295
32296
32297
32298
32299
32300
32301
32302
32303
32304
32305
32306
32307
32309
34189
34190
34191
34192
34193
34194
34195
34196
34197
34198
34199
34200
34201
34202
34203
34204
34205
34206
34207
34208
34209
34210
34211
34212
34213
34214
34215
34216
34217
34218
34219
34220
34221
34222
34223
34224
34225
34226
34228
36108
36109
36110
36111
36112
36113
36114
36115
36116
36117
36118
36119
36120
36121
36122
36123
36124
36125
36126
36127
36128
36129
36130
36131
36132
36133
36134
36135
36136
36137
36138
36139
36140
36141
36142
36143
36144
36145
36147
38027
38028
38029
38030
38031
38032
38033
38034
38035
38036
38037
38038
38039
38040
38041
38042
38043
38044
38045
38046
38047
38048
38049
38050
38051
38052
38053
38054
38055
38056
38057
38058
38059
38060
38061
38062
38063
38064
38066
39946
39947
39948
39949
39950
39951
39952
39953
39954
39955
39956
39957
39958
39959
39960
39961
39962
39963
39964
39965
39966
39967
39968
39969
39970
39971
39972
39973
39974
39975
39976
39977
39978
39979
39980
39981
39982
39983
39985
41865
41866
41867
41868
41869
41870
41871
41872
41873
41874
41875
41876
41877
41878
41879
41880
41881
41882
41883
41884
41885
41886
41887
41888
41889
41890
41891
41892
41893
41894
41895
41896
41897
41898
41899
41900
41901
41902
41904
43784
43785
43786
43787
43788
43789
43790
43791
43792
43793
43794
43795
43796
43797
43798
43799
43800
43801
43802
43803
43804
43805
43806
43807
43808
43809
43810
43811
43812
43813
43814
43815
43816
43817
43818
43819
43820
43821
43823
45703
45704
45705
45706
45707
45708
45709
45710
45711
45712
45713
45714
45715
45716
45717
45718
45719
45720
45721
45722
45723
45724
45725
45726
45727
45728
45729
45730
45731
45732
45733
45734
45735
45736
45737
45738
45739
45740
45742
47622
47623
47624
47625
47626
47627
47628
47629
47630
47631
47632
47633
47634
47635
47636
47637
47638
47639
47640
47641
47642
47643
47644
47645
47646
47647
47648
47649
47650
47651
47652
47653
47654
47655
47656
47657
47658
47659
47661
49541
49542
49543
49544
49545
49546
49547
49548
49549
49550
49551
49552
49553
49554
49555
49556
49557
49558
49559
49560
49561
49562
49563
49564
49565
49566
49567
49568
49569
49570
49571
49572
49573
49574
49575
49576
49577
49578
49580
51460
51461
51462
51463
51464
51465
51466
51467
51468
51469
51470
51471
51472
51473
51474
51475
51476
51477
51478
51479
51480
51481
51482
51483
51484
51485
51486
51487
51488
51489
51490
51491
51492
51493
51494
51495
51496
51497
51499
53379
53380
53381
53382
53383
53384
53385
53386
53387
53388
53389
53390
53391
53392
53393
53394
53395
53396
53397
53398
53399
53400
53401
53402
53403
53404
53405
53406
53407
53408
53409
53410
53411
53412
53413
53414
53415
53416
53418
55298
55299
55300
55301
55302
55303
55304
55305
55306
55307
55308
55309
55310
55311
55312
55313
55314
55315
55316
55317
55318
55319
55320
55321
55322
55323
55324
55325
55326
55327
55328
55329
55330
55331
55332
55333
55334
55335
55337
57217
57218
57219
57220
57221
57222
57223
57224
57225
57226
57227
57228
57229
57230
57231
57232
57233
57234
57235
57236
57237
57238
57239
57240
57241
57242
57243
57244
57245
57246
57247
57248
57249
57250
57251
57252
57253
57254
57256
59136
59137
59138
59139
59140
59141
59142
59143
59144
59145
59146
59147
59148
59149
59150
59151
59152
59153
59154
59155
59156
59157
59158
59159
59160
59161
59162
59163
59164
59165
59166
59167
59168
59169
59170
59171
59172
59173
59175
61055
61056
61057
61058
61059
61060
61061
61062
61063
61064
61065
61066
61067
61068
61069
61070
61071
61072
61073
61074
61075
61076
61077
61078
61079
61080
61081
61082
61083
61084
61085
61086
61087
61088
61089
61090
61091
61092
61094
62974
62975
62976
62977
62978
62979
62980
62981
62982
62983
62984
62985
62986
62987
62988
62989
62990
62991
62992
62993
62994
62995
62996
62997
62998
62999
63000
63001
63002
63003
63004
63005
63006
63007
63008
63009
63010
63011
63013
64893
64894
64895
64896
64897
64898
64899
64900
64901
64902
64903
64904
64905
64906
64907
64908
64909
64910
64911
64912
64913
64914
64915
64916
64917
64918
64919
64920
64921
64922
64923
64924
64925
64926
64927
64928
64929
64930
64932
66812
66813
66814
66815
66816
66817
66818
66819
66820
66821
66822
66823
66824
66825
66826
66827
66828
66829
66830
66831
66832
66833
66834
66835
66836
66837
66838
66839
66840
66841
66842
66843
66844
66845
66846
66847
66848
66849
66851
68731
68732
68733
68734
68735
68736
68737
68738
68739
68740
68741
68742
68743
68744
68745
68746
68747
68748
68749
68750
68751
68752
68753
68754
68755
68756
68757
68758
68759
68760
68761
68762
68763
68764
68765
68766
68767
68768
68770
70650
70651
70652
70653
70654
70655
70656
70657
70658
70659
70660
70661
70662
70663
70664
70665
70666
70667
70668
70669
70670
70671
70672
70673
70674
70675
70676
70677
70678
70679
70680
70681
70682
70683
70684
70685
70686
70687
70689
72569
72570
72571
72572
72573
72574
72575
72576
72577
72578
72579
72580
72581
72582
72583
72584
72585
72586
72587
72588
72589
72590
72591
72592
72593
72594
72595
72596
72597
72598
72599
72600
72601
72602
72603
72604
72605
72606
72608
74488
74489
74490
74491
74492
74493
74494
74495
74496
74497
74498
74499
74500
74501
74502
74503
74504
74505
74506
74507
74508
74509
74510
74511
74512
74513
74514
74515
74516
74517
74518
74519
74520
74521
74522
74523
74524
74525
74527
76408
76409
76410
76411
76412
76413
76414
76415
76416
76417
76418
76419
76420
76421
76422
76423
76424
76425
76426
76427
76428
76429
76430
76431
76432
76433
76434
76435
76436
76437
76438
76439
76440
76441
76442
76443
76444
76445
76447
78328
78329
78330
78331
78332
78333
78334
78335
78336
78337
78338
78339
78340
78341
78342
78343
78344
78345
78346
78347
78348
78349
78350
78351
78352
78353
78354
78355
78356
78357
78358
78359
78360
78361
78362
78363
78364
78365
78367
80248
80249
80250
80251
80252
80253
80254
80255
80256
80257
80258
80259
80260
80261
80262
80263
80264
80265
80266
80267
80268
80269
80270
80271
80272
80273
80274
80275
80276
80277
80278
80279
80280
80281
80282
80283
80284
80285
80287
82168
82169
82170
82171
82172
82173
82174
82175
82176
82177
82178
82179
82180
82181
82182
82183
82184
82185
82186
82187
82188
82189
82190
82191
82192
82193
82194
82195
82196
82197
82198
82199
82200
82201
82202
82203
82204
82205
82207
84088
84089
84090
84091
84092
84093
84094
84095
84096
84097
84098
84099
84100
84101
84102
84103
84104
84105
84106
84107
84108
84109
84110
84111
84112
84113
84114
84115
84116
84117
84118
84119
84120
84121
84122
84123
84124
84125
84127
86008
86009
86010
86011
86012
86013
86014
86015
86016
86017
86018
86019
86020
86021
86022
86023
86024
86025
86026
86027
86028
86029
86030
86031
86032
86033
86034
86035
86036
86037
86038
86039
86040
86041
86042
86043
86044
86045
86047
87928
87929
87930
87931
87932
87933
87934
87935
87936
87937
87938
87939
87940
87941
87942
87943
87944
87945
87946
87947
87948
87949
87950
87951
87952
87953
87954
87955
87956
87957
87958
87959
87960
87961
87962
87963
87964
87965
87967
89848
89849
89850
89851
89852
89853
89854
89855
89856
89857
89858
89859
89860
89861
89862
89863
89864
89865
89866
89867
89868
89869
89870
89871
89872
89873
89874
89875
89876
89877
89878
89879
89880
89881
89882
89883
89884
89885
89887
91768
91769
91770
91771
91772
91773
91774
91775
91776
91777
91778
91779
91780
91781
91782
91783
91784
91785
91786
91787
91788
91789
91790
91791
91792
91793
91794
91795
91796
91797
91798
91799
91800
91801
91802
91803
91804
91805
91807
93687
93688
93689
93690
93691
93692
93693
93694
93695
93696
93697
93698
93699
93700
93701
93702
93703
93704
93705
93706
93707
93708
93709
93710
93711
93712
93713
93714
93715
93716
93717
93718
93719
93720
93721
93722
93723
93724
93726
95606
95607
95608
95609
95610
95611
95612
95613
95614
95615
95616
95617
95618
95619
95620
95621
95622
95623
95624
95625
95626
95627
95628
95629
95630
95631
95632
95633
95634
95635
95636
95637
95638
95639
95640
95641
95642
95643
95645
97525
97526
97527
97528
97529
97530
97531
97532
97533
97534
97535
97536
97537
97538
97539
97540
97541
97542
97543
97544
97545
97546
97547
97548
97549
97550
97551
97552
97553
97554
97555
97556
97557
97558
97559
97560
97561
97562
97564
99444
99445
99446
99447
99448
99449
99450
99451
99452
99453
99454
99455
99456
99457
99458
99459
99460
99461
99462
99463
99464
99465
99466
99467
99468
99469
99470
99471
99472
99473
99474
99475
99476
99477
99478
99479
99480
99481
99483
101363
101364
101365
101366
101367
101368
101369
101370
101371
101372
101373
101374
101375
101376
101377
101378
101379
101380
101381
101382
101383
101384
101385
101386
101387
101388
101389
101390
101391
101392
101393
101394
101395
101396
101397
101398
101399
101400
101402
103282
103283
103284
103285
103286
103287
103288
103289
103290
103291
103292
103293
103294
103295
103296
103297
103298
103299
103300
103301
103302
103303
103304
103305
103306
103307
103308
103309
103310
103311
103312
103313
103314
103315
103316
103317
103318
103319
103321
105201
105202
105203
105204
105205
105206
105207
105208
105209
105210
105211
105212
105213
105214
105215
105216
105217
105218
105219
105220
105221
105222
105223
105224
105225
105226
105227
105228
105229
105230
105231
105232
105233
105234
105235
105236
105237
105238
105240
107120
107121
107122
107123
107124
107125
107126
107127
107128
107129
107130
107131
107132
107133
107134
107135
107136
107137
107138
107139
107140
107141
107142
107143
107144
107145
107146
107147
107148
107149
107150
107151
107152
107153
107154
107155
107156
107157
107159
109039
109040
109041
109042
109043
109044
109045
109046
109047
109048
109049
109050
109051
109052
109053
109054
109055
109056
109057
109058
109059
109060
109061
109062
109063
109064
109065
109066
109067
109068
109069
109070
109071
109072
109073
109074
109075
109076
109078
110958
110959
110960
110961
110962
110963
110964
110965
110966
110967
110968
110969
110970
110971
110972
110973
110974
110975
110976
110977
110978
110979
110980
110981
110982
110983
110984
110985
110986
110987
110988
110989
110990
110991
110992
110993
110994
110995
110997
112877
112878
112879
112880
112881
112882
112883
112884
112885
112886
112887
112888
112889
112890
112891
112892
112893
112894
112895
112896
112897
112898
112899
112900
112901
112902
112903
112904
112905
112906
112907
112908
112909
112910
112911
112912
112913
112914
112916
114796
114797
114798
114799
114800
114801
114802
114803
114804
114805
114806
114807
114808
114809
114810
114811
114812
114813
114814
114815
114816
114817
114818
114819
114820
114821
114822
114823
114824
114825
114826
114827
114828
114829
114830
114831
114832
114833
114835
116715
116716
116717
116718
116719
116720
116721
116722
116723
116724
116725
116726
116727
116728
116729
116730
116731
116732
116733
116734
116735
116736
116737
116738
116739
116740
116741
116742
116743
116744
116745
116746
116747
116748
116749
116750
116751
116752
116754
118632
118633
118634
118635
118636
118637
118638
118639
118640
118641
118642
118643
118644
118645
118646
118647
118648
118649
118650
118651
118652
118653
118654
118655
118656
118657
118658
118659
118660
118661
118662
118663
118664
118665
118666
118667
118668
118669
118670
118671
118673
120551
120552
120553
120554
120555
120556
120557
120558
120559
120560
120561
120562
120563
120564
120565
120566
120567
120568
120569
120570
120571
120572
120573
120574
120575
120576
120577
120578
120579
120580
120581
120582
120583
120584
120585
120586
120587
120588
120589
120590
120592
122470
122471
122472
122473
122474
122475
122476
122477
122478
122479
122480
122481
122482
122483
122484
122485
122486
122487
122488
122489
122490
122491
122492
122493
122494
122495
122496
122497
122498
122499
122500
122501
122502
122503
122504
122505
122506
122507
122508
122509
122511
124389
124390
124391
124392
124393
124394
124395
124396
124397
124398
124399
124400
124401
124402
124403
124404
124405
124406
124407
124408
124409
124410
124411
124412
124413
124414
124415
124416
124417
124418
124419
124420
124421
124422
124423
124424
124425
124426
124427
124428
124430
126308
126309
126310
126311
126312
126313
126314
126315
126316
126317
126318
126319
126320
126321
126322
126323
126324
126325
126326
126327
126328
126329
126330
126331
126332
126333
126334
126335
126336
126337
126338
126339
126340
126341
126342
126343
126344
126345
126346
126347
126349
128227
128228
128229
128230
128231
128232
128233
128234
128235
128236
128237
128238
128239
128240
128241
128242
128243
128244
128245
128246
128247
128248
128249
128250
128251
128252
128253
128254
128255
128256
128257
128258
128259
128260
128261
128262
128263
128264
128265
128266
128268
130146
130147
130148
130149
130150
130151
130152
130153
130154
130155
130156
130157
130158
130159
130160
130161
130162
130163
130164
130165
130166
130167
130168
130169
130170
130171
130172
130173
130174
130175
130176
130177
130178
130179
130180
130181
130182
130183
130184
130185
130187
132065
132066
132067
132068
132069
132070
132071
132072
132073
132074
132075
132076
132077
132078
132079
132080
132081
132082
132083
132084
132085
132086
132087
132088
132089
132090
132091
132092
132093
132094
132095
132096
132097
132098
132099
132100
132101
132102
132103
132104
132106
133984
133985
133986
133987
133988
133989
133990
133991
133992
133993
133994
133995
133996
133997
133998
133999
134000
134001
134002
134003
134004
134005
134006
134007
134008
134009
134010
134011
134012
134013
134014
134015
134016
134017
134018
134019
134020
134021
134022
134023
134025
135903
135904
135905
135906
135907
135908
135909
135910
135911
135912
135913
135914
135915
135916
135917
135918
135919
135920
135921
135922
135923
135924
135925
135926
135927
135928
135929
135930
135931
135932
135933
135934
135935
135936
135937
135938
135939
135940
135941
135942
135944
137822
137823
137824
137825
137826
137827
137828
137829
137830
137831
137832
137833
137834
137835
137836
137837
137838
137839
137840
137841
137842
137843
137844
137845
137846
137847
137848
137849
137850
137851
137852
137853
137854
137855
137856
137857
137858
137859
137860
137861
139741
139742
139743
139744
139745
139746
139747
139748
139749
139750
139751
139752
139753
139754
139755
139756
139757
139758
139759
139760
139761
139762
139763
139764
139765
139766
139767
139768
139769
139770
139771
139772
139773
139774
139775
139776
139777
139778
139780
141660
141661
141662
141663
141664
141665
141666
141667
141668
141669
141670
141671
141672
141673
141674
141675
141676
141677
141678
141679
141680
141681
141682
141683
141684
141685
141686
141687
141688
141689
141690
141691
141692
141693
141694
141695
141696
141697
141699
143579
143580
143581
143582
143583
143584
143585
143586
143587
143588
143589
143590
143591
143592
143593
143594
143595
143596
143597
143598
143599
143600
143601
143602
143603
143604
143605
143606
143607
143608
143609
143610
143611
143612
143613
143614
143615
143616
143618
145498
145499
145500
145501
145502
145503
145504
145505
145506
145507
145508
145509
145510
145511
145512
145513
145514
145515
145516
145517
145518
145519
145520
145521
145522
145523
145524
145525
145526
145527
145528
145529
145530
145531
145532
145533
145534
145535
145537
147417
147418
147419
147420
147421
147422
147423
147424
147425
147426
147427
147428
147429
147430
147431
147432
147433
147434
147435
147436
147437
147438
147439
147440
147441
147442
147443
147444
147445
147446
147447
147448
147449
147450
147451
147452
147453
147454
147456
149336
149337
149338
149339
149340
149341
149342
149343
149344
149345
149346
149347
149348
149349
149350
149351
149352
149353
149354
149355
149356
149357
149358
149359
149360
149361
149362
149363
149364
149365
149366
149367
149368
149369
149370
149371
149372
149373
149375
151255
151256
151257
151258
151259
151260
151261
151262
151263
151264
151265
151266
151267
151268
151269
151270
151271
151272
151273
151274
151275
151276
151277
151278
151279
151280
151281
151282
151283
151284
151285
151286
151287
151288
151289
151290
151291
151292
151294
152396
152397
152398
152399
152400
152401
152402
152403
152404
152405
152406
152407
152408
152409
152410
152411
152412
152413
152414
154441
154442
154443
154444
154445
154446
154447
154448
154449
154450
154451
154452
154453
154454
154455
154456
154457
154458
154459
154460
155401
155402
155403
155404
155405
155406
155407
155408
155409
155410
155411
155412
155413
155414
155415
155416
155417
155418
155419
155420
156361
156362
156363
156364
156365
156366
156367
156368
156369
156370
156371
156372
156373
156374
156375
156376
156377
156378
156379
156380
157321
157322
157323
157324
157325
157326
157327
157328
157329
157330
157331
157332
157333
157334
157335
157336
157337
157338
157339
157340
158281
158282
158283
158284
158285
158286
158287
158288
158289
158290
158291
158292
158293
158294
158295
158296
158297
158298
158299
158300
159241
159242
159243
159244
159245
159246
159247
159248
159249
159250
159251
159252
159253
159254
159255
159256
159257
159258
159259
159260
160201
160202
160203
160204
160205
160206
160207
160208
160209
160210
160211
160212
160213
160214
160215
160216
160217
160218
160219
160220
161161
161162
161163
161164
161165
161166
161167
161168
161169
161170
161171
161172
161173
161174
161175
161176
161177
161178
161179
161180
162121
162122
162123
162124
162125
162126
162127
162128
162129
162130
162131
162132
162133
162134
162135
162136
162137
162138
162139
162140
163081
163082
163083
163084
163085
163086
163087
163088
163089
163090
163091
163092
163093
163094
163095
163096
163097
163098
163099
163100
164041
164042
164043
164044
164045
164046
164047
164048
164049
164050
164051
164052
164053
164054
164055
164056
164057
164058
164059
164060
165001
165002
165003
165004
165005
165006
165007
165008
165009
165010
165011
165012
165013
165014
165015
165016
165017
165018
165019
165020
165961
165962
165963
165964
165965
165966
165967
165968
165969
165970
165971
165972
165973
165974
165975
165976
165977
165978
165979
165980
166921
166922
166923
166924
166925
166926
166927
166928
166929
166930
166931
166932
166933
166934
166935
166936
166937
166938
166939
166940
167881
167882
167883
167884
167885
167886
167887
167888
167889
167890
167891
167892
167893
167894
167895
167896
167897
167898
167899
167900
168841
168842
168843
168844
168845
168846
168847
168848
168849
168850
168851
168852
168853
168854
168855
168856
168857
168858
168859
168860
169801
169802
169803
169804
169805
169806
169807
169808
169809
169810
169811
169812
169813
169814
169815
169816
169817
169818
169819
169820
170761
170762
170763
170764
170765
170766
170767
170768
170769
170770
170771
170772
170773
170774
170775
170776
170777
170778
170779
170780
171721
171722
171723
171724
171725
171726
171727
171728
171729
171730
171731
171732
171733
171734
171735
171736
171737
171738
171739
171740
172681
172682
172683
172684
172685
172686
172687
172688
172689
172690
172691
172692
172693
172694
172695
172696
172697
172698
172699
172700
173641
173642
173643
173644
173645
173646
173647
173648
173649
173650
173651
173652
173653
173654
173655
173656
173657
173658
173659
173660
174601
174602
174603
174604
174605
174606
174607
174608
174609
174610
174611
174612
174613
174614
174615
174616
174617
174618
174619
174620
175561
175562
175563
175564
175565
175566
175567
175568
175569
175570
175571
175572
175573
175574
175575
175576
175577
175578
175579
175580
176521
176522
176523
176524
176525
176526
176527
176528
176529
176530
176531
176532
176533
176534
176535
176536
176537
176538
176539
176540
177481
177482
177483
177484
177485
177486
177487
177488
177489
177490
177491
177492
177493
177494
177495
177496
177497
177498
177499
177500
178441
178442
178443
178444
178445
178446
178447
178448
178449
178450
178451
178452
178453
178454
178455
178456
178457
178458
178459
178460
179401
179402
179403
179404
179405
179406
179407
179408
179409
179410
179411
179412
179413
179414
179415
179416
179417
179418
179419
179420
180361
180362
180363
180364
180365
180366
180367
180368
180369
180370
180371
180372
180373
180374
180375
180376
180377
180378
180379
180380
181321
181322
181323
181324
181325
181326
181327
181328
181329
181330
181331
181332
181333
181334
181335
181336
181337
181338
181339
181340
182281
182282
182283
182284
182285
182286
182287
182288
182289
182290
182291
182292
182293
182294
182295
182296
182297
182298
182299
182300
183241
183242
183243
183244
183245
183246
183247
183248
183249
183250
183251
183252
183253
183254
183255
183256
183257
183258
183259
183260
184201
184202
184203
184204
184205
184206
184207
184208
184209
184210
184211
184212
184213
184214
184215
184216
184217
184218
184219
184220
185161
185162
185163
185164
185165
185166
185167
185168
185169
185170
185171
185172
185173
185174
185175
185176
185177
185178
185179
185180
186121
186122
186123
186124
186125
186126
186127
186128
186129
186130
186131
186132
186133
186134
186135
186136
186137
186138
186139
186140
187081
187082
187083
187084
187085
187086
187087
187088
187089
187090
187091
187092
187093
187094
187095
187096
187097
187098
187099
187100
188041
188042
188043
188044
188045
188046
188047
188048
188049
188050
188051
188052
188053
188054
188055
188056
188057
188058
188059
188060
189001
189002
189003
189004
189005
189006
189007
189008
189009
189010
189011
189012
189013
189014
189015
189016
189017
189018
189019
189020
189961
189962
189963
189964
189965
189966
189967
189968
189969
189970
189971
189972
189973
189974
189975
189976
189977
189978
189979
189980
190921
190922
190923
190924
190925
190926
190927
190928
190929
190930
190931
190932
190933
190934
190935
190936
190937
190938
190939
190940
191881
191882
191883
191884
191885
191886
191887
191888
191889
191890
191891
191892
191893
191894
191895
191896
191897
191898
191899
191900
192841
192842
192843
192844
192845
192846
192847
192848
192849
192850
192851
192852
192853
192854
192855
192856
192857
192858
192859
192860
193801
193802
193803
193804
193805
193806
193807
193808
193809
193810
193811
193812
193813
193814
193815
193816
193817
193818
193819
193820
194761
194762
194763
194764
194765
194766
194767
194768
194769
194770
194771
194772
194773
194774
194775
194776
194777
194778
194779
194780
195721
195722
195723
195724
195725
195726
195727
195728
195729
195730
195731
195732
195733
195734
195735
195736
195737
195738
195739
195740
196681
196682
196683
196684
196685
196686
196687
196688
196689
196690
196691
196692
196693
196694
196695
196696
196697
196698
196699
196700
197641
197642
197643
197644
197645
197646
197647
197648
197649
197650
197651
197652
197653
197654
197655
197656
197657
197658
197659
197660
198601
198602
198603
198604
198605
198606
198607
198608
198609
198610
198611
198612
198613
198614
198615
198616
198617
198618
198619
198620
199561
199562
199563
199564
199565
199566
199567
199568
199569
199570
199571
199572
199573
199574
199575
199576
199577
199578
199579
199580
200521
200522
200523
200524
200525
200526
200527
200528
200529
200530
200531
200532
200533
200534
200535
200536
200537
200538
200539
200540
201481
201482
201483
201484
201485
201486
201487
201488
201489
201490
201491
201492
201493
201494
201495
201496
201497
201498
201499
201500
202441
202442
202443
202444
202445
202446
202447
202448
202449
202450
202451
202452
202453
202454
202455
202456
202457
202458
202459
202460
203401
203402
203403
203404
203405
203406
203407
203408
203409
203410
203411
203412
203413
203414
203415
203416
203417
203418
203419
203420
204361
204362
204363
204364
204365
204366
204367
204368
204369
204370
204371
204372
204373
204374
204375
204376
204377
204378
204379
204380
205321
205322
205323
205324
205325
205326
205327
205328
205329
205330
205331
205332
205333
205334
205335
205336
205337
205338
205339
205340
206281
206282
206283
206284
206285
206286
206287
206288
206289
206290
206291
206292
206293
206294
206295
206296
206297
206298
206299
206300
207241
207242
207243
207244
207245
207246
207247
207248
207249
207250
207251
207252
207253
207254
207255
207256
207257
207258
207259
207260
208201
208202
208203
208204
208205
208206
208207
208208
208209
208210
208211
208212
208213
208214
208215
208216
208217
208218
208219
208220
209161
209162
209163
209164
209165
209166
209167
209168
209169
209170
209171
209172
209173
209174
209175
209176
209177
209178
209179
209180
210121
210122
210123
210124
210125
210126
210127
210128
210129
210130
210131
210132
210133
210134
210135
210136
210137
210138
210139
210140
211081
211082
211083
211084
211085
211086
211087
211088
211089
211090
211091
211092
211093
211094
211095
211096
211097
211098
211099
211100
212041
212042
212043
212044
212045
212046
212047
212048
212049
212050
212051
212052
212053
212054
212055
212056
212057
212058
212059
212060
213000
213001
213002
213003
213004
213005
213006
213007
213008
213009
213010
213011
213012
213013
213014
213015
213016
213017
213018
213019
213020
213960
213961
213962
213963
213964
213965
213966
213967
213968
213969
213970
213971
213972
213973
213974
213975
213976
213977
213978
213979
213980
214920
214921
214922
214923
214924
214925
214926
214927
214928
214929
214930
214931
214932
214933
214934
214935
214936
214937
214938
214939
214940
215880
215881
215882
215883
215884
215885
215886
215887
215888
215889
215890
215891
215892
215893
215894
215895
215896
215897
215898
215899
215900
216840
216841
216842
216843
216844
216845
216846
216847
216848
216849
216850
216851
216852
216853
216854
216855
216856
216857
216858
216859
216860
217800
217801
217802
217803
217804
217805
217806
217807
217808
217809
217810
217811
217812
217813
217814
217815
217816
217817
217818
217819
217820
218760
218761
218762
218763
218764
218765
218766
218767
218768
218769
218770
218771
218772
218773
218774
218775
218776
218777
218778
218779
218780
219720
219721
219722
219723
219724
219725
219726
219727
219728
219729
219730
219731
219732
219733
219734
219735
219736
219737
219738
219739
219740
220680
220681
220682
220683
220684
220685
220686
220687
220688
220689
220690
220691
220692
220693
220694
220695
220696
220697
220698
220699
220700
221640
221641
221642
221643
221644
221645
221646
221647
221648
221649
221650
221651
221652
221653
221654
221655
221656
221657
221658
221659
221660
222600
222601
222602
222603
222604
222605
222606
222607
222608
222609
222610
222611
222612
222613
222614
222615
222616
222617
222618
222619
222620
223560
223561
223562
223563
223564
223565
223566
223567
223568
223569
223570
223571
223572
223573
223574
223575
223576
223577
223578
223579
224520
224521
224522
224523
224524
224525
224526
224527
224528
224529
224530
224531
224532
224533
224534
224535
224536
224537
224538
224539
225480
225481
225482
225483
225484
225485
225486
225487
225488
225489
225490
225491
225492
225493
225494
225495
225496
225497
225498
225499
226440
226441
226442
226443
226444
226445
226446
226447
226448
226449
226450
226451
226452
226453
226454
226455
226456
226457
226458
226459
227400
227401
227402
227403
227404
227405
227406
227407
227408
227409
227410
227411
227412
227413
227414
227415
227416
227417
227418
227419
228360
228361
228362
228363
228364
228365
228366
228367
228368
228369
228370
228371
228372
228373
228374
228375
228376
228377
228378
228379
229320
229321
229322
229323
229324
229325
229326
229327
229328
229329
229330
229331
229332
229333
229334
229335
229336
229337
229338
229339
230280
230281
230282
230283
230284
230285
230286
230287
230288
230289
230290
230291
230292
230293
230294
230295
230296
230297
230298
230299
231778
231779
231780
231781
231782
231783
231784
231785
231786
231787
231788
231789
231790
231791
231792
231793
231794
231795
231796
231797
232738
232739
232740
232741
232742
232743
232744
232745
232746
232747
232748
232749
232750
232751
232752
232753
232754
232755
232756
232757
233698
233699
233700
233701
233702
233703
233704
233705
233706
233707
233708
233709
233710
233711
233712
233713
233714
233715
233716
233717
234658
234659
234660
234661
234662
234663
234664
234665
234666
234667
234668
234669
234670
234671
234672
234673
234674
234675
234676
234677
235618
235619
235620
235621
235622
235623
235624
235625
235626
235627
235628
235629
235630
235631
235632
235633
235634
235635
235636
235637
236578
236579
236580
236581
236582
236583
236584
236585
236586
236587
236588
236589
236590
236591
236592
236593
236594
236595
236596
236597
237538
237539
237540
237541
237542
237543
237544
237545
237546
237547
237548
237549
237550
237551
237552
237553
237554
237555
237556
237557
238498
238499
238500
238501
238502
238503
238504
238505
238506
238507
238508
238509
238510
238511
238512
238513
238514
238515
238516
238517
239458
239459
239460
239461
239462
239463
239464
239465
239466
239467
239468
239469
239470
239471
239472
239473
239474
239475
239476
239477
240418
240419
240420
240421
240422
240423
240424
240425
240426
240427
240428
240429
240430
240431
240432
240433
240434
240435
240436
240437
241378
241379
241380
241381
241382
241383
241384
241385
241386
241387
241388
241389
241390
241391
241392
241393
241394
241395
241396
241397
242338
242339
242340
242341
242342
242343
242344
242345
242346
242347
242348
242349
242350
242351
242352
242353
242354
242355
242356
242357
243298
243299
243300
243301
243302
243303
243304
243305
243306
243307
243308
243309
243310
243311
243312
243313
243314
243315
243316
243317
244258
244259
244260
244261
244262
244263
244264
244265
244266
244267
244268
244269
244270
244271
244272
244273
244274
244275
244276
244277
245218
245219
245220
245221
245222
245223
245224
245225
245226
245227
245228
245229
245230
245231
245232
245233
245234
245235
245236
245237
246178
246179
246180
246181
246182
246183
246184
246185
246186
246187
246188
246189
246190
246191
246192
246193
246194
246195
246196
246197
247138
247139
247140
247141
247142
247143
247144
247145
247146
247147
247148
247149
247150
247151
247152
247153
247154
247155
247156
247157
248098
248099
248100
248101
248102
248103
248104
248105
248106
248107
248108
248109
248110
248111
248112
248113
248114
248115
248116
248117
249058
249059
249060
249061
249062
249063
249064
249065
249066
249067
249068
249069
249070
249071
249072
249073
249074
249075
249076
249077
250018
250019
250020
250021
250022
250023
250024
250025
250026
250027
250028
250029
250030
250031
250032
250033
250034
250035
250036
250037
250978
250979
250980
250981
250982
250983
250984
250985
250986
250987
250988
250989
250990
250991
250992
250993
250994
250995
250996
250997
251938
251939
251940
251941
251942
251943
251944
251945
251946
251947
251948
251949
251950
251951
251952
251953
251954
251955
251956
251957
252898
252899
252900
252901
252902
252903
252904
252905
252906
252907
252908
252909
252910
252911
252912
252913
252914
252915
252916
252917
253858
253859
253860
253861
253862
253863
253864
253865
253866
253867
253868
253869
253870
253871
253872
253873
253874
253875
253876
253877
254818
254819
254820
254821
254822
254823
254824
254825
254826
254827
254828
254829
254830
254831
254832
254833
254834
254835
254836
254837
255778
255779
255780
255781
255782
255783
255784
255785
255786
255787
255788
255789
255790
255791
255792
255793
255794
255795
255796
255797
256738
256739
256740
256741
256742
256743
256744
256745
256746
256747
256748
256749
256750
256751
256752
256753
256754
256755
256756
256757
257698
257699
257700
257701
257702
257703
257704
257705
257706
257707
257708
257709
257710
257711
257712
257713
257714
257715
257716
257717
258658
258659
258660
258661
258662
258663
258664
258665
258666
258667
258668
258669
258670
258671
258672
258673
258674
258675
258676
258677
259618
259619
259620
259621
259622
259623
259624
259625
259626
259627
259628
259629
259630
259631
259632
259633
259634
259635
259636
259637
260578
260579
260580
260581
260582
260583
260584
260585
260586
260587
260588
260589
260590
260591
260592
260593
260594
260595
260596
260597
261538
261539
261540
261541
261542
261543
261544
261545
261546
261547
261548
261549
261550
261551
261552
261553
261554
261555
261556
261557
262498
262499
262500
262501
262502
262503
262504
262505
262506
262507
262508
262509
262510
262511
262512
262513
262514
262515
262516
262517
263458
263459
263460
263461
263462
263463
263464
263465
263466
263467
263468
263469
263470
263471
263472
263473
263474
263475
263476
263477
264418
264419
264420
264421
264422
264423
264424
264425
264426
264427
264428
264429
264430
264431
264432
264433
264434
264435
264436
264437
265378
265379
265380
265381
265382
265383
265384
265385
265386
265387
265388
265389
265390
265391
265392
265393
265394
265395
265396
265397
266338
266339
266340
266341
266342
266343
266344
266345
266346
266347
266348
266349
266350
266351
266352
266353
266354
266355
266356
266357
267298
267299
267300
267301
267302
267303
267304
267305
267306
267307
267308
267309
267310
267311
267312
267313
267314
267315
267316
267317
268258
268259
268260
268261
268262
268263
268264
268265
268266
268267
268268
268269
268270
268271
268272
268273
268274
268275
268276
268277
269218
269219
269220
269221
269222
269223
269224
269225
269226
269227
269228
269229
269230
269231
269232
269233
269234
269235
269236
269237
270178
270179
270180
270181
270182
270183
270184
270185
270186
270187
270188
270189
270190
270191
270192
270193
270194
270195
270196
270197
271138
271139
271140
271141
271142
271143
271144
271145
271146
271147
271148
271149
271150
271151
271152
271153
271154
271155
271156
271157
272098
272099
272100
272101
272102
272103
272104
272105
272106
272107
272108
272109
272110
272111
272112
272113
272114
272115
272116
272117
273058
273059
273060
273061
273062
273063
273064
273065
273066
273067
273068
273069
273070
273071
273072
273073
273074
273075
273076
273077
274018
274019
274020
274021
274022
274023
274024
274025
274026
274027
274028
274029
274030
274031
274032
274033
274034
274035
274036
274037
274978
274979
274980
274981
274982
274983
274984
274985
274986
274987
274988
274989
274990
274991
274992
274993
274994
274995
274996
274997
275938
275939
275940
275941
275942
275943
275944
275945
275946
275947
275948
275949
275950
275951
275952
275953
275954
275955
275956
275957
276898
276899
276900
276901
276902
276903
276904
276905
276906
276907
276908
276909
276910
276911
276912
276913
276914
276915
276916
276917
277858
277859
277860
277861
277862
277863
277864
277865
277866
277867
277868
277869
277870
277871
277872
277873
277874
277875
277876
277877
278818
278819
278820
278821
278822
278823
278824
278825
278826
278827
278828
278829
278830
278831
278832
278833
278834
278835
278836
278837
279778
279779
279780
279781
279782
279783
279784
279785
279786
279787
279788
279789
279790
279791
279792
279793
279794
279795
279796
279797
280738
280739
280740
280741
280742
280743
280744
280745
280746
280747
280748
280749
280750
280751
280752
280753
280754
280755
280756
280757
281698
281699
281700
281701
281702
281703
281704
281705
281706
281707
281708
281709
281710
281711
281712
281713
281714
281715
281716
281717
282658
282659
282660
282661
282662
282663
282664
282665
282666
282667
282668
282669
282670
282671
282672
282673
282674
282675
282676
282677
283618
283619
283620
283621
283622
283623
283624
283625
283626
283627
283628
283629
283630
283631
283632
283633
283634
283635
283636
283637
284578
284579
284580
284581
284582
284583
284584
284585
284586
284587
284588
284589
284590
284591
284592
284593
284594
284595
284596
284597
285538
285539
285540
285541
285542
285543
285544
285545
285546
285547
285548
285549
285550
285551
285552
285553
285554
285555
285556
285557
286498
286499
286500
286501
286502
286503
286504
286505
286506
286507
286508
286509
286510
286511
286512
286513
286514
286515
286516
286517
287458
287459
287460
287461
287462
287463
287464
287465
287466
287467
287468
287469
287470
287471
287472
287473
287474
287475
287476
287477
288418
288419
288420
288421
288422
288423
288424
288425
288426
288427
288428
288429
288430
288431
288432
288433
288434
288435
288436
288437
289378
289379
289380
289381
289382
289383
289384
289385
289386
289387
289388
289389
289390
289391
289392
289393
289394
289395
289396
289397
290337
290338
290339
290340
290341
290342
290343
290344
290345
290346
290347
290348
290349
290350
290351
290352
290353
290354
290355
290356
290357
291297
291298
291299
291300
291301
291302
291303
291304
291305
291306
291307
291308
291309
291310
291311
291312
291313
291314
291315
291316
291317
292257
292258
292259
292260
292261
292262
292263
292264
292265
292266
292267
292268
292269
292270
292271
292272
292273
292274
292275
292276
292277
293217
293218
293219
293220
293221
293222
293223
293224
293225
293226
293227
293228
293229
293230
293231
293232
293233
293234
293235
293236
293237
294177
294178
294179
294180
294181
294182
294183
294184
294185
294186
294187
294188
294189
294190
294191
294192
294193
294194
294195
294196
294197
295137
295138
295139
295140
295141
295142
295143
295144
295145
295146
295147
295148
295149
295150
295151
295152
295153
295154
295155
295156
295157
296097
296098
296099
296100
296101
296102
296103
296104
296105
296106
296107
296108
296109
296110
296111
296112
296113
296114
296115
296116
296117
297057
297058
297059
297060
297061
297062
297063
297064
297065
297066
297067
297068
297069
297070
297071
297072
297073
297074
297075
297076
297077
298017
298018
298019
298020
298021
298022
298023
298024
298025
298026
298027
298028
298029
298030
298031
298032
298033
298034
298035
298036
298037
298977
298978
298979
298980
298981
298982
298983
298984
298985
298986
298987
298988
298989
298990
298991
298992
298993
298994
298995
298996
298997
299937
299938
299939
299940
299941
299942
299943
299944
299945
299946
299947
299948
299949
299950
299951
299952
299953
299954
299955
299956
299957
300897
300898
300899
300900
300901
300902
300903
300904
300905
300906
300907
300908
300909
300910
300911
300912
300913
300914
300915
300916
301857
301858
301859
301860
301861
301862
301863
301864
301865
301866
301867
301868
301869
301870
301871
301872
301873
301874
301875
301876
302817
302818
302819
302820
302821
302822
302823
302824
302825
302826
302827
302828
302829
302830
302831
302832
302833
302834
302835
302836
303777
303778
303779
303780
303781
303782
303783
303784
303785
303786
303787
303788
303789
303790
303791
303792
303793
303794
303795
303796
304737
304738
304739
304740
304741
304742
304743
304744
304745
304746
304747
304748
304749
304750
304751
304752
304753
304754
304755
304756
305697
305698
305699
305700
305701
305702
305703
305704
305705
305706
305707
305708
305709
305710
305711
305712
305713
305714
305715
305716
306657
306658
306659
306660
306661
306662
306663
306664
306665
306666
306667
306668
306669
306670
306671
306672
306673
306674
306675
306676
307617
307618
307619
307620
307621
307622
307623
307624
307625
307626
307627
307628
307629
307630
307631
307632
307633
307634
307635
307636
309274
309275
309276
309277
309278
309279
309280
309281
309282
309283
309284
309285
309286
309287
309288
309289
309290
309291
309292
309293
-1558
-3478
-5398
-7318
-9238
-11158
-13078
-14997
-16916
-18835
-20754
-22673
-24592
-26511
-28430
-30349
-32268
-34187
-36106
-38025
-39944
-41863
-43782
-45701
-47620
-49539
-51458
-53377
-55296
-57215
-59134
-61053
-62972
-64891
-66810
-68729
-70648
-72567
-74486
-76406
-78326
-80246
-82166
-84086
-86006
-87926
-89846
-91766
-93685
-95604
-97523
-99442
-101361
-103280
-105199
-107118
-109037
-110956
-112875
-114794
-116713
-116714
-118630
-120549
-122468
-124387
-126306
-128225
-130144
-132063
-133982
-135901
-137820
-139739
-141658
-143577
-145496
-147415
-149334
-151253
-152395
1598
3518
5438
7358
9278
11198
13118
15037
16956
18875
20794
22713
24632
26551
28470
30389
32308
34227
36146
38065
39984
41903
43822
45741
47660
49579
51498
53417
55336
57255
59174
61093
63012
64931
66850
68769
70688
72607
74526
76446
78366
80286
82206
84126
86046
87966
89886
91806
93725
95644
97563
99482
101401
103320
105239
107158
109077
110996
112915
114834
116753
118672
120591
122510
124429
126348
128267
130186
132105
134024
135943
137862
137863
139779
141698
143617
145536
147455
149374
151293
152415
)


// ************************************************************************* //
