/*--------------------------------*- C++ -*----------------------------------*\
| =========                 |                                                 |
| \\      /  F ield         | OpenFOAM: The Open Source CFD Toolbox           |
|  \\    /   O peration     | Version:  2.3.0                                 |
|   \\  /    A nd           | Web:      www.OpenFOAM.org                      |
|    \\/     M anipulation  |                                                 |
\*---------------------------------------------------------------------------*/
FoamFile
{
    version     2.0;
    format      ascii;
    class       faceList;
    location    "constant/polyMesh";
    object      faces;
}
// * * * * * * * * * * * * * * * * * * * * * * * * * * * * * * * * * * * * * //


1650
(
4(1 42 288 247)
4(41 287 288 42)
4(2 43 289 248)
4(42 288 289 43)
4(3 44 290 249)
4(43 289 290 44)
4(4 45 291 250)
4(44 290 291 45)
4(5 46 292 251)
4(45 291 292 46)
4(6 47 293 252)
4(46 292 293 47)
4(7 48 294 253)
4(47 293 294 48)
4(8 49 295 254)
4(48 294 295 49)
4(9 50 296 255)
4(49 295 296 50)
4(10 51 297 256)
4(50 296 297 51)
4(11 52 298 257)
4(51 297 298 52)
4(12 53 299 258)
4(52 298 299 53)
4(13 54 300 259)
4(53 299 300 54)
4(14 55 301 260)
4(54 300 301 55)
4(15 56 302 261)
4(55 301 302 56)
4(16 57 303 262)
4(56 302 303 57)
4(17 58 304 263)
4(57 303 304 58)
4(18 59 305 264)
4(58 304 305 59)
4(19 60 306 265)
4(59 305 306 60)
4(20 61 307 266)
4(60 306 307 61)
4(21 62 308 267)
4(61 307 308 62)
4(22 63 309 268)
4(62 308 309 63)
4(23 64 310 269)
4(63 309 310 64)
4(24 65 311 270)
4(64 310 311 65)
4(25 66 312 271)
4(65 311 312 66)
4(26 67 313 272)
4(66 312 313 67)
4(27 68 314 273)
4(67 313 314 68)
4(28 69 315 274)
4(68 314 315 69)
4(29 70 316 275)
4(69 315 316 70)
4(30 71 317 276)
4(70 316 317 71)
4(31 72 318 277)
4(71 317 318 72)
4(32 73 319 278)
4(72 318 319 73)
4(33 74 320 279)
4(73 319 320 74)
4(34 75 321 280)
4(74 320 321 75)
4(35 76 322 281)
4(75 321 322 76)
4(36 77 323 282)
4(76 322 323 77)
4(37 78 324 283)
4(77 323 324 78)
4(38 79 325 284)
4(78 324 325 79)
4(39 80 326 285)
4(79 325 326 80)
4(80 326 327 81)
4(42 83 329 288)
4(82 328 329 83)
4(43 84 330 289)
4(83 329 330 84)
4(44 85 331 290)
4(84 330 331 85)
4(45 86 332 291)
4(85 331 332 86)
4(46 87 333 292)
4(86 332 333 87)
4(47 88 334 293)
4(87 333 334 88)
4(48 89 335 294)
4(88 334 335 89)
4(49 90 336 295)
4(89 335 336 90)
4(50 91 337 296)
4(90 336 337 91)
4(51 92 338 297)
4(91 337 338 92)
4(52 93 339 298)
4(92 338 339 93)
4(53 94 340 299)
4(93 339 340 94)
4(54 95 341 300)
4(94 340 341 95)
4(55 96 342 301)
4(95 341 342 96)
4(56 97 343 302)
4(96 342 343 97)
4(57 98 344 303)
4(97 343 344 98)
4(58 99 345 304)
4(98 344 345 99)
4(59 100 346 305)
4(99 345 346 100)
4(60 101 347 306)
4(100 346 347 101)
4(61 102 348 307)
4(101 347 348 102)
4(62 103 349 308)
4(102 348 349 103)
4(63 104 350 309)
4(103 349 350 104)
4(64 105 351 310)
4(104 350 351 105)
4(65 106 352 311)
4(105 351 352 106)
4(66 107 353 312)
4(106 352 353 107)
4(67 108 354 313)
4(107 353 354 108)
4(68 109 355 314)
4(108 354 355 109)
4(69 110 356 315)
4(109 355 356 110)
4(70 111 357 316)
4(110 356 357 111)
4(71 112 358 317)
4(111 357 358 112)
4(72 113 359 318)
4(112 358 359 113)
4(73 114 360 319)
4(113 359 360 114)
4(74 115 361 320)
4(114 360 361 115)
4(75 116 362 321)
4(115 361 362 116)
4(76 117 363 322)
4(116 362 363 117)
4(77 118 364 323)
4(117 363 364 118)
4(78 119 365 324)
4(118 364 365 119)
4(79 120 366 325)
4(119 365 366 120)
4(80 121 367 326)
4(120 366 367 121)
4(121 367 368 122)
4(83 124 370 329)
4(123 369 370 124)
4(84 125 371 330)
4(124 370 371 125)
4(85 126 372 331)
4(125 371 372 126)
4(86 127 373 332)
4(126 372 373 127)
4(87 128 374 333)
4(127 373 374 128)
4(88 129 375 334)
4(128 374 375 129)
4(89 130 376 335)
4(129 375 376 130)
4(90 131 377 336)
4(130 376 377 131)
4(91 132 378 337)
4(131 377 378 132)
4(92 133 379 338)
4(132 378 379 133)
4(93 134 380 339)
4(133 379 380 134)
4(94 135 381 340)
4(134 380 381 135)
4(95 136 382 341)
4(135 381 382 136)
4(96 137 383 342)
4(136 382 383 137)
4(97 138 384 343)
4(137 383 384 138)
4(98 139 385 344)
4(138 384 385 139)
4(99 140 386 345)
4(139 385 386 140)
4(100 141 387 346)
4(140 386 387 141)
4(101 142 388 347)
4(141 387 388 142)
4(102 143 389 348)
4(142 388 389 143)
4(103 144 390 349)
4(143 389 390 144)
4(104 145 391 350)
4(144 390 391 145)
4(105 146 392 351)
4(145 391 392 146)
4(106 147 393 352)
4(146 392 393 147)
4(107 148 394 353)
4(147 393 394 148)
4(108 149 395 354)
4(148 394 395 149)
4(109 150 396 355)
4(149 395 396 150)
4(110 151 397 356)
4(150 396 397 151)
4(111 152 398 357)
4(151 397 398 152)
4(112 153 399 358)
4(152 398 399 153)
4(113 154 400 359)
4(153 399 400 154)
4(114 155 401 360)
4(154 400 401 155)
4(115 156 402 361)
4(155 401 402 156)
4(116 157 403 362)
4(156 402 403 157)
4(117 158 404 363)
4(157 403 404 158)
4(118 159 405 364)
4(158 404 405 159)
4(119 160 406 365)
4(159 405 406 160)
4(120 161 407 366)
4(160 406 407 161)
4(121 162 408 367)
4(161 407 408 162)
4(162 408 409 163)
4(124 165 411 370)
4(164 410 411 165)
4(125 166 412 371)
4(165 411 412 166)
4(126 167 413 372)
4(166 412 413 167)
4(127 168 414 373)
4(167 413 414 168)
4(128 169 415 374)
4(168 414 415 169)
4(129 170 416 375)
4(169 415 416 170)
4(130 171 417 376)
4(170 416 417 171)
4(131 172 418 377)
4(171 417 418 172)
4(132 173 419 378)
4(172 418 419 173)
4(133 174 420 379)
4(173 419 420 174)
4(134 175 421 380)
4(174 420 421 175)
4(135 176 422 381)
4(175 421 422 176)
4(136 177 423 382)
4(176 422 423 177)
4(137 178 424 383)
4(177 423 424 178)
4(138 179 425 384)
4(178 424 425 179)
4(139 180 426 385)
4(179 425 426 180)
4(140 181 427 386)
4(180 426 427 181)
4(141 182 428 387)
4(181 427 428 182)
4(142 183 429 388)
4(182 428 429 183)
4(143 184 430 389)
4(183 429 430 184)
4(144 185 431 390)
4(184 430 431 185)
4(145 186 432 391)
4(185 431 432 186)
4(146 187 433 392)
4(186 432 433 187)
4(147 188 434 393)
4(187 433 434 188)
4(148 189 435 394)
4(188 434 435 189)
4(149 190 436 395)
4(189 435 436 190)
4(150 191 437 396)
4(190 436 437 191)
4(151 192 438 397)
4(191 437 438 192)
4(152 193 439 398)
4(192 438 439 193)
4(153 194 440 399)
4(193 439 440 194)
4(154 195 441 400)
4(194 440 441 195)
4(155 196 442 401)
4(195 441 442 196)
4(156 197 443 402)
4(196 442 443 197)
4(157 198 444 403)
4(197 443 444 198)
4(158 199 445 404)
4(198 444 445 199)
4(159 200 446 405)
4(199 445 446 200)
4(160 201 447 406)
4(200 446 447 201)
4(161 202 448 407)
4(201 447 448 202)
4(162 203 449 408)
4(202 448 449 203)
4(203 449 450 204)
4(165 206 452 411)
4(205 451 452 206)
4(166 207 453 412)
4(206 452 453 207)
4(167 208 454 413)
4(207 453 454 208)
4(168 209 455 414)
4(208 454 455 209)
4(169 210 456 415)
4(209 455 456 210)
4(170 211 457 416)
4(210 456 457 211)
4(171 212 458 417)
4(211 457 458 212)
4(172 213 459 418)
4(212 458 459 213)
4(173 214 460 419)
4(213 459 460 214)
4(174 215 461 420)
4(214 460 461 215)
4(175 216 462 421)
4(215 461 462 216)
4(176 217 463 422)
4(216 462 463 217)
4(177 218 464 423)
4(217 463 464 218)
4(178 219 465 424)
4(218 464 465 219)
4(179 220 466 425)
4(219 465 466 220)
4(180 221 467 426)
4(220 466 467 221)
4(181 222 468 427)
4(221 467 468 222)
4(182 223 469 428)
4(222 468 469 223)
4(183 224 470 429)
4(223 469 470 224)
4(184 225 471 430)
4(224 470 471 225)
4(185 226 472 431)
4(225 471 472 226)
4(186 227 473 432)
4(226 472 473 227)
4(187 228 474 433)
4(227 473 474 228)
4(188 229 475 434)
4(228 474 475 229)
4(189 230 476 435)
4(229 475 476 230)
4(190 231 477 436)
4(230 476 477 231)
4(191 232 478 437)
4(231 477 478 232)
4(192 233 479 438)
4(232 478 479 233)
4(193 234 480 439)
4(233 479 480 234)
4(194 235 481 440)
4(234 480 481 235)
4(195 236 482 441)
4(235 481 482 236)
4(196 237 483 442)
4(236 482 483 237)
4(197 238 484 443)
4(237 483 484 238)
4(198 239 485 444)
4(238 484 485 239)
4(199 240 486 445)
4(239 485 486 240)
4(200 241 487 446)
4(240 486 487 241)
4(201 242 488 447)
4(241 487 488 242)
4(202 243 489 448)
4(242 488 489 243)
4(203 244 490 449)
4(243 489 490 244)
4(244 490 491 245)
4(206 493 698 452)
4(492 697 698 493)
4(207 494 699 453)
4(493 698 699 494)
4(208 495 700 454)
4(494 699 700 495)
4(209 496 701 455)
4(495 700 701 496)
4(210 497 702 456)
4(496 701 702 497)
4(211 498 703 457)
4(497 702 703 498)
4(212 499 704 458)
4(498 703 704 499)
4(213 500 705 459)
4(499 704 705 500)
4(214 501 706 460)
4(500 705 706 501)
4(215 502 707 461)
4(501 706 707 502)
4(216 503 708 462)
4(502 707 708 503)
4(217 504 709 463)
4(503 708 709 504)
4(218 505 710 464)
4(504 709 710 505)
4(219 506 711 465)
4(505 710 711 506)
4(220 507 712 466)
4(506 711 712 507)
4(221 508 713 467)
4(507 712 713 508)
4(222 509 714 468)
4(508 713 714 509)
4(223 510 715 469)
4(509 714 715 510)
4(224 511 716 470)
4(510 715 716 511)
4(225 512 717 471)
4(511 716 717 512)
4(226 513 718 472)
4(512 717 718 513)
4(227 514 719 473)
4(513 718 719 514)
4(228 515 720 474)
4(514 719 720 515)
4(229 516 721 475)
4(515 720 721 516)
4(230 517 722 476)
4(516 721 722 517)
4(231 518 723 477)
4(517 722 723 518)
4(232 519 724 478)
4(518 723 724 519)
4(233 520 725 479)
4(519 724 725 520)
4(234 521 726 480)
4(520 725 726 521)
4(235 522 727 481)
4(521 726 727 522)
4(236 523 728 482)
4(522 727 728 523)
4(237 524 729 483)
4(523 728 729 524)
4(238 525 730 484)
4(524 729 730 525)
4(239 526 731 485)
4(525 730 731 526)
4(240 527 732 486)
4(526 731 732 527)
4(241 528 733 487)
4(527 732 733 528)
4(242 529 734 488)
4(528 733 734 529)
4(243 530 735 489)
4(529 734 735 530)
4(244 531 736 490)
4(530 735 736 531)
4(531 736 737 532)
4(493 534 739 698)
4(533 738 739 534)
4(494 535 740 699)
4(534 739 740 535)
4(495 536 741 700)
4(535 740 741 536)
4(496 537 742 701)
4(536 741 742 537)
4(497 538 743 702)
4(537 742 743 538)
4(498 539 744 703)
4(538 743 744 539)
4(499 540 745 704)
4(539 744 745 540)
4(500 541 746 705)
4(540 745 746 541)
4(501 542 747 706)
4(541 746 747 542)
4(502 543 748 707)
4(542 747 748 543)
4(503 544 749 708)
4(543 748 749 544)
4(504 545 750 709)
4(544 749 750 545)
4(505 546 751 710)
4(545 750 751 546)
4(506 547 752 711)
4(546 751 752 547)
4(507 548 753 712)
4(547 752 753 548)
4(508 549 754 713)
4(548 753 754 549)
4(509 550 755 714)
4(549 754 755 550)
4(510 551 756 715)
4(550 755 756 551)
4(511 552 757 716)
4(551 756 757 552)
4(512 553 758 717)
4(552 757 758 553)
4(513 554 759 718)
4(553 758 759 554)
4(514 555 760 719)
4(554 759 760 555)
4(515 556 761 720)
4(555 760 761 556)
4(516 557 762 721)
4(556 761 762 557)
4(517 558 763 722)
4(557 762 763 558)
4(518 559 764 723)
4(558 763 764 559)
4(519 560 765 724)
4(559 764 765 560)
4(520 561 766 725)
4(560 765 766 561)
4(521 562 767 726)
4(561 766 767 562)
4(522 563 768 727)
4(562 767 768 563)
4(523 564 769 728)
4(563 768 769 564)
4(524 565 770 729)
4(564 769 770 565)
4(525 566 771 730)
4(565 770 771 566)
4(526 567 772 731)
4(566 771 772 567)
4(527 568 773 732)
4(567 772 773 568)
4(528 569 774 733)
4(568 773 774 569)
4(529 570 775 734)
4(569 774 775 570)
4(530 571 776 735)
4(570 775 776 571)
4(531 572 777 736)
4(571 776 777 572)
4(572 777 778 573)
4(534 575 780 739)
4(574 779 780 575)
4(535 576 781 740)
4(575 780 781 576)
4(536 577 782 741)
4(576 781 782 577)
4(537 578 783 742)
4(577 782 783 578)
4(538 579 784 743)
4(578 783 784 579)
4(539 580 785 744)
4(579 784 785 580)
4(540 581 786 745)
4(580 785 786 581)
4(541 582 787 746)
4(581 786 787 582)
4(542 583 788 747)
4(582 787 788 583)
4(543 584 789 748)
4(583 788 789 584)
4(544 585 790 749)
4(584 789 790 585)
4(545 586 791 750)
4(585 790 791 586)
4(546 587 792 751)
4(586 791 792 587)
4(547 588 793 752)
4(587 792 793 588)
4(548 589 794 753)
4(588 793 794 589)
4(549 590 795 754)
4(589 794 795 590)
4(550 591 796 755)
4(590 795 796 591)
4(551 592 797 756)
4(591 796 797 592)
4(552 593 798 757)
4(592 797 798 593)
4(553 594 799 758)
4(593 798 799 594)
4(554 595 800 759)
4(594 799 800 595)
4(555 596 801 760)
4(595 800 801 596)
4(556 597 802 761)
4(596 801 802 597)
4(557 598 803 762)
4(597 802 803 598)
4(558 599 804 763)
4(598 803 804 599)
4(559 600 805 764)
4(599 804 805 600)
4(560 601 806 765)
4(600 805 806 601)
4(561 602 807 766)
4(601 806 807 602)
4(562 603 808 767)
4(602 807 808 603)
4(563 604 809 768)
4(603 808 809 604)
4(564 605 810 769)
4(604 809 810 605)
4(565 606 811 770)
4(605 810 811 606)
4(566 607 812 771)
4(606 811 812 607)
4(567 608 813 772)
4(607 812 813 608)
4(568 609 814 773)
4(608 813 814 609)
4(569 610 815 774)
4(609 814 815 610)
4(570 611 816 775)
4(610 815 816 611)
4(571 612 817 776)
4(611 816 817 612)
4(572 613 818 777)
4(612 817 818 613)
4(613 818 819 614)
4(575 616 821 780)
4(615 820 821 616)
4(576 617 822 781)
4(616 821 822 617)
4(577 618 823 782)
4(617 822 823 618)
4(578 619 824 783)
4(618 823 824 619)
4(579 620 825 784)
4(619 824 825 620)
4(580 621 826 785)
4(620 825 826 621)
4(581 622 827 786)
4(621 826 827 622)
4(582 623 828 787)
4(622 827 828 623)
4(583 624 829 788)
4(623 828 829 624)
4(584 625 830 789)
4(624 829 830 625)
4(585 626 831 790)
4(625 830 831 626)
4(586 627 832 791)
4(626 831 832 627)
4(587 628 833 792)
4(627 832 833 628)
4(588 629 834 793)
4(628 833 834 629)
4(589 630 835 794)
4(629 834 835 630)
4(590 631 836 795)
4(630 835 836 631)
4(591 632 837 796)
4(631 836 837 632)
4(592 633 838 797)
4(632 837 838 633)
4(593 634 839 798)
4(633 838 839 634)
4(594 635 840 799)
4(634 839 840 635)
4(595 636 841 800)
4(635 840 841 636)
4(596 637 842 801)
4(636 841 842 637)
4(597 638 843 802)
4(637 842 843 638)
4(598 639 844 803)
4(638 843 844 639)
4(599 640 845 804)
4(639 844 845 640)
4(600 641 846 805)
4(640 845 846 641)
4(601 642 847 806)
4(641 846 847 642)
4(602 643 848 807)
4(642 847 848 643)
4(603 644 849 808)
4(643 848 849 644)
4(604 645 850 809)
4(644 849 850 645)
4(605 646 851 810)
4(645 850 851 646)
4(606 647 852 811)
4(646 851 852 647)
4(607 648 853 812)
4(647 852 853 648)
4(608 649 854 813)
4(648 853 854 649)
4(609 650 855 814)
4(649 854 855 650)
4(610 651 856 815)
4(650 855 856 651)
4(611 652 857 816)
4(651 856 857 652)
4(612 653 858 817)
4(652 857 858 653)
4(613 654 859 818)
4(653 858 859 654)
4(654 859 860 655)
4(616 657 862 821)
4(617 658 863 822)
4(618 659 864 823)
4(619 660 865 824)
4(620 661 866 825)
4(621 662 867 826)
4(622 663 868 827)
4(623 664 869 828)
4(624 665 870 829)
4(625 666 871 830)
4(626 667 872 831)
4(627 668 873 832)
4(628 669 874 833)
4(629 670 875 834)
4(630 671 876 835)
4(631 672 877 836)
4(632 673 878 837)
4(633 674 879 838)
4(634 675 880 839)
4(635 676 881 840)
4(636 677 882 841)
4(637 678 883 842)
4(638 679 884 843)
4(639 680 885 844)
4(640 681 886 845)
4(641 682 887 846)
4(642 683 888 847)
4(643 684 889 848)
4(644 685 890 849)
4(645 686 891 850)
4(646 687 892 851)
4(647 688 893 852)
4(648 689 894 853)
4(649 690 895 854)
4(650 691 896 855)
4(651 692 897 856)
4(652 693 898 857)
4(653 694 899 858)
4(654 695 900 859)
4(0 246 287 41)
4(41 287 328 82)
4(82 328 369 123)
4(123 369 410 164)
4(164 410 451 205)
4(205 451 697 492)
4(492 697 738 533)
4(533 738 779 574)
4(574 779 820 615)
4(615 820 861 656)
4(40 81 327 286)
4(81 122 368 327)
4(122 163 409 368)
4(163 204 450 409)
4(204 245 491 450)
4(245 532 737 491)
4(532 573 778 737)
4(573 614 819 778)
4(614 655 860 819)
4(655 696 901 860)
4(0 1 247 246)
4(1 2 248 247)
4(2 3 249 248)
4(3 4 250 249)
4(4 5 251 250)
4(5 6 252 251)
4(6 7 253 252)
4(7 8 254 253)
4(8 9 255 254)
4(9 10 256 255)
4(10 11 257 256)
4(11 12 258 257)
4(12 13 259 258)
4(13 14 260 259)
4(14 15 261 260)
4(15 16 262 261)
4(16 17 263 262)
4(17 18 264 263)
4(18 19 265 264)
4(19 20 266 265)
4(20 21 267 266)
4(21 22 268 267)
4(22 23 269 268)
4(23 24 270 269)
4(24 25 271 270)
4(25 26 272 271)
4(26 27 273 272)
4(27 28 274 273)
4(28 29 275 274)
4(29 30 276 275)
4(30 31 277 276)
4(31 32 278 277)
4(32 33 279 278)
4(33 34 280 279)
4(34 35 281 280)
4(35 36 282 281)
4(36 37 283 282)
4(37 38 284 283)
4(38 39 285 284)
4(39 40 286 285)
4(656 861 862 657)
4(657 862 863 658)
4(658 863 864 659)
4(659 864 865 660)
4(660 865 866 661)
4(661 866 867 662)
4(662 867 868 663)
4(663 868 869 664)
4(664 869 870 665)
4(665 870 871 666)
4(666 871 872 667)
4(667 872 873 668)
4(668 873 874 669)
4(669 874 875 670)
4(670 875 876 671)
4(671 876 877 672)
4(672 877 878 673)
4(673 878 879 674)
4(674 879 880 675)
4(675 880 881 676)
4(676 881 882 677)
4(677 882 883 678)
4(678 883 884 679)
4(679 884 885 680)
4(680 885 886 681)
4(681 886 887 682)
4(682 887 888 683)
4(683 888 889 684)
4(684 889 890 685)
4(685 890 891 686)
4(686 891 892 687)
4(687 892 893 688)
4(688 893 894 689)
4(689 894 895 690)
4(690 895 896 691)
4(691 896 897 692)
4(692 897 898 693)
4(693 898 899 694)
4(694 899 900 695)
4(695 900 901 696)
4(246 247 288 287)
4(287 288 329 328)
4(328 329 370 369)
4(369 370 411 410)
4(410 411 452 451)
4(247 248 289 288)
4(288 289 330 329)
4(329 330 371 370)
4(370 371 412 411)
4(411 412 453 452)
4(248 249 290 289)
4(289 290 331 330)
4(330 331 372 371)
4(371 372 413 412)
4(412 413 454 453)
4(249 250 291 290)
4(290 291 332 331)
4(331 332 373 372)
4(372 373 414 413)
4(413 414 455 454)
4(250 251 292 291)
4(291 292 333 332)
4(332 333 374 373)
4(373 374 415 414)
4(414 415 456 455)
4(251 252 293 292)
4(292 293 334 333)
4(333 334 375 374)
4(374 375 416 415)
4(415 416 457 456)
4(252 253 294 293)
4(293 294 335 334)
4(334 335 376 375)
4(375 376 417 416)
4(416 417 458 457)
4(253 254 295 294)
4(294 295 336 335)
4(335 336 377 376)
4(376 377 418 417)
4(417 418 459 458)
4(254 255 296 295)
4(295 296 337 336)
4(336 337 378 377)
4(377 378 419 418)
4(418 419 460 459)
4(255 256 297 296)
4(296 297 338 337)
4(337 338 379 378)
4(378 379 420 419)
4(419 420 461 460)
4(256 257 298 297)
4(297 298 339 338)
4(338 339 380 379)
4(379 380 421 420)
4(420 421 462 461)
4(257 258 299 298)
4(298 299 340 339)
4(339 340 381 380)
4(380 381 422 421)
4(421 422 463 462)
4(258 259 300 299)
4(299 300 341 340)
4(340 341 382 381)
4(381 382 423 422)
4(422 423 464 463)
4(259 260 301 300)
4(300 301 342 341)
4(341 342 383 382)
4(382 383 424 423)
4(423 424 465 464)
4(260 261 302 301)
4(301 302 343 342)
4(342 343 384 383)
4(383 384 425 424)
4(424 425 466 465)
4(261 262 303 302)
4(302 303 344 343)
4(343 344 385 384)
4(384 385 426 425)
4(425 426 467 466)
4(262 263 304 303)
4(303 304 345 344)
4(344 345 386 385)
4(385 386 427 426)
4(426 427 468 467)
4(263 264 305 304)
4(304 305 346 345)
4(345 346 387 386)
4(386 387 428 427)
4(427 428 469 468)
4(264 265 306 305)
4(305 306 347 346)
4(346 347 388 387)
4(387 388 429 428)
4(428 429 470 469)
4(265 266 307 306)
4(306 307 348 347)
4(347 348 389 388)
4(388 389 430 429)
4(429 430 471 470)
4(266 267 308 307)
4(307 308 349 348)
4(348 349 390 389)
4(389 390 431 430)
4(430 431 472 471)
4(267 268 309 308)
4(308 309 350 349)
4(349 350 391 390)
4(390 391 432 431)
4(431 432 473 472)
4(268 269 310 309)
4(309 310 351 350)
4(350 351 392 391)
4(391 392 433 432)
4(432 433 474 473)
4(269 270 311 310)
4(310 311 352 351)
4(351 352 393 392)
4(392 393 434 433)
4(433 434 475 474)
4(270 271 312 311)
4(311 312 353 352)
4(352 353 394 393)
4(393 394 435 434)
4(434 435 476 475)
4(271 272 313 312)
4(312 313 354 353)
4(353 354 395 394)
4(394 395 436 435)
4(435 436 477 476)
4(272 273 314 313)
4(313 314 355 354)
4(354 355 396 395)
4(395 396 437 436)
4(436 437 478 477)
4(273 274 315 314)
4(314 315 356 355)
4(355 356 397 396)
4(396 397 438 437)
4(437 438 479 478)
4(274 275 316 315)
4(315 316 357 356)
4(356 357 398 397)
4(397 398 439 438)
4(438 439 480 479)
4(275 276 317 316)
4(316 317 358 357)
4(357 358 399 398)
4(398 399 440 439)
4(439 440 481 480)
4(276 277 318 317)
4(317 318 359 358)
4(358 359 400 399)
4(399 400 441 440)
4(440 441 482 481)
4(277 278 319 318)
4(318 319 360 359)
4(359 360 401 400)
4(400 401 442 441)
4(441 442 483 482)
4(278 279 320 319)
4(319 320 361 360)
4(360 361 402 401)
4(401 402 443 442)
4(442 443 484 483)
4(279 280 321 320)
4(320 321 362 361)
4(361 362 403 402)
4(402 403 444 443)
4(443 444 485 484)
4(280 281 322 321)
4(321 322 363 362)
4(362 363 404 403)
4(403 404 445 444)
4(444 445 486 485)
4(281 282 323 322)
4(322 323 364 363)
4(363 364 405 404)
4(404 405 446 445)
4(445 446 487 486)
4(282 283 324 323)
4(323 324 365 364)
4(364 365 406 405)
4(405 406 447 446)
4(446 447 488 487)
4(283 284 325 324)
4(324 325 366 365)
4(365 366 407 406)
4(406 407 448 447)
4(447 448 489 488)
4(284 285 326 325)
4(325 326 367 366)
4(366 367 408 407)
4(407 408 449 448)
4(448 449 490 489)
4(285 286 327 326)
4(326 327 368 367)
4(367 368 409 408)
4(408 409 450 449)
4(449 450 491 490)
4(451 452 698 697)
4(697 698 739 738)
4(738 739 780 779)
4(779 780 821 820)
4(820 821 862 861)
4(452 453 699 698)
4(698 699 740 739)
4(739 740 781 780)
4(780 781 822 821)
4(821 822 863 862)
4(453 454 700 699)
4(699 700 741 740)
4(740 741 782 781)
4(781 782 823 822)
4(822 823 864 863)
4(454 455 701 700)
4(700 701 742 741)
4(741 742 783 782)
4(782 783 824 823)
4(823 824 865 864)
4(455 456 702 701)
4(701 702 743 742)
4(742 743 784 783)
4(783 784 825 824)
4(824 825 866 865)
4(456 457 703 702)
4(702 703 744 743)
4(743 744 785 784)
4(784 785 826 825)
4(825 826 867 866)
4(457 458 704 703)
4(703 704 745 744)
4(744 745 786 785)
4(785 786 827 826)
4(826 827 868 867)
4(458 459 705 704)
4(704 705 746 745)
4(745 746 787 786)
4(786 787 828 827)
4(827 828 869 868)
4(459 460 706 705)
4(705 706 747 746)
4(746 747 788 787)
4(787 788 829 828)
4(828 829 870 869)
4(460 461 707 706)
4(706 707 748 747)
4(747 748 789 788)
4(788 789 830 829)
4(829 830 871 870)
4(461 462 708 707)
4(707 708 749 748)
4(748 749 790 789)
4(789 790 831 830)
4(830 831 872 871)
4(462 463 709 708)
4(708 709 750 749)
4(749 750 791 790)
4(790 791 832 831)
4(831 832 873 872)
4(463 464 710 709)
4(709 710 751 750)
4(750 751 792 791)
4(791 792 833 832)
4(832 833 874 873)
4(464 465 711 710)
4(710 711 752 751)
4(751 752 793 792)
4(792 793 834 833)
4(833 834 875 874)
4(465 466 712 711)
4(711 712 753 752)
4(752 753 794 793)
4(793 794 835 834)
4(834 835 876 875)
4(466 467 713 712)
4(712 713 754 753)
4(753 754 795 794)
4(794 795 836 835)
4(835 836 877 876)
4(467 468 714 713)
4(713 714 755 754)
4(754 755 796 795)
4(795 796 837 836)
4(836 837 878 877)
4(468 469 715 714)
4(714 715 756 755)
4(755 756 797 796)
4(796 797 838 837)
4(837 838 879 878)
4(469 470 716 715)
4(715 716 757 756)
4(756 757 798 797)
4(797 798 839 838)
4(838 839 880 879)
4(470 471 717 716)
4(716 717 758 757)
4(757 758 799 798)
4(798 799 840 839)
4(839 840 881 880)
4(471 472 718 717)
4(717 718 759 758)
4(758 759 800 799)
4(799 800 841 840)
4(840 841 882 881)
4(472 473 719 718)
4(718 719 760 759)
4(759 760 801 800)
4(800 801 842 841)
4(841 842 883 882)
4(473 474 720 719)
4(719 720 761 760)
4(760 761 802 801)
4(801 802 843 842)
4(842 843 884 883)
4(474 475 721 720)
4(720 721 762 761)
4(761 762 803 802)
4(802 803 844 843)
4(843 844 885 884)
4(475 476 722 721)
4(721 722 763 762)
4(762 763 804 803)
4(803 804 845 844)
4(844 845 886 885)
4(476 477 723 722)
4(722 723 764 763)
4(763 764 805 804)
4(804 805 846 845)
4(845 846 887 886)
4(477 478 724 723)
4(723 724 765 764)
4(764 765 806 805)
4(805 806 847 846)
4(846 847 888 887)
4(478 479 725 724)
4(724 725 766 765)
4(765 766 807 806)
4(806 807 848 847)
4(847 848 889 888)
4(479 480 726 725)
4(725 726 767 766)
4(766 767 808 807)
4(807 808 849 848)
4(848 849 890 889)
4(480 481 727 726)
4(726 727 768 767)
4(767 768 809 808)
4(808 809 850 849)
4(849 850 891 890)
4(481 482 728 727)
4(727 728 769 768)
4(768 769 810 809)
4(809 810 851 850)
4(850 851 892 891)
4(482 483 729 728)
4(728 729 770 769)
4(769 770 811 810)
4(810 811 852 851)
4(851 852 893 892)
4(483 484 730 729)
4(729 730 771 770)
4(770 771 812 811)
4(811 812 853 852)
4(852 853 894 893)
4(484 485 731 730)
4(730 731 772 771)
4(771 772 813 812)
4(812 813 854 853)
4(853 854 895 894)
4(485 486 732 731)
4(731 732 773 772)
4(772 773 814 813)
4(813 814 855 854)
4(854 855 896 895)
4(486 487 733 732)
4(732 733 774 773)
4(773 774 815 814)
4(814 815 856 855)
4(855 856 897 896)
4(487 488 734 733)
4(733 734 775 774)
4(774 775 816 815)
4(815 816 857 856)
4(856 857 898 897)
4(488 489 735 734)
4(734 735 776 775)
4(775 776 817 816)
4(816 817 858 857)
4(857 858 899 898)
4(489 490 736 735)
4(735 736 777 776)
4(776 777 818 817)
4(817 818 859 858)
4(858 859 900 899)
4(490 491 737 736)
4(736 737 778 777)
4(777 778 819 818)
4(818 819 860 859)
4(859 860 901 900)
4(0 41 42 1)
4(41 82 83 42)
4(82 123 124 83)
4(123 164 165 124)
4(164 205 206 165)
4(1 42 43 2)
4(42 83 84 43)
4(83 124 125 84)
4(124 165 166 125)
4(165 206 207 166)
4(2 43 44 3)
4(43 84 85 44)
4(84 125 126 85)
4(125 166 167 126)
4(166 207 208 167)
4(3 44 45 4)
4(44 85 86 45)
4(85 126 127 86)
4(126 167 168 127)
4(167 208 209 168)
4(4 45 46 5)
4(45 86 87 46)
4(86 127 128 87)
4(127 168 169 128)
4(168 209 210 169)
4(5 46 47 6)
4(46 87 88 47)
4(87 128 129 88)
4(128 169 170 129)
4(169 210 211 170)
4(6 47 48 7)
4(47 88 89 48)
4(88 129 130 89)
4(129 170 171 130)
4(170 211 212 171)
4(7 48 49 8)
4(48 89 90 49)
4(89 130 131 90)
4(130 171 172 131)
4(171 212 213 172)
4(8 49 50 9)
4(49 90 91 50)
4(90 131 132 91)
4(131 172 173 132)
4(172 213 214 173)
4(9 50 51 10)
4(50 91 92 51)
4(91 132 133 92)
4(132 173 174 133)
4(173 214 215 174)
4(10 51 52 11)
4(51 92 93 52)
4(92 133 134 93)
4(133 174 175 134)
4(174 215 216 175)
4(11 52 53 12)
4(52 93 94 53)
4(93 134 135 94)
4(134 175 176 135)
4(175 216 217 176)
4(12 53 54 13)
4(53 94 95 54)
4(94 135 136 95)
4(135 176 177 136)
4(176 217 218 177)
4(13 54 55 14)
4(54 95 96 55)
4(95 136 137 96)
4(136 177 178 137)
4(177 218 219 178)
4(14 55 56 15)
4(55 96 97 56)
4(96 137 138 97)
4(137 178 179 138)
4(178 219 220 179)
4(15 56 57 16)
4(56 97 98 57)
4(97 138 139 98)
4(138 179 180 139)
4(179 220 221 180)
4(16 57 58 17)
4(57 98 99 58)
4(98 139 140 99)
4(139 180 181 140)
4(180 221 222 181)
4(17 58 59 18)
4(58 99 100 59)
4(99 140 141 100)
4(140 181 182 141)
4(181 222 223 182)
4(18 59 60 19)
4(59 100 101 60)
4(100 141 142 101)
4(141 182 183 142)
4(182 223 224 183)
4(19 60 61 20)
4(60 101 102 61)
4(101 142 143 102)
4(142 183 184 143)
4(183 224 225 184)
4(20 61 62 21)
4(61 102 103 62)
4(102 143 144 103)
4(143 184 185 144)
4(184 225 226 185)
4(21 62 63 22)
4(62 103 104 63)
4(103 144 145 104)
4(144 185 186 145)
4(185 226 227 186)
4(22 63 64 23)
4(63 104 105 64)
4(104 145 146 105)
4(145 186 187 146)
4(186 227 228 187)
4(23 64 65 24)
4(64 105 106 65)
4(105 146 147 106)
4(146 187 188 147)
4(187 228 229 188)
4(24 65 66 25)
4(65 106 107 66)
4(106 147 148 107)
4(147 188 189 148)
4(188 229 230 189)
4(25 66 67 26)
4(66 107 108 67)
4(107 148 149 108)
4(148 189 190 149)
4(189 230 231 190)
4(26 67 68 27)
4(67 108 109 68)
4(108 149 150 109)
4(149 190 191 150)
4(190 231 232 191)
4(27 68 69 28)
4(68 109 110 69)
4(109 150 151 110)
4(150 191 192 151)
4(191 232 233 192)
4(28 69 70 29)
4(69 110 111 70)
4(110 151 152 111)
4(151 192 193 152)
4(192 233 234 193)
4(29 70 71 30)
4(70 111 112 71)
4(111 152 153 112)
4(152 193 194 153)
4(193 234 235 194)
4(30 71 72 31)
4(71 112 113 72)
4(112 153 154 113)
4(153 194 195 154)
4(194 235 236 195)
4(31 72 73 32)
4(72 113 114 73)
4(113 154 155 114)
4(154 195 196 155)
4(195 236 237 196)
4(32 73 74 33)
4(73 114 115 74)
4(114 155 156 115)
4(155 196 197 156)
4(196 237 238 197)
4(33 74 75 34)
4(74 115 116 75)
4(115 156 157 116)
4(156 197 198 157)
4(197 238 239 198)
4(34 75 76 35)
4(75 116 117 76)
4(116 157 158 117)
4(157 198 199 158)
4(198 239 240 199)
4(35 76 77 36)
4(76 117 118 77)
4(117 158 159 118)
4(158 199 200 159)
4(199 240 241 200)
4(36 77 78 37)
4(77 118 119 78)
4(118 159 160 119)
4(159 200 201 160)
4(200 241 242 201)
4(37 78 79 38)
4(78 119 120 79)
4(119 160 161 120)
4(160 201 202 161)
4(201 242 243 202)
4(38 79 80 39)
4(79 120 121 80)
4(120 161 162 121)
4(161 202 203 162)
4(202 243 244 203)
4(39 80 81 40)
4(80 121 122 81)
4(121 162 163 122)
4(162 203 204 163)
4(203 244 245 204)
4(205 492 493 206)
4(492 533 534 493)
4(533 574 575 534)
4(574 615 616 575)
4(615 656 657 616)
4(206 493 494 207)
4(493 534 535 494)
4(534 575 576 535)
4(575 616 617 576)
4(616 657 658 617)
4(207 494 495 208)
4(494 535 536 495)
4(535 576 577 536)
4(576 617 618 577)
4(617 658 659 618)
4(208 495 496 209)
4(495 536 537 496)
4(536 577 578 537)
4(577 618 619 578)
4(618 659 660 619)
4(209 496 497 210)
4(496 537 538 497)
4(537 578 579 538)
4(578 619 620 579)
4(619 660 661 620)
4(210 497 498 211)
4(497 538 539 498)
4(538 579 580 539)
4(579 620 621 580)
4(620 661 662 621)
4(211 498 499 212)
4(498 539 540 499)
4(539 580 581 540)
4(580 621 622 581)
4(621 662 663 622)
4(212 499 500 213)
4(499 540 541 500)
4(540 581 582 541)
4(581 622 623 582)
4(622 663 664 623)
4(213 500 501 214)
4(500 541 542 501)
4(541 582 583 542)
4(582 623 624 583)
4(623 664 665 624)
4(214 501 502 215)
4(501 542 543 502)
4(542 583 584 543)
4(583 624 625 584)
4(624 665 666 625)
4(215 502 503 216)
4(502 543 544 503)
4(543 584 585 544)
4(584 625 626 585)
4(625 666 667 626)
4(216 503 504 217)
4(503 544 545 504)
4(544 585 586 545)
4(585 626 627 586)
4(626 667 668 627)
4(217 504 505 218)
4(504 545 546 505)
4(545 586 587 546)
4(586 627 628 587)
4(627 668 669 628)
4(218 505 506 219)
4(505 546 547 506)
4(546 587 588 547)
4(587 628 629 588)
4(628 669 670 629)
4(219 506 507 220)
4(506 547 548 507)
4(547 588 589 548)
4(588 629 630 589)
4(629 670 671 630)
4(220 507 508 221)
4(507 548 549 508)
4(548 589 590 549)
4(589 630 631 590)
4(630 671 672 631)
4(221 508 509 222)
4(508 549 550 509)
4(549 590 591 550)
4(590 631 632 591)
4(631 672 673 632)
4(222 509 510 223)
4(509 550 551 510)
4(550 591 592 551)
4(591 632 633 592)
4(632 673 674 633)
4(223 510 511 224)
4(510 551 552 511)
4(551 592 593 552)
4(592 633 634 593)
4(633 674 675 634)
4(224 511 512 225)
4(511 552 553 512)
4(552 593 594 553)
4(593 634 635 594)
4(634 675 676 635)
4(225 512 513 226)
4(512 553 554 513)
4(553 594 595 554)
4(594 635 636 595)
4(635 676 677 636)
4(226 513 514 227)
4(513 554 555 514)
4(554 595 596 555)
4(595 636 637 596)
4(636 677 678 637)
4(227 514 515 228)
4(514 555 556 515)
4(555 596 597 556)
4(596 637 638 597)
4(637 678 679 638)
4(228 515 516 229)
4(515 556 557 516)
4(556 597 598 557)
4(597 638 639 598)
4(638 679 680 639)
4(229 516 517 230)
4(516 557 558 517)
4(557 598 599 558)
4(598 639 640 599)
4(639 680 681 640)
4(230 517 518 231)
4(517 558 559 518)
4(558 599 600 559)
4(599 640 641 600)
4(640 681 682 641)
4(231 518 519 232)
4(518 559 560 519)
4(559 600 601 560)
4(600 641 642 601)
4(641 682 683 642)
4(232 519 520 233)
4(519 560 561 520)
4(560 601 602 561)
4(601 642 643 602)
4(642 683 684 643)
4(233 520 521 234)
4(520 561 562 521)
4(561 602 603 562)
4(602 643 644 603)
4(643 684 685 644)
4(234 521 522 235)
4(521 562 563 522)
4(562 603 604 563)
4(603 644 645 604)
4(644 685 686 645)
4(235 522 523 236)
4(522 563 564 523)
4(563 604 605 564)
4(604 645 646 605)
4(645 686 687 646)
4(236 523 524 237)
4(523 564 565 524)
4(564 605 606 565)
4(605 646 647 606)
4(646 687 688 647)
4(237 524 525 238)
4(524 565 566 525)
4(565 606 607 566)
4(606 647 648 607)
4(647 688 689 648)
4(238 525 526 239)
4(525 566 567 526)
4(566 607 608 567)
4(607 648 649 608)
4(648 689 690 649)
4(239 526 527 240)
4(526 567 568 527)
4(567 608 609 568)
4(608 649 650 609)
4(649 690 691 650)
4(240 527 528 241)
4(527 568 569 528)
4(568 609 610 569)
4(609 650 651 610)
4(650 691 692 651)
4(241 528 529 242)
4(528 569 570 529)
4(569 610 611 570)
4(610 651 652 611)
4(651 692 693 652)
4(242 529 530 243)
4(529 570 571 530)
4(570 611 612 571)
4(611 652 653 612)
4(652 693 694 653)
4(243 530 531 244)
4(530 571 572 531)
4(571 612 613 572)
4(612 653 654 613)
4(653 694 695 654)
4(244 531 532 245)
4(531 572 573 532)
4(572 613 614 573)
4(613 654 655 614)
4(654 695 696 655)
)


// ************************************************************************* //
