/*--------------------------------*- C++ -*----------------------------------*\
| =========                 |                                                 |
| \\      /  F ield         | OpenFOAM: The Open Source CFD Toolbox           |
|  \\    /   O peration     | Version:  2.3.0                                 |
|   \\  /    A nd           | Web:      www.OpenFOAM.org                      |
|    \\/     M anipulation  |                                                 |
\*---------------------------------------------------------------------------*/
FoamFile
{
    version     2.0;
    format      ascii;
    class       labelList;
    note        "nPoints: 902 nCells: 400 nFaces: 1650 nInternalFaces: 750";
    location    "constant/polyMesh";
    object      owner;
}
// * * * * * * * * * * * * * * * * * * * * * * * * * * * * * * * * * * * * * //


1650
(
0
0
1
1
2
2
3
3
4
4
5
5
6
6
7
7
8
8
9
9
10
10
11
11
12
12
13
13
14
14
15
15
16
16
17
17
18
18
19
19
20
20
21
21
22
22
23
23
24
24
25
25
26
26
27
27
28
28
29
29
30
30
31
31
32
32
33
33
34
34
35
35
36
36
37
37
38
38
39
40
40
41
41
42
42
43
43
44
44
45
45
46
46
47
47
48
48
49
49
50
50
51
51
52
52
53
53
54
54
55
55
56
56
57
57
58
58
59
59
60
60
61
61
62
62
63
63
64
64
65
65
66
66
67
67
68
68
69
69
70
70
71
71
72
72
73
73
74
74
75
75
76
76
77
77
78
78
79
80
80
81
81
82
82
83
83
84
84
85
85
86
86
87
87
88
88
89
89
90
90
91
91
92
92
93
93
94
94
95
95
96
96
97
97
98
98
99
99
100
100
101
101
102
102
103
103
104
104
105
105
106
106
107
107
108
108
109
109
110
110
111
111
112
112
113
113
114
114
115
115
116
116
117
117
118
118
119
120
120
121
121
122
122
123
123
124
124
125
125
126
126
127
127
128
128
129
129
130
130
131
131
132
132
133
133
134
134
135
135
136
136
137
137
138
138
139
139
140
140
141
141
142
142
143
143
144
144
145
145
146
146
147
147
148
148
149
149
150
150
151
151
152
152
153
153
154
154
155
155
156
156
157
157
158
158
159
160
160
161
161
162
162
163
163
164
164
165
165
166
166
167
167
168
168
169
169
170
170
171
171
172
172
173
173
174
174
175
175
176
176
177
177
178
178
179
179
180
180
181
181
182
182
183
183
184
184
185
185
186
186
187
187
188
188
189
189
190
190
191
191
192
192
193
193
194
194
195
195
196
196
197
197
198
198
199
200
200
201
201
202
202
203
203
204
204
205
205
206
206
207
207
208
208
209
209
210
210
211
211
212
212
213
213
214
214
215
215
216
216
217
217
218
218
219
219
220
220
221
221
222
222
223
223
224
224
225
225
226
226
227
227
228
228
229
229
230
230
231
231
232
232
233
233
234
234
235
235
236
236
237
237
238
238
239
240
240
241
241
242
242
243
243
244
244
245
245
246
246
247
247
248
248
249
249
250
250
251
251
252
252
253
253
254
254
255
255
256
256
257
257
258
258
259
259
260
260
261
261
262
262
263
263
264
264
265
265
266
266
267
267
268
268
269
269
270
270
271
271
272
272
273
273
274
274
275
275
276
276
277
277
278
278
279
280
280
281
281
282
282
283
283
284
284
285
285
286
286
287
287
288
288
289
289
290
290
291
291
292
292
293
293
294
294
295
295
296
296
297
297
298
298
299
299
300
300
301
301
302
302
303
303
304
304
305
305
306
306
307
307
308
308
309
309
310
310
311
311
312
312
313
313
314
314
315
315
316
316
317
317
318
318
319
320
320
321
321
322
322
323
323
324
324
325
325
326
326
327
327
328
328
329
329
330
330
331
331
332
332
333
333
334
334
335
335
336
336
337
337
338
338
339
339
340
340
341
341
342
342
343
343
344
344
345
345
346
346
347
347
348
348
349
349
350
350
351
351
352
352
353
353
354
354
355
355
356
356
357
357
358
358
359
360
361
362
363
364
365
366
367
368
369
370
371
372
373
374
375
376
377
378
379
380
381
382
383
384
385
386
387
388
389
390
391
392
393
394
395
396
397
398
0
40
80
120
160
200
240
280
320
360
39
79
119
159
199
239
279
319
359
399
0
1
2
3
4
5
6
7
8
9
10
11
12
13
14
15
16
17
18
19
20
21
22
23
24
25
26
27
28
29
30
31
32
33
34
35
36
37
38
39
360
361
362
363
364
365
366
367
368
369
370
371
372
373
374
375
376
377
378
379
380
381
382
383
384
385
386
387
388
389
390
391
392
393
394
395
396
397
398
399
0
40
80
120
160
1
41
81
121
161
2
42
82
122
162
3
43
83
123
163
4
44
84
124
164
5
45
85
125
165
6
46
86
126
166
7
47
87
127
167
8
48
88
128
168
9
49
89
129
169
10
50
90
130
170
11
51
91
131
171
12
52
92
132
172
13
53
93
133
173
14
54
94
134
174
15
55
95
135
175
16
56
96
136
176
17
57
97
137
177
18
58
98
138
178
19
59
99
139
179
20
60
100
140
180
21
61
101
141
181
22
62
102
142
182
23
63
103
143
183
24
64
104
144
184
25
65
105
145
185
26
66
106
146
186
27
67
107
147
187
28
68
108
148
188
29
69
109
149
189
30
70
110
150
190
31
71
111
151
191
32
72
112
152
192
33
73
113
153
193
34
74
114
154
194
35
75
115
155
195
36
76
116
156
196
37
77
117
157
197
38
78
118
158
198
39
79
119
159
199
200
240
280
320
360
201
241
281
321
361
202
242
282
322
362
203
243
283
323
363
204
244
284
324
364
205
245
285
325
365
206
246
286
326
366
207
247
287
327
367
208
248
288
328
368
209
249
289
329
369
210
250
290
330
370
211
251
291
331
371
212
252
292
332
372
213
253
293
333
373
214
254
294
334
374
215
255
295
335
375
216
256
296
336
376
217
257
297
337
377
218
258
298
338
378
219
259
299
339
379
220
260
300
340
380
221
261
301
341
381
222
262
302
342
382
223
263
303
343
383
224
264
304
344
384
225
265
305
345
385
226
266
306
346
386
227
267
307
347
387
228
268
308
348
388
229
269
309
349
389
230
270
310
350
390
231
271
311
351
391
232
272
312
352
392
233
273
313
353
393
234
274
314
354
394
235
275
315
355
395
236
276
316
356
396
237
277
317
357
397
238
278
318
358
398
239
279
319
359
399
0
40
80
120
160
1
41
81
121
161
2
42
82
122
162
3
43
83
123
163
4
44
84
124
164
5
45
85
125
165
6
46
86
126
166
7
47
87
127
167
8
48
88
128
168
9
49
89
129
169
10
50
90
130
170
11
51
91
131
171
12
52
92
132
172
13
53
93
133
173
14
54
94
134
174
15
55
95
135
175
16
56
96
136
176
17
57
97
137
177
18
58
98
138
178
19
59
99
139
179
20
60
100
140
180
21
61
101
141
181
22
62
102
142
182
23
63
103
143
183
24
64
104
144
184
25
65
105
145
185
26
66
106
146
186
27
67
107
147
187
28
68
108
148
188
29
69
109
149
189
30
70
110
150
190
31
71
111
151
191
32
72
112
152
192
33
73
113
153
193
34
74
114
154
194
35
75
115
155
195
36
76
116
156
196
37
77
117
157
197
38
78
118
158
198
39
79
119
159
199
200
240
280
320
360
201
241
281
321
361
202
242
282
322
362
203
243
283
323
363
204
244
284
324
364
205
245
285
325
365
206
246
286
326
366
207
247
287
327
367
208
248
288
328
368
209
249
289
329
369
210
250
290
330
370
211
251
291
331
371
212
252
292
332
372
213
253
293
333
373
214
254
294
334
374
215
255
295
335
375
216
256
296
336
376
217
257
297
337
377
218
258
298
338
378
219
259
299
339
379
220
260
300
340
380
221
261
301
341
381
222
262
302
342
382
223
263
303
343
383
224
264
304
344
384
225
265
305
345
385
226
266
306
346
386
227
267
307
347
387
228
268
308
348
388
229
269
309
349
389
230
270
310
350
390
231
271
311
351
391
232
272
312
352
392
233
273
313
353
393
234
274
314
354
394
235
275
315
355
395
236
276
316
356
396
237
277
317
357
397
238
278
318
358
398
239
279
319
359
399
)


// ************************************************************************* //
