/*--------------------------------*- C++ -*----------------------------------*\
| =========                 |                                                 |
| \\      /  F ield         | OpenFOAM: The Open Source CFD Toolbox           |
|  \\    /   O peration     | Version:  2.3.0                                 |
|   \\  /    A nd           | Web:      www.OpenFOAM.org                      |
|    \\/     M anipulation  |                                                 |
\*---------------------------------------------------------------------------*/
FoamFile
{
    version     2.0;
    format      ascii;
    class       vectorField;
    location    "constant/polyMesh";
    object      points;
}
// * * * * * * * * * * * * * * * * * * * * * * * * * * * * * * * * * * * * * //


902
(
(0 -0.0005 -5e-05)
(0.0001 -0.0005 -5e-05)
(0.0002 -0.0005 -5e-05)
(0.0003 -0.0005 -5e-05)
(0.0004 -0.0005 -5e-05)
(0.0005 -0.0005 -5e-05)
(0.0006 -0.0005 -5e-05)
(0.0007 -0.0005 -5e-05)
(0.0008 -0.0005 -5e-05)
(0.0009 -0.0005 -5e-05)
(0.001 -0.0005 -5e-05)
(0.0011 -0.0005 -5e-05)
(0.0012 -0.0005 -5e-05)
(0.0013 -0.0005 -5e-05)
(0.0014 -0.0005 -5e-05)
(0.0015 -0.0005 -5e-05)
(0.0016 -0.0005 -5e-05)
(0.0017 -0.0005 -5e-05)
(0.0018 -0.0005 -5e-05)
(0.0019 -0.0005 -5e-05)
(0.002 -0.0005 -5e-05)
(0.0021 -0.0005 -5e-05)
(0.0022 -0.0005 -5e-05)
(0.0023 -0.0005 -5e-05)
(0.0024 -0.0005 -5e-05)
(0.0025 -0.0005 -5e-05)
(0.0026 -0.0005 -5e-05)
(0.0027 -0.0005 -5e-05)
(0.0028 -0.0005 -5e-05)
(0.0029 -0.0005 -5e-05)
(0.003 -0.0005 -5e-05)
(0.0031 -0.0005 -5e-05)
(0.0032 -0.0005 -5e-05)
(0.0033 -0.0005 -5e-05)
(0.0034 -0.0005 -5e-05)
(0.0035 -0.0005 -5e-05)
(0.0036 -0.0005 -5e-05)
(0.0037 -0.0005 -5e-05)
(0.0038 -0.0005 -5e-05)
(0.0039 -0.0005 -5e-05)
(0.004 -0.0005 -5e-05)
(0 -0.0004 -5e-05)
(0.0001 -0.0004 -5e-05)
(0.0002 -0.0004 -5e-05)
(0.0003 -0.0004 -5e-05)
(0.0004 -0.0004 -5e-05)
(0.0005 -0.0004 -5e-05)
(0.0006 -0.0004 -5e-05)
(0.0007 -0.0004 -5e-05)
(0.0008 -0.0004 -5e-05)
(0.0009 -0.0004 -5e-05)
(0.001 -0.0004 -5e-05)
(0.0011 -0.0004 -5e-05)
(0.0012 -0.0004 -5e-05)
(0.0013 -0.0004 -5e-05)
(0.0014 -0.0004 -5e-05)
(0.0015 -0.0004 -5e-05)
(0.0016 -0.0004 -5e-05)
(0.0017 -0.0004 -5e-05)
(0.0018 -0.0004 -5e-05)
(0.0019 -0.0004 -5e-05)
(0.002 -0.0004 -5e-05)
(0.0021 -0.0004 -5e-05)
(0.0022 -0.0004 -5e-05)
(0.0023 -0.0004 -5e-05)
(0.0024 -0.0004 -5e-05)
(0.0025 -0.0004 -5e-05)
(0.0026 -0.0004 -5e-05)
(0.0027 -0.0004 -5e-05)
(0.0028 -0.0004 -5e-05)
(0.0029 -0.0004 -5e-05)
(0.003 -0.0004 -5e-05)
(0.0031 -0.0004 -5e-05)
(0.0032 -0.0004 -5e-05)
(0.0033 -0.0004 -5e-05)
(0.0034 -0.0004 -5e-05)
(0.0035 -0.0004 -5e-05)
(0.0036 -0.0004 -5e-05)
(0.0037 -0.0004 -5e-05)
(0.0038 -0.0004 -5e-05)
(0.0039 -0.0004 -5e-05)
(0.004 -0.0004 -5e-05)
(0 -0.0003 -5e-05)
(0.0001 -0.0003 -5e-05)
(0.0002 -0.0003 -5e-05)
(0.0003 -0.0003 -5e-05)
(0.0004 -0.0003 -5e-05)
(0.0005 -0.0003 -5e-05)
(0.0006 -0.0003 -5e-05)
(0.0007 -0.0003 -5e-05)
(0.0008 -0.0003 -5e-05)
(0.0009 -0.0003 -5e-05)
(0.001 -0.0003 -5e-05)
(0.0011 -0.0003 -5e-05)
(0.0012 -0.0003 -5e-05)
(0.0013 -0.0003 -5e-05)
(0.0014 -0.0003 -5e-05)
(0.0015 -0.0003 -5e-05)
(0.0016 -0.0003 -5e-05)
(0.0017 -0.0003 -5e-05)
(0.0018 -0.0003 -5e-05)
(0.0019 -0.0003 -5e-05)
(0.002 -0.0003 -5e-05)
(0.0021 -0.0003 -5e-05)
(0.0022 -0.0003 -5e-05)
(0.0023 -0.0003 -5e-05)
(0.0024 -0.0003 -5e-05)
(0.0025 -0.0003 -5e-05)
(0.0026 -0.0003 -5e-05)
(0.0027 -0.0003 -5e-05)
(0.0028 -0.0003 -5e-05)
(0.0029 -0.0003 -5e-05)
(0.003 -0.0003 -5e-05)
(0.0031 -0.0003 -5e-05)
(0.0032 -0.0003 -5e-05)
(0.0033 -0.0003 -5e-05)
(0.0034 -0.0003 -5e-05)
(0.0035 -0.0003 -5e-05)
(0.0036 -0.0003 -5e-05)
(0.0037 -0.0003 -5e-05)
(0.0038 -0.0003 -5e-05)
(0.0039 -0.0003 -5e-05)
(0.004 -0.0003 -5e-05)
(0 -0.0002 -5e-05)
(0.0001 -0.0002 -5e-05)
(0.0002 -0.0002 -5e-05)
(0.0003 -0.0002 -5e-05)
(0.0004 -0.0002 -5e-05)
(0.0005 -0.0002 -5e-05)
(0.0006 -0.0002 -5e-05)
(0.0007 -0.0002 -5e-05)
(0.0008 -0.0002 -5e-05)
(0.0009 -0.0002 -5e-05)
(0.001 -0.0002 -5e-05)
(0.0011 -0.0002 -5e-05)
(0.0012 -0.0002 -5e-05)
(0.0013 -0.0002 -5e-05)
(0.0014 -0.0002 -5e-05)
(0.0015 -0.0002 -5e-05)
(0.0016 -0.0002 -5e-05)
(0.0017 -0.0002 -5e-05)
(0.0018 -0.0002 -5e-05)
(0.0019 -0.0002 -5e-05)
(0.002 -0.0002 -5e-05)
(0.0021 -0.0002 -5e-05)
(0.0022 -0.0002 -5e-05)
(0.0023 -0.0002 -5e-05)
(0.0024 -0.0002 -5e-05)
(0.0025 -0.0002 -5e-05)
(0.0026 -0.0002 -5e-05)
(0.0027 -0.0002 -5e-05)
(0.0028 -0.0002 -5e-05)
(0.0029 -0.0002 -5e-05)
(0.003 -0.0002 -5e-05)
(0.0031 -0.0002 -5e-05)
(0.0032 -0.0002 -5e-05)
(0.0033 -0.0002 -5e-05)
(0.0034 -0.0002 -5e-05)
(0.0035 -0.0002 -5e-05)
(0.0036 -0.0002 -5e-05)
(0.0037 -0.0002 -5e-05)
(0.0038 -0.0002 -5e-05)
(0.0039 -0.0002 -5e-05)
(0.004 -0.0002 -5e-05)
(0 -0.0001 -5e-05)
(0.0001 -0.0001 -5e-05)
(0.0002 -0.0001 -5e-05)
(0.0003 -0.0001 -5e-05)
(0.0004 -0.0001 -5e-05)
(0.0005 -0.0001 -5e-05)
(0.0006 -0.0001 -5e-05)
(0.0007 -0.0001 -5e-05)
(0.0008 -0.0001 -5e-05)
(0.0009 -0.0001 -5e-05)
(0.001 -0.0001 -5e-05)
(0.0011 -0.0001 -5e-05)
(0.0012 -0.0001 -5e-05)
(0.0013 -0.0001 -5e-05)
(0.0014 -0.0001 -5e-05)
(0.0015 -0.0001 -5e-05)
(0.0016 -0.0001 -5e-05)
(0.0017 -0.0001 -5e-05)
(0.0018 -0.0001 -5e-05)
(0.0019 -0.0001 -5e-05)
(0.002 -0.0001 -5e-05)
(0.0021 -0.0001 -5e-05)
(0.0022 -0.0001 -5e-05)
(0.0023 -0.0001 -5e-05)
(0.0024 -0.0001 -5e-05)
(0.0025 -0.0001 -5e-05)
(0.0026 -0.0001 -5e-05)
(0.0027 -0.0001 -5e-05)
(0.0028 -0.0001 -5e-05)
(0.0029 -0.0001 -5e-05)
(0.003 -0.0001 -5e-05)
(0.0031 -0.0001 -5e-05)
(0.0032 -0.0001 -5e-05)
(0.0033 -0.0001 -5e-05)
(0.0034 -0.0001 -5e-05)
(0.0035 -0.0001 -5e-05)
(0.0036 -0.0001 -5e-05)
(0.0037 -0.0001 -5e-05)
(0.0038 -0.0001 -5e-05)
(0.0039 -0.0001 -5e-05)
(0.004 -0.0001 -5e-05)
(0 0 -5e-05)
(0.0001 0 -5e-05)
(0.0002 0 -5e-05)
(0.0003 0 -5e-05)
(0.0004 0 -5e-05)
(0.0005 0 -5e-05)
(0.0006 0 -5e-05)
(0.0007 0 -5e-05)
(0.0008 0 -5e-05)
(0.0009 0 -5e-05)
(0.001 0 -5e-05)
(0.0011 0 -5e-05)
(0.0012 0 -5e-05)
(0.0013 0 -5e-05)
(0.0014 0 -5e-05)
(0.0015 0 -5e-05)
(0.0016 0 -5e-05)
(0.0017 0 -5e-05)
(0.0018 0 -5e-05)
(0.0019 0 -5e-05)
(0.002 0 -5e-05)
(0.0021 0 -5e-05)
(0.0022 0 -5e-05)
(0.0023 0 -5e-05)
(0.0024 0 -5e-05)
(0.0025 0 -5e-05)
(0.0026 0 -5e-05)
(0.0027 0 -5e-05)
(0.0028 0 -5e-05)
(0.0029 0 -5e-05)
(0.003 0 -5e-05)
(0.0031 0 -5e-05)
(0.0032 0 -5e-05)
(0.0033 0 -5e-05)
(0.0034 0 -5e-05)
(0.0035 0 -5e-05)
(0.0036 0 -5e-05)
(0.0037 0 -5e-05)
(0.0038 0 -5e-05)
(0.0039 0 -5e-05)
(0.004 0 -5e-05)
(0 -0.0005 5e-05)
(0.0001 -0.0005 5e-05)
(0.0002 -0.0005 5e-05)
(0.0003 -0.0005 5e-05)
(0.0004 -0.0005 5e-05)
(0.0005 -0.0005 5e-05)
(0.0006 -0.0005 5e-05)
(0.0007 -0.0005 5e-05)
(0.0008 -0.0005 5e-05)
(0.0009 -0.0005 5e-05)
(0.001 -0.0005 5e-05)
(0.0011 -0.0005 5e-05)
(0.0012 -0.0005 5e-05)
(0.0013 -0.0005 5e-05)
(0.0014 -0.0005 5e-05)
(0.0015 -0.0005 5e-05)
(0.0016 -0.0005 5e-05)
(0.0017 -0.0005 5e-05)
(0.0018 -0.0005 5e-05)
(0.0019 -0.0005 5e-05)
(0.002 -0.0005 5e-05)
(0.0021 -0.0005 5e-05)
(0.0022 -0.0005 5e-05)
(0.0023 -0.0005 5e-05)
(0.0024 -0.0005 5e-05)
(0.0025 -0.0005 5e-05)
(0.0026 -0.0005 5e-05)
(0.0027 -0.0005 5e-05)
(0.0028 -0.0005 5e-05)
(0.0029 -0.0005 5e-05)
(0.003 -0.0005 5e-05)
(0.0031 -0.0005 5e-05)
(0.0032 -0.0005 5e-05)
(0.0033 -0.0005 5e-05)
(0.0034 -0.0005 5e-05)
(0.0035 -0.0005 5e-05)
(0.0036 -0.0005 5e-05)
(0.0037 -0.0005 5e-05)
(0.0038 -0.0005 5e-05)
(0.0039 -0.0005 5e-05)
(0.004 -0.0005 5e-05)
(0 -0.0004 5e-05)
(0.0001 -0.0004 5e-05)
(0.0002 -0.0004 5e-05)
(0.0003 -0.0004 5e-05)
(0.0004 -0.0004 5e-05)
(0.0005 -0.0004 5e-05)
(0.0006 -0.0004 5e-05)
(0.0007 -0.0004 5e-05)
(0.0008 -0.0004 5e-05)
(0.0009 -0.0004 5e-05)
(0.001 -0.0004 5e-05)
(0.0011 -0.0004 5e-05)
(0.0012 -0.0004 5e-05)
(0.0013 -0.0004 5e-05)
(0.0014 -0.0004 5e-05)
(0.0015 -0.0004 5e-05)
(0.0016 -0.0004 5e-05)
(0.0017 -0.0004 5e-05)
(0.0018 -0.0004 5e-05)
(0.0019 -0.0004 5e-05)
(0.002 -0.0004 5e-05)
(0.0021 -0.0004 5e-05)
(0.0022 -0.0004 5e-05)
(0.0023 -0.0004 5e-05)
(0.0024 -0.0004 5e-05)
(0.0025 -0.0004 5e-05)
(0.0026 -0.0004 5e-05)
(0.0027 -0.0004 5e-05)
(0.0028 -0.0004 5e-05)
(0.0029 -0.0004 5e-05)
(0.003 -0.0004 5e-05)
(0.0031 -0.0004 5e-05)
(0.0032 -0.0004 5e-05)
(0.0033 -0.0004 5e-05)
(0.0034 -0.0004 5e-05)
(0.0035 -0.0004 5e-05)
(0.0036 -0.0004 5e-05)
(0.0037 -0.0004 5e-05)
(0.0038 -0.0004 5e-05)
(0.0039 -0.0004 5e-05)
(0.004 -0.0004 5e-05)
(0 -0.0003 5e-05)
(0.0001 -0.0003 5e-05)
(0.0002 -0.0003 5e-05)
(0.0003 -0.0003 5e-05)
(0.0004 -0.0003 5e-05)
(0.0005 -0.0003 5e-05)
(0.0006 -0.0003 5e-05)
(0.0007 -0.0003 5e-05)
(0.0008 -0.0003 5e-05)
(0.0009 -0.0003 5e-05)
(0.001 -0.0003 5e-05)
(0.0011 -0.0003 5e-05)
(0.0012 -0.0003 5e-05)
(0.0013 -0.0003 5e-05)
(0.0014 -0.0003 5e-05)
(0.0015 -0.0003 5e-05)
(0.0016 -0.0003 5e-05)
(0.0017 -0.0003 5e-05)
(0.0018 -0.0003 5e-05)
(0.0019 -0.0003 5e-05)
(0.002 -0.0003 5e-05)
(0.0021 -0.0003 5e-05)
(0.0022 -0.0003 5e-05)
(0.0023 -0.0003 5e-05)
(0.0024 -0.0003 5e-05)
(0.0025 -0.0003 5e-05)
(0.0026 -0.0003 5e-05)
(0.0027 -0.0003 5e-05)
(0.0028 -0.0003 5e-05)
(0.0029 -0.0003 5e-05)
(0.003 -0.0003 5e-05)
(0.0031 -0.0003 5e-05)
(0.0032 -0.0003 5e-05)
(0.0033 -0.0003 5e-05)
(0.0034 -0.0003 5e-05)
(0.0035 -0.0003 5e-05)
(0.0036 -0.0003 5e-05)
(0.0037 -0.0003 5e-05)
(0.0038 -0.0003 5e-05)
(0.0039 -0.0003 5e-05)
(0.004 -0.0003 5e-05)
(0 -0.0002 5e-05)
(0.0001 -0.0002 5e-05)
(0.0002 -0.0002 5e-05)
(0.0003 -0.0002 5e-05)
(0.0004 -0.0002 5e-05)
(0.0005 -0.0002 5e-05)
(0.0006 -0.0002 5e-05)
(0.0007 -0.0002 5e-05)
(0.0008 -0.0002 5e-05)
(0.0009 -0.0002 5e-05)
(0.001 -0.0002 5e-05)
(0.0011 -0.0002 5e-05)
(0.0012 -0.0002 5e-05)
(0.0013 -0.0002 5e-05)
(0.0014 -0.0002 5e-05)
(0.0015 -0.0002 5e-05)
(0.0016 -0.0002 5e-05)
(0.0017 -0.0002 5e-05)
(0.0018 -0.0002 5e-05)
(0.0019 -0.0002 5e-05)
(0.002 -0.0002 5e-05)
(0.0021 -0.0002 5e-05)
(0.0022 -0.0002 5e-05)
(0.0023 -0.0002 5e-05)
(0.0024 -0.0002 5e-05)
(0.0025 -0.0002 5e-05)
(0.0026 -0.0002 5e-05)
(0.0027 -0.0002 5e-05)
(0.0028 -0.0002 5e-05)
(0.0029 -0.0002 5e-05)
(0.003 -0.0002 5e-05)
(0.0031 -0.0002 5e-05)
(0.0032 -0.0002 5e-05)
(0.0033 -0.0002 5e-05)
(0.0034 -0.0002 5e-05)
(0.0035 -0.0002 5e-05)
(0.0036 -0.0002 5e-05)
(0.0037 -0.0002 5e-05)
(0.0038 -0.0002 5e-05)
(0.0039 -0.0002 5e-05)
(0.004 -0.0002 5e-05)
(0 -0.0001 5e-05)
(0.0001 -0.0001 5e-05)
(0.0002 -0.0001 5e-05)
(0.0003 -0.0001 5e-05)
(0.0004 -0.0001 5e-05)
(0.0005 -0.0001 5e-05)
(0.0006 -0.0001 5e-05)
(0.0007 -0.0001 5e-05)
(0.0008 -0.0001 5e-05)
(0.0009 -0.0001 5e-05)
(0.001 -0.0001 5e-05)
(0.0011 -0.0001 5e-05)
(0.0012 -0.0001 5e-05)
(0.0013 -0.0001 5e-05)
(0.0014 -0.0001 5e-05)
(0.0015 -0.0001 5e-05)
(0.0016 -0.0001 5e-05)
(0.0017 -0.0001 5e-05)
(0.0018 -0.0001 5e-05)
(0.0019 -0.0001 5e-05)
(0.002 -0.0001 5e-05)
(0.0021 -0.0001 5e-05)
(0.0022 -0.0001 5e-05)
(0.0023 -0.0001 5e-05)
(0.0024 -0.0001 5e-05)
(0.0025 -0.0001 5e-05)
(0.0026 -0.0001 5e-05)
(0.0027 -0.0001 5e-05)
(0.0028 -0.0001 5e-05)
(0.0029 -0.0001 5e-05)
(0.003 -0.0001 5e-05)
(0.0031 -0.0001 5e-05)
(0.0032 -0.0001 5e-05)
(0.0033 -0.0001 5e-05)
(0.0034 -0.0001 5e-05)
(0.0035 -0.0001 5e-05)
(0.0036 -0.0001 5e-05)
(0.0037 -0.0001 5e-05)
(0.0038 -0.0001 5e-05)
(0.0039 -0.0001 5e-05)
(0.004 -0.0001 5e-05)
(0 0 5e-05)
(0.0001 0 5e-05)
(0.0002 0 5e-05)
(0.0003 0 5e-05)
(0.0004 0 5e-05)
(0.0005 0 5e-05)
(0.0006 0 5e-05)
(0.0007 0 5e-05)
(0.0008 0 5e-05)
(0.0009 0 5e-05)
(0.001 0 5e-05)
(0.0011 0 5e-05)
(0.0012 0 5e-05)
(0.0013 0 5e-05)
(0.0014 0 5e-05)
(0.0015 0 5e-05)
(0.0016 0 5e-05)
(0.0017 0 5e-05)
(0.0018 0 5e-05)
(0.0019 0 5e-05)
(0.002 0 5e-05)
(0.0021 0 5e-05)
(0.0022 0 5e-05)
(0.0023 0 5e-05)
(0.0024 0 5e-05)
(0.0025 0 5e-05)
(0.0026 0 5e-05)
(0.0027 0 5e-05)
(0.0028 0 5e-05)
(0.0029 0 5e-05)
(0.003 0 5e-05)
(0.0031 0 5e-05)
(0.0032 0 5e-05)
(0.0033 0 5e-05)
(0.0034 0 5e-05)
(0.0035 0 5e-05)
(0.0036 0 5e-05)
(0.0037 0 5e-05)
(0.0038 0 5e-05)
(0.0039 0 5e-05)
(0.004 0 5e-05)
(0 0.0001 -5e-05)
(0.0001 0.0001 -5e-05)
(0.0002 0.0001 -5e-05)
(0.0003 0.0001 -5e-05)
(0.0004 0.0001 -5e-05)
(0.0005 0.0001 -5e-05)
(0.0006 0.0001 -5e-05)
(0.0007 0.0001 -5e-05)
(0.0008 0.0001 -5e-05)
(0.0009 0.0001 -5e-05)
(0.001 0.0001 -5e-05)
(0.0011 0.0001 -5e-05)
(0.0012 0.0001 -5e-05)
(0.0013 0.0001 -5e-05)
(0.0014 0.0001 -5e-05)
(0.0015 0.0001 -5e-05)
(0.0016 0.0001 -5e-05)
(0.0017 0.0001 -5e-05)
(0.0018 0.0001 -5e-05)
(0.0019 0.0001 -5e-05)
(0.002 0.0001 -5e-05)
(0.0021 0.0001 -5e-05)
(0.0022 0.0001 -5e-05)
(0.0023 0.0001 -5e-05)
(0.0024 0.0001 -5e-05)
(0.0025 0.0001 -5e-05)
(0.0026 0.0001 -5e-05)
(0.0027 0.0001 -5e-05)
(0.0028 0.0001 -5e-05)
(0.0029 0.0001 -5e-05)
(0.003 0.0001 -5e-05)
(0.0031 0.0001 -5e-05)
(0.0032 0.0001 -5e-05)
(0.0033 0.0001 -5e-05)
(0.0034 0.0001 -5e-05)
(0.0035 0.0001 -5e-05)
(0.0036 0.0001 -5e-05)
(0.0037 0.0001 -5e-05)
(0.0038 0.0001 -5e-05)
(0.0039 0.0001 -5e-05)
(0.004 0.0001 -5e-05)
(0 0.0002 -5e-05)
(0.0001 0.0002 -5e-05)
(0.0002 0.0002 -5e-05)
(0.0003 0.0002 -5e-05)
(0.0004 0.0002 -5e-05)
(0.0005 0.0002 -5e-05)
(0.0006 0.0002 -5e-05)
(0.0007 0.0002 -5e-05)
(0.0008 0.0002 -5e-05)
(0.0009 0.0002 -5e-05)
(0.001 0.0002 -5e-05)
(0.0011 0.0002 -5e-05)
(0.0012 0.0002 -5e-05)
(0.0013 0.0002 -5e-05)
(0.0014 0.0002 -5e-05)
(0.0015 0.0002 -5e-05)
(0.0016 0.0002 -5e-05)
(0.0017 0.0002 -5e-05)
(0.0018 0.0002 -5e-05)
(0.0019 0.0002 -5e-05)
(0.002 0.0002 -5e-05)
(0.0021 0.0002 -5e-05)
(0.0022 0.0002 -5e-05)
(0.0023 0.0002 -5e-05)
(0.0024 0.0002 -5e-05)
(0.0025 0.0002 -5e-05)
(0.0026 0.0002 -5e-05)
(0.0027 0.0002 -5e-05)
(0.0028 0.0002 -5e-05)
(0.0029 0.0002 -5e-05)
(0.003 0.0002 -5e-05)
(0.0031 0.0002 -5e-05)
(0.0032 0.0002 -5e-05)
(0.0033 0.0002 -5e-05)
(0.0034 0.0002 -5e-05)
(0.0035 0.0002 -5e-05)
(0.0036 0.0002 -5e-05)
(0.0037 0.0002 -5e-05)
(0.0038 0.0002 -5e-05)
(0.0039 0.0002 -5e-05)
(0.004 0.0002 -5e-05)
(0 0.0003 -5e-05)
(0.0001 0.0003 -5e-05)
(0.0002 0.0003 -5e-05)
(0.0003 0.0003 -5e-05)
(0.0004 0.0003 -5e-05)
(0.0005 0.0003 -5e-05)
(0.0006 0.0003 -5e-05)
(0.0007 0.0003 -5e-05)
(0.0008 0.0003 -5e-05)
(0.0009 0.0003 -5e-05)
(0.001 0.0003 -5e-05)
(0.0011 0.0003 -5e-05)
(0.0012 0.0003 -5e-05)
(0.0013 0.0003 -5e-05)
(0.0014 0.0003 -5e-05)
(0.0015 0.0003 -5e-05)
(0.0016 0.0003 -5e-05)
(0.0017 0.0003 -5e-05)
(0.0018 0.0003 -5e-05)
(0.0019 0.0003 -5e-05)
(0.002 0.0003 -5e-05)
(0.0021 0.0003 -5e-05)
(0.0022 0.0003 -5e-05)
(0.0023 0.0003 -5e-05)
(0.0024 0.0003 -5e-05)
(0.0025 0.0003 -5e-05)
(0.0026 0.0003 -5e-05)
(0.0027 0.0003 -5e-05)
(0.0028 0.0003 -5e-05)
(0.0029 0.0003 -5e-05)
(0.003 0.0003 -5e-05)
(0.0031 0.0003 -5e-05)
(0.0032 0.0003 -5e-05)
(0.0033 0.0003 -5e-05)
(0.0034 0.0003 -5e-05)
(0.0035 0.0003 -5e-05)
(0.0036 0.0003 -5e-05)
(0.0037 0.0003 -5e-05)
(0.0038 0.0003 -5e-05)
(0.0039 0.0003 -5e-05)
(0.004 0.0003 -5e-05)
(0 0.0004 -5e-05)
(0.0001 0.0004 -5e-05)
(0.0002 0.0004 -5e-05)
(0.0003 0.0004 -5e-05)
(0.0004 0.0004 -5e-05)
(0.0005 0.0004 -5e-05)
(0.0006 0.0004 -5e-05)
(0.0007 0.0004 -5e-05)
(0.0008 0.0004 -5e-05)
(0.0009 0.0004 -5e-05)
(0.001 0.0004 -5e-05)
(0.0011 0.0004 -5e-05)
(0.0012 0.0004 -5e-05)
(0.0013 0.0004 -5e-05)
(0.0014 0.0004 -5e-05)
(0.0015 0.0004 -5e-05)
(0.0016 0.0004 -5e-05)
(0.0017 0.0004 -5e-05)
(0.0018 0.0004 -5e-05)
(0.0019 0.0004 -5e-05)
(0.002 0.0004 -5e-05)
(0.0021 0.0004 -5e-05)
(0.0022 0.0004 -5e-05)
(0.0023 0.0004 -5e-05)
(0.0024 0.0004 -5e-05)
(0.0025 0.0004 -5e-05)
(0.0026 0.0004 -5e-05)
(0.0027 0.0004 -5e-05)
(0.0028 0.0004 -5e-05)
(0.0029 0.0004 -5e-05)
(0.003 0.0004 -5e-05)
(0.0031 0.0004 -5e-05)
(0.0032 0.0004 -5e-05)
(0.0033 0.0004 -5e-05)
(0.0034 0.0004 -5e-05)
(0.0035 0.0004 -5e-05)
(0.0036 0.0004 -5e-05)
(0.0037 0.0004 -5e-05)
(0.0038 0.0004 -5e-05)
(0.0039 0.0004 -5e-05)
(0.004 0.0004 -5e-05)
(0 0.0005 -5e-05)
(0.0001 0.0005 -5e-05)
(0.0002 0.0005 -5e-05)
(0.0003 0.0005 -5e-05)
(0.0004 0.0005 -5e-05)
(0.0005 0.0005 -5e-05)
(0.0006 0.0005 -5e-05)
(0.0007 0.0005 -5e-05)
(0.0008 0.0005 -5e-05)
(0.0009 0.0005 -5e-05)
(0.001 0.0005 -5e-05)
(0.0011 0.0005 -5e-05)
(0.0012 0.0005 -5e-05)
(0.0013 0.0005 -5e-05)
(0.0014 0.0005 -5e-05)
(0.0015 0.0005 -5e-05)
(0.0016 0.0005 -5e-05)
(0.0017 0.0005 -5e-05)
(0.0018 0.0005 -5e-05)
(0.0019 0.0005 -5e-05)
(0.002 0.0005 -5e-05)
(0.0021 0.0005 -5e-05)
(0.0022 0.0005 -5e-05)
(0.0023 0.0005 -5e-05)
(0.0024 0.0005 -5e-05)
(0.0025 0.0005 -5e-05)
(0.0026 0.0005 -5e-05)
(0.0027 0.0005 -5e-05)
(0.0028 0.0005 -5e-05)
(0.0029 0.0005 -5e-05)
(0.003 0.0005 -5e-05)
(0.0031 0.0005 -5e-05)
(0.0032 0.0005 -5e-05)
(0.0033 0.0005 -5e-05)
(0.0034 0.0005 -5e-05)
(0.0035 0.0005 -5e-05)
(0.0036 0.0005 -5e-05)
(0.0037 0.0005 -5e-05)
(0.0038 0.0005 -5e-05)
(0.0039 0.0005 -5e-05)
(0.004 0.0005 -5e-05)
(0 0.0001 5e-05)
(0.0001 0.0001 5e-05)
(0.0002 0.0001 5e-05)
(0.0003 0.0001 5e-05)
(0.0004 0.0001 5e-05)
(0.0005 0.0001 5e-05)
(0.0006 0.0001 5e-05)
(0.0007 0.0001 5e-05)
(0.0008 0.0001 5e-05)
(0.0009 0.0001 5e-05)
(0.001 0.0001 5e-05)
(0.0011 0.0001 5e-05)
(0.0012 0.0001 5e-05)
(0.0013 0.0001 5e-05)
(0.0014 0.0001 5e-05)
(0.0015 0.0001 5e-05)
(0.0016 0.0001 5e-05)
(0.0017 0.0001 5e-05)
(0.0018 0.0001 5e-05)
(0.0019 0.0001 5e-05)
(0.002 0.0001 5e-05)
(0.0021 0.0001 5e-05)
(0.0022 0.0001 5e-05)
(0.0023 0.0001 5e-05)
(0.0024 0.0001 5e-05)
(0.0025 0.0001 5e-05)
(0.0026 0.0001 5e-05)
(0.0027 0.0001 5e-05)
(0.0028 0.0001 5e-05)
(0.0029 0.0001 5e-05)
(0.003 0.0001 5e-05)
(0.0031 0.0001 5e-05)
(0.0032 0.0001 5e-05)
(0.0033 0.0001 5e-05)
(0.0034 0.0001 5e-05)
(0.0035 0.0001 5e-05)
(0.0036 0.0001 5e-05)
(0.0037 0.0001 5e-05)
(0.0038 0.0001 5e-05)
(0.0039 0.0001 5e-05)
(0.004 0.0001 5e-05)
(0 0.0002 5e-05)
(0.0001 0.0002 5e-05)
(0.0002 0.0002 5e-05)
(0.0003 0.0002 5e-05)
(0.0004 0.0002 5e-05)
(0.0005 0.0002 5e-05)
(0.0006 0.0002 5e-05)
(0.0007 0.0002 5e-05)
(0.0008 0.0002 5e-05)
(0.0009 0.0002 5e-05)
(0.001 0.0002 5e-05)
(0.0011 0.0002 5e-05)
(0.0012 0.0002 5e-05)
(0.0013 0.0002 5e-05)
(0.0014 0.0002 5e-05)
(0.0015 0.0002 5e-05)
(0.0016 0.0002 5e-05)
(0.0017 0.0002 5e-05)
(0.0018 0.0002 5e-05)
(0.0019 0.0002 5e-05)
(0.002 0.0002 5e-05)
(0.0021 0.0002 5e-05)
(0.0022 0.0002 5e-05)
(0.0023 0.0002 5e-05)
(0.0024 0.0002 5e-05)
(0.0025 0.0002 5e-05)
(0.0026 0.0002 5e-05)
(0.0027 0.0002 5e-05)
(0.0028 0.0002 5e-05)
(0.0029 0.0002 5e-05)
(0.003 0.0002 5e-05)
(0.0031 0.0002 5e-05)
(0.0032 0.0002 5e-05)
(0.0033 0.0002 5e-05)
(0.0034 0.0002 5e-05)
(0.0035 0.0002 5e-05)
(0.0036 0.0002 5e-05)
(0.0037 0.0002 5e-05)
(0.0038 0.0002 5e-05)
(0.0039 0.0002 5e-05)
(0.004 0.0002 5e-05)
(0 0.0003 5e-05)
(0.0001 0.0003 5e-05)
(0.0002 0.0003 5e-05)
(0.0003 0.0003 5e-05)
(0.0004 0.0003 5e-05)
(0.0005 0.0003 5e-05)
(0.0006 0.0003 5e-05)
(0.0007 0.0003 5e-05)
(0.0008 0.0003 5e-05)
(0.0009 0.0003 5e-05)
(0.001 0.0003 5e-05)
(0.0011 0.0003 5e-05)
(0.0012 0.0003 5e-05)
(0.0013 0.0003 5e-05)
(0.0014 0.0003 5e-05)
(0.0015 0.0003 5e-05)
(0.0016 0.0003 5e-05)
(0.0017 0.0003 5e-05)
(0.0018 0.0003 5e-05)
(0.0019 0.0003 5e-05)
(0.002 0.0003 5e-05)
(0.0021 0.0003 5e-05)
(0.0022 0.0003 5e-05)
(0.0023 0.0003 5e-05)
(0.0024 0.0003 5e-05)
(0.0025 0.0003 5e-05)
(0.0026 0.0003 5e-05)
(0.0027 0.0003 5e-05)
(0.0028 0.0003 5e-05)
(0.0029 0.0003 5e-05)
(0.003 0.0003 5e-05)
(0.0031 0.0003 5e-05)
(0.0032 0.0003 5e-05)
(0.0033 0.0003 5e-05)
(0.0034 0.0003 5e-05)
(0.0035 0.0003 5e-05)
(0.0036 0.0003 5e-05)
(0.0037 0.0003 5e-05)
(0.0038 0.0003 5e-05)
(0.0039 0.0003 5e-05)
(0.004 0.0003 5e-05)
(0 0.0004 5e-05)
(0.0001 0.0004 5e-05)
(0.0002 0.0004 5e-05)
(0.0003 0.0004 5e-05)
(0.0004 0.0004 5e-05)
(0.0005 0.0004 5e-05)
(0.0006 0.0004 5e-05)
(0.0007 0.0004 5e-05)
(0.0008 0.0004 5e-05)
(0.0009 0.0004 5e-05)
(0.001 0.0004 5e-05)
(0.0011 0.0004 5e-05)
(0.0012 0.0004 5e-05)
(0.0013 0.0004 5e-05)
(0.0014 0.0004 5e-05)
(0.0015 0.0004 5e-05)
(0.0016 0.0004 5e-05)
(0.0017 0.0004 5e-05)
(0.0018 0.0004 5e-05)
(0.0019 0.0004 5e-05)
(0.002 0.0004 5e-05)
(0.0021 0.0004 5e-05)
(0.0022 0.0004 5e-05)
(0.0023 0.0004 5e-05)
(0.0024 0.0004 5e-05)
(0.0025 0.0004 5e-05)
(0.0026 0.0004 5e-05)
(0.0027 0.0004 5e-05)
(0.0028 0.0004 5e-05)
(0.0029 0.0004 5e-05)
(0.003 0.0004 5e-05)
(0.0031 0.0004 5e-05)
(0.0032 0.0004 5e-05)
(0.0033 0.0004 5e-05)
(0.0034 0.0004 5e-05)
(0.0035 0.0004 5e-05)
(0.0036 0.0004 5e-05)
(0.0037 0.0004 5e-05)
(0.0038 0.0004 5e-05)
(0.0039 0.0004 5e-05)
(0.004 0.0004 5e-05)
(0 0.0005 5e-05)
(0.0001 0.0005 5e-05)
(0.0002 0.0005 5e-05)
(0.0003 0.0005 5e-05)
(0.0004 0.0005 5e-05)
(0.0005 0.0005 5e-05)
(0.0006 0.0005 5e-05)
(0.0007 0.0005 5e-05)
(0.0008 0.0005 5e-05)
(0.0009 0.0005 5e-05)
(0.001 0.0005 5e-05)
(0.0011 0.0005 5e-05)
(0.0012 0.0005 5e-05)
(0.0013 0.0005 5e-05)
(0.0014 0.0005 5e-05)
(0.0015 0.0005 5e-05)
(0.0016 0.0005 5e-05)
(0.0017 0.0005 5e-05)
(0.0018 0.0005 5e-05)
(0.0019 0.0005 5e-05)
(0.002 0.0005 5e-05)
(0.0021 0.0005 5e-05)
(0.0022 0.0005 5e-05)
(0.0023 0.0005 5e-05)
(0.0024 0.0005 5e-05)
(0.0025 0.0005 5e-05)
(0.0026 0.0005 5e-05)
(0.0027 0.0005 5e-05)
(0.0028 0.0005 5e-05)
(0.0029 0.0005 5e-05)
(0.003 0.0005 5e-05)
(0.0031 0.0005 5e-05)
(0.0032 0.0005 5e-05)
(0.0033 0.0005 5e-05)
(0.0034 0.0005 5e-05)
(0.0035 0.0005 5e-05)
(0.0036 0.0005 5e-05)
(0.0037 0.0005 5e-05)
(0.0038 0.0005 5e-05)
(0.0039 0.0005 5e-05)
(0.004 0.0005 5e-05)
)


// ************************************************************************* //
