/*--------------------------------*- C++ -*----------------------------------*\
| =========                 |                                                 |
| \\      /  F ield         | OpenFOAM: The Open Source CFD Toolbox           |
|  \\    /   O peration     | Version:  2.3.0                                 |
|   \\  /    A nd           | Web:      www.OpenFOAM.org                      |
|    \\/     M anipulation  |                                                 |
\*---------------------------------------------------------------------------*/
FoamFile
{
    version     2.0;
    format      ascii;
    class       labelList;
    location    "constant/polyMesh";
    object      faceProcAddressing;
}
// * * * * * * * * * * * * * * * * * * * * * * * * * * * * * * * * * * * * * //


6529
(
150
151
152
153
154
155
156
157
158
159
160
161
162
163
164
165
166
167
168
169
170
171
172
173
174
175
176
177
178
179
180
181
182
183
184
185
186
187
188
189
191
2070
2071
2072
2073
2074
2075
2076
2077
2078
2079
2080
2081
2082
2083
2084
2085
2086
2087
2088
2089
2090
2091
2092
2093
2094
2095
2096
2097
2098
2099
2100
2101
2102
2103
2104
2105
2106
2107
2108
2109
2111
3990
3991
3992
3993
3994
3995
3996
3997
3998
3999
4000
4001
4002
4003
4004
4005
4006
4007
4008
4009
4010
4011
4012
4013
4014
4015
4016
4017
4018
4019
4020
4021
4022
4023
4024
4025
4026
4027
4028
4029
5910
5911
5912
5913
5914
5915
5916
5917
5918
5919
5920
5921
5922
5923
5924
5925
5926
5927
5928
5929
5930
5931
5932
5933
5934
5935
5936
5937
5938
5939
5940
5941
5942
5943
5944
5945
5946
5947
5949
7830
7831
7832
7833
7834
7835
7836
7837
7838
7839
7840
7841
7842
7843
7844
7845
7846
7847
7848
7849
7850
7851
7852
7853
7854
7855
7856
7857
7858
7859
7860
7861
7862
7863
7864
7865
7866
7867
7869
9750
9751
9752
9753
9754
9755
9756
9757
9758
9759
9760
9761
9762
9763
9764
9765
9766
9767
9768
9769
9770
9771
9772
9773
9774
9775
9776
9777
9778
9779
9780
9781
9782
9783
9784
9785
9786
9787
9789
11670
11671
11672
11673
11674
11675
11676
11677
11678
11679
11680
11681
11682
11683
11684
11685
11686
11687
11688
11689
11690
11691
11692
11693
11694
11695
11696
11697
11698
11699
11700
11701
11702
11703
11704
11705
11706
11707
11709
13589
13590
13591
13592
13593
13594
13595
13596
13597
13598
13599
13600
13601
13602
13603
13604
13605
13606
13607
13608
13609
13610
13611
13612
13613
13614
13615
13616
13617
13618
13619
13620
13621
13622
13623
13624
13625
13626
13628
15508
15509
15510
15511
15512
15513
15514
15515
15516
15517
15518
15519
15520
15521
15522
15523
15524
15525
15526
15527
15528
15529
15530
15531
15532
15533
15534
15535
15536
15537
15538
15539
15540
15541
15542
15543
15544
15545
15547
17427
17428
17429
17430
17431
17432
17433
17434
17435
17436
17437
17438
17439
17440
17441
17442
17443
17444
17445
17446
17447
17448
17449
17450
17451
17452
17453
17454
17455
17456
17457
17458
17459
17460
17461
17462
17463
17464
17466
19346
19347
19348
19349
19350
19351
19352
19353
19354
19355
19356
19357
19358
19359
19360
19361
19362
19363
19364
19365
19366
19367
19368
19369
19370
19371
19372
19373
19374
19375
19376
19377
19378
19379
19380
19381
19382
19383
19385
21265
21266
21267
21268
21269
21270
21271
21272
21273
21274
21275
21276
21277
21278
21279
21280
21281
21282
21283
21284
21285
21286
21287
21288
21289
21290
21291
21292
21293
21294
21295
21296
21297
21298
21299
21300
21301
21302
21304
23184
23185
23186
23187
23188
23189
23190
23191
23192
23193
23194
23195
23196
23197
23198
23199
23200
23201
23202
23203
23204
23205
23206
23207
23208
23209
23210
23211
23212
23213
23214
23215
23216
23217
23218
23219
23220
23221
23223
25103
25104
25105
25106
25107
25108
25109
25110
25111
25112
25113
25114
25115
25116
25117
25118
25119
25120
25121
25122
25123
25124
25125
25126
25127
25128
25129
25130
25131
25132
25133
25134
25135
25136
25137
25138
25139
25140
25142
27022
27023
27024
27025
27026
27027
27028
27029
27030
27031
27032
27033
27034
27035
27036
27037
27038
27039
27040
27041
27042
27043
27044
27045
27046
27047
27048
27049
27050
27051
27052
27053
27054
27055
27056
27057
27058
27059
27061
28941
28942
28943
28944
28945
28946
28947
28948
28949
28950
28951
28952
28953
28954
28955
28956
28957
28958
28959
28960
28961
28962
28963
28964
28965
28966
28967
28968
28969
28970
28971
28972
28973
28974
28975
28976
28977
28978
28980
30860
30861
30862
30863
30864
30865
30866
30867
30868
30869
30870
30871
30872
30873
30874
30875
30876
30877
30878
30879
30880
30881
30882
30883
30884
30885
30886
30887
30888
30889
30890
30891
30892
30893
30894
30895
30896
30897
30899
32779
32780
32781
32782
32783
32784
32785
32786
32787
32788
32789
32790
32791
32792
32793
32794
32795
32796
32797
32798
32799
32800
32801
32802
32803
32804
32805
32806
32807
32808
32809
32810
32811
32812
32813
32814
32815
32816
32818
34698
34699
34700
34701
34702
34703
34704
34705
34706
34707
34708
34709
34710
34711
34712
34713
34714
34715
34716
34717
34718
34719
34720
34721
34722
34723
34724
34725
34726
34727
34728
34729
34730
34731
34732
34733
34734
34735
34737
36617
36618
36619
36620
36621
36622
36623
36624
36625
36626
36627
36628
36629
36630
36631
36632
36633
36634
36635
36636
36637
36638
36639
36640
36641
36642
36643
36644
36645
36646
36647
36648
36649
36650
36651
36652
36653
36654
36656
38536
38537
38538
38539
38540
38541
38542
38543
38544
38545
38546
38547
38548
38549
38550
38551
38552
38553
38554
38555
38556
38557
38558
38559
38560
38561
38562
38563
38564
38565
38566
38567
38568
38569
38570
38571
38572
38573
38575
40455
40456
40457
40458
40459
40460
40461
40462
40463
40464
40465
40466
40467
40468
40469
40470
40471
40472
40473
40474
40475
40476
40477
40478
40479
40480
40481
40482
40483
40484
40485
40486
40487
40488
40489
40490
40491
40492
40494
42374
42375
42376
42377
42378
42379
42380
42381
42382
42383
42384
42385
42386
42387
42388
42389
42390
42391
42392
42393
42394
42395
42396
42397
42398
42399
42400
42401
42402
42403
42404
42405
42406
42407
42408
42409
42410
42411
42413
44293
44294
44295
44296
44297
44298
44299
44300
44301
44302
44303
44304
44305
44306
44307
44308
44309
44310
44311
44312
44313
44314
44315
44316
44317
44318
44319
44320
44321
44322
44323
44324
44325
44326
44327
44328
44329
44330
44332
46212
46213
46214
46215
46216
46217
46218
46219
46220
46221
46222
46223
46224
46225
46226
46227
46228
46229
46230
46231
46232
46233
46234
46235
46236
46237
46238
46239
46240
46241
46242
46243
46244
46245
46246
46247
46248
46249
46251
48131
48132
48133
48134
48135
48136
48137
48138
48139
48140
48141
48142
48143
48144
48145
48146
48147
48148
48149
48150
48151
48152
48153
48154
48155
48156
48157
48158
48159
48160
48161
48162
48163
48164
48165
48166
48167
48168
48170
50050
50051
50052
50053
50054
50055
50056
50057
50058
50059
50060
50061
50062
50063
50064
50065
50066
50067
50068
50069
50070
50071
50072
50073
50074
50075
50076
50077
50078
50079
50080
50081
50082
50083
50084
50085
50086
50087
50089
51969
51970
51971
51972
51973
51974
51975
51976
51977
51978
51979
51980
51981
51982
51983
51984
51985
51986
51987
51988
51989
51990
51991
51992
51993
51994
51995
51996
51997
51998
51999
52000
52001
52002
52003
52004
52005
52006
52008
53888
53889
53890
53891
53892
53893
53894
53895
53896
53897
53898
53899
53900
53901
53902
53903
53904
53905
53906
53907
53908
53909
53910
53911
53912
53913
53914
53915
53916
53917
53918
53919
53920
53921
53922
53923
53924
53925
53927
55807
55808
55809
55810
55811
55812
55813
55814
55815
55816
55817
55818
55819
55820
55821
55822
55823
55824
55825
55826
55827
55828
55829
55830
55831
55832
55833
55834
55835
55836
55837
55838
55839
55840
55841
55842
55843
55844
55846
57726
57727
57728
57729
57730
57731
57732
57733
57734
57735
57736
57737
57738
57739
57740
57741
57742
57743
57744
57745
57746
57747
57748
57749
57750
57751
57752
57753
57754
57755
57756
57757
57758
57759
57760
57761
57762
57763
57765
59645
59646
59647
59648
59649
59650
59651
59652
59653
59654
59655
59656
59657
59658
59659
59660
59661
59662
59663
59664
59665
59666
59667
59668
59669
59670
59671
59672
59673
59674
59675
59676
59677
59678
59679
59680
59681
59682
59684
61564
61565
61566
61567
61568
61569
61570
61571
61572
61573
61574
61575
61576
61577
61578
61579
61580
61581
61582
61583
61584
61585
61586
61587
61588
61589
61590
61591
61592
61593
61594
61595
61596
61597
61598
61599
61600
61601
61603
63483
63484
63485
63486
63487
63488
63489
63490
63491
63492
63493
63494
63495
63496
63497
63498
63499
63500
63501
63502
63503
63504
63505
63506
63507
63508
63509
63510
63511
63512
63513
63514
63515
63516
63517
63518
63519
63520
63522
65402
65403
65404
65405
65406
65407
65408
65409
65410
65411
65412
65413
65414
65415
65416
65417
65418
65419
65420
65421
65422
65423
65424
65425
65426
65427
65428
65429
65430
65431
65432
65433
65434
65435
65436
65437
65438
65439
65441
67321
67322
67323
67324
67325
67326
67327
67328
67329
67330
67331
67332
67333
67334
67335
67336
67337
67338
67339
67340
67341
67342
67343
67344
67345
67346
67347
67348
67349
67350
67351
67352
67353
67354
67355
67356
67357
67358
67360
69240
69241
69242
69243
69244
69245
69246
69247
69248
69249
69250
69251
69252
69253
69254
69255
69256
69257
69258
69259
69260
69261
69262
69263
69264
69265
69266
69267
69268
69269
69270
69271
69272
69273
69274
69275
69276
69277
69279
71159
71160
71161
71162
71163
71164
71165
71166
71167
71168
71169
71170
71171
71172
71173
71174
71175
71176
71177
71178
71179
71180
71181
71182
71183
71184
71185
71186
71187
71188
71189
71190
71191
71192
71193
71194
71195
71196
71198
73078
73079
73080
73081
73082
73083
73084
73085
73086
73087
73088
73089
73090
73091
73092
73093
73094
73095
73096
73097
73098
73099
73100
73101
73102
73103
73104
73105
73106
73107
73108
73109
73110
73111
73112
73113
73114
73115
73117
74998
74999
75000
75001
75002
75003
75004
75005
75006
75007
75008
75009
75010
75011
75012
75013
75014
75015
75016
75017
75018
75019
75020
75021
75022
75023
75024
75025
75026
75027
75028
75029
75030
75031
75032
75033
75034
75035
75037
76918
76919
76920
76921
76922
76923
76924
76925
76926
76927
76928
76929
76930
76931
76932
76933
76934
76935
76936
76937
76938
76939
76940
76941
76942
76943
76944
76945
76946
76947
76948
76949
76950
76951
76952
76953
76954
76955
76957
78838
78839
78840
78841
78842
78843
78844
78845
78846
78847
78848
78849
78850
78851
78852
78853
78854
78855
78856
78857
78858
78859
78860
78861
78862
78863
78864
78865
78866
78867
78868
78869
78870
78871
78872
78873
78874
78875
78877
80758
80759
80760
80761
80762
80763
80764
80765
80766
80767
80768
80769
80770
80771
80772
80773
80774
80775
80776
80777
80778
80779
80780
80781
80782
80783
80784
80785
80786
80787
80788
80789
80790
80791
80792
80793
80794
80795
80797
82678
82679
82680
82681
82682
82683
82684
82685
82686
82687
82688
82689
82690
82691
82692
82693
82694
82695
82696
82697
82698
82699
82700
82701
82702
82703
82704
82705
82706
82707
82708
82709
82710
82711
82712
82713
82714
82715
82717
84598
84599
84600
84601
84602
84603
84604
84605
84606
84607
84608
84609
84610
84611
84612
84613
84614
84615
84616
84617
84618
84619
84620
84621
84622
84623
84624
84625
84626
84627
84628
84629
84630
84631
84632
84633
84634
84635
84637
86518
86519
86520
86521
86522
86523
86524
86525
86526
86527
86528
86529
86530
86531
86532
86533
86534
86535
86536
86537
86538
86539
86540
86541
86542
86543
86544
86545
86546
86547
86548
86549
86550
86551
86552
86553
86554
86555
86557
88438
88439
88440
88441
88442
88443
88444
88445
88446
88447
88448
88449
88450
88451
88452
88453
88454
88455
88456
88457
88458
88459
88460
88461
88462
88463
88464
88465
88466
88467
88468
88469
88470
88471
88472
88473
88474
88475
88477
90358
90359
90360
90361
90362
90363
90364
90365
90366
90367
90368
90369
90370
90371
90372
90373
90374
90375
90376
90377
90378
90379
90380
90381
90382
90383
90384
90385
90386
90387
90388
90389
90390
90391
90392
90393
90394
90395
90397
92277
92278
92279
92280
92281
92282
92283
92284
92285
92286
92287
92288
92289
92290
92291
92292
92293
92294
92295
92296
92297
92298
92299
92300
92301
92302
92303
92304
92305
92306
92307
92308
92309
92310
92311
92312
92313
92314
92316
94196
94197
94198
94199
94200
94201
94202
94203
94204
94205
94206
94207
94208
94209
94210
94211
94212
94213
94214
94215
94216
94217
94218
94219
94220
94221
94222
94223
94224
94225
94226
94227
94228
94229
94230
94231
94232
94233
94235
96115
96116
96117
96118
96119
96120
96121
96122
96123
96124
96125
96126
96127
96128
96129
96130
96131
96132
96133
96134
96135
96136
96137
96138
96139
96140
96141
96142
96143
96144
96145
96146
96147
96148
96149
96150
96151
96152
96154
98034
98035
98036
98037
98038
98039
98040
98041
98042
98043
98044
98045
98046
98047
98048
98049
98050
98051
98052
98053
98054
98055
98056
98057
98058
98059
98060
98061
98062
98063
98064
98065
98066
98067
98068
98069
98070
98071
98073
99953
99954
99955
99956
99957
99958
99959
99960
99961
99962
99963
99964
99965
99966
99967
99968
99969
99970
99971
99972
99973
99974
99975
99976
99977
99978
99979
99980
99981
99982
99983
99984
99985
99986
99987
99988
99989
99990
99992
101872
101873
101874
101875
101876
101877
101878
101879
101880
101881
101882
101883
101884
101885
101886
101887
101888
101889
101890
101891
101892
101893
101894
101895
101896
101897
101898
101899
101900
101901
101902
101903
101904
101905
101906
101907
101908
101909
101911
103791
103792
103793
103794
103795
103796
103797
103798
103799
103800
103801
103802
103803
103804
103805
103806
103807
103808
103809
103810
103811
103812
103813
103814
103815
103816
103817
103818
103819
103820
103821
103822
103823
103824
103825
103826
103827
103828
103830
105710
105711
105712
105713
105714
105715
105716
105717
105718
105719
105720
105721
105722
105723
105724
105725
105726
105727
105728
105729
105730
105731
105732
105733
105734
105735
105736
105737
105738
105739
105740
105741
105742
105743
105744
105745
105746
105747
105749
107629
107630
107631
107632
107633
107634
107635
107636
107637
107638
107639
107640
107641
107642
107643
107644
107645
107646
107647
107648
107649
107650
107651
107652
107653
107654
107655
107656
107657
107658
107659
107660
107661
107662
107663
107664
107665
107666
107668
109548
109549
109550
109551
109552
109553
109554
109555
109556
109557
109558
109559
109560
109561
109562
109563
109564
109565
109566
109567
109568
109569
109570
109571
109572
109573
109574
109575
109576
109577
109578
109579
109580
109581
109582
109583
109584
109585
109587
111467
111468
111469
111470
111471
111472
111473
111474
111475
111476
111477
111478
111479
111480
111481
111482
111483
111484
111485
111486
111487
111488
111489
111490
111491
111492
111493
111494
111495
111496
111497
111498
111499
111500
111501
111502
111503
111504
111506
113386
113387
113388
113389
113390
113391
113392
113393
113394
113395
113396
113397
113398
113399
113400
113401
113402
113403
113404
113405
113406
113407
113408
113409
113410
113411
113412
113413
113414
113415
113416
113417
113418
113419
113420
113421
113422
113423
113425
115305
115306
115307
115308
115309
115310
115311
115312
115313
115314
115315
115316
115317
115318
115319
115320
115321
115322
115323
115324
115325
115326
115327
115328
115329
115330
115331
115332
115333
115334
115335
115336
115337
115338
115339
115340
115341
115342
115344
117224
117225
117226
117227
117228
117229
117230
117231
117232
117233
117234
117235
117236
117237
117238
117239
117240
117241
117242
117243
117244
117245
117246
117247
117248
117249
117250
117251
117252
117253
117254
117255
117256
117257
117258
117259
117260
117261
117263
119143
119144
119145
119146
119147
119148
119149
119150
119151
119152
119153
119154
119155
119156
119157
119158
119159
119160
119161
119162
119163
119164
119165
119166
119167
119168
119169
119170
119171
119172
119173
119174
119175
119176
119177
119178
119179
119180
119182
121062
121063
121064
121065
121066
121067
121068
121069
121070
121071
121072
121073
121074
121075
121076
121077
121078
121079
121080
121081
121082
121083
121084
121085
121086
121087
121088
121089
121090
121091
121092
121093
121094
121095
121096
121097
121098
121099
121101
122981
122982
122983
122984
122985
122986
122987
122988
122989
122990
122991
122992
122993
122994
122995
122996
122997
122998
122999
123000
123001
123002
123003
123004
123005
123006
123007
123008
123009
123010
123011
123012
123013
123014
123015
123016
123017
123018
123020
124900
124901
124902
124903
124904
124905
124906
124907
124908
124909
124910
124911
124912
124913
124914
124915
124916
124917
124918
124919
124920
124921
124922
124923
124924
124925
124926
124927
124928
124929
124930
124931
124932
124933
124934
124935
124936
124937
124939
126819
126820
126821
126822
126823
126824
126825
126826
126827
126828
126829
126830
126831
126832
126833
126834
126835
126836
126837
126838
126839
126840
126841
126842
126843
126844
126845
126846
126847
126848
126849
126850
126851
126852
126853
126854
126855
126856
126858
128738
128739
128740
128741
128742
128743
128744
128745
128746
128747
128748
128749
128750
128751
128752
128753
128754
128755
128756
128757
128758
128759
128760
128761
128762
128763
128764
128765
128766
128767
128768
128769
128770
128771
128772
128773
128774
128775
128777
130657
130658
130659
130660
130661
130662
130663
130664
130665
130666
130667
130668
130669
130670
130671
130672
130673
130674
130675
130676
130677
130678
130679
130680
130681
130682
130683
130684
130685
130686
130687
130688
130689
130690
130691
130692
130693
130694
130696
132576
132577
132578
132579
132580
132581
132582
132583
132584
132585
132586
132587
132588
132589
132590
132591
132592
132593
132594
132595
132596
132597
132598
132599
132600
132601
132602
132603
132604
132605
132606
132607
132608
132609
132610
132611
132612
132613
132615
134495
134496
134497
134498
134499
134500
134501
134502
134503
134504
134505
134506
134507
134508
134509
134510
134511
134512
134513
134514
134515
134516
134517
134518
134519
134520
134521
134522
134523
134524
134525
134526
134527
134528
134529
134530
134531
134532
134534
136412
136413
136414
136415
136416
136417
136418
136419
136420
136421
136422
136423
136424
136425
136426
136427
136428
136429
136430
136431
136432
136433
136434
136435
136436
136437
136438
136439
136440
136441
136442
136443
136444
136445
136446
136447
136448
136449
136450
136451
136453
138331
138332
138333
138334
138335
138336
138337
138338
138339
138340
138341
138342
138343
138344
138345
138346
138347
138348
138349
138350
138351
138352
138353
138354
138355
138356
138357
138358
138359
138360
138361
138362
138363
138364
138365
138366
138367
138368
138369
138370
138372
140250
140251
140252
140253
140254
140255
140256
140257
140258
140259
140260
140261
140262
140263
140264
140265
140266
140267
140268
140269
140270
140271
140272
140273
140274
140275
140276
140277
140278
140279
140280
140281
140282
140283
140284
140285
140286
140287
140288
140289
140291
142169
142170
142171
142172
142173
142174
142175
142176
142177
142178
142179
142180
142181
142182
142183
142184
142185
142186
142187
142188
142189
142190
142191
142192
142193
142194
142195
142196
142197
142198
142199
142200
142201
142202
142203
142204
142205
142206
142207
142208
142210
144088
144089
144090
144091
144092
144093
144094
144095
144096
144097
144098
144099
144100
144101
144102
144103
144104
144105
144106
144107
144108
144109
144110
144111
144112
144113
144114
144115
144116
144117
144118
144119
144120
144121
144122
144123
144124
144125
144126
144127
144129
146007
146008
146009
146010
146011
146012
146013
146014
146015
146016
146017
146018
146019
146020
146021
146022
146023
146024
146025
146026
146027
146028
146029
146030
146031
146032
146033
146034
146035
146036
146037
146038
146039
146040
146041
146042
146043
146044
146045
146046
146048
147926
147927
147928
147929
147930
147931
147932
147933
147934
147935
147936
147937
147938
147939
147940
147941
147942
147943
147944
147945
147946
147947
147948
147949
147950
147951
147952
147953
147954
147955
147956
147957
147958
147959
147960
147961
147962
147963
147964
147965
147967
149845
149846
149847
149848
149849
149850
149851
149852
149853
149854
149855
149856
149857
149858
149859
149860
149861
149862
149863
149864
149865
149866
149867
149868
149869
149870
149871
149872
149873
149874
149875
149876
149877
149878
149879
149880
149881
149882
149883
149884
149886
151691
151692
151693
151694
151695
151696
151697
151698
151699
151700
151701
151702
151703
151704
151705
151706
151707
151708
151709
151710
153736
153737
153738
153739
153740
153741
153742
153743
153744
153745
153746
153747
153748
153749
153750
153751
153752
153753
153754
153755
153756
154696
154697
154698
154699
154700
154701
154702
154703
154704
154705
154706
154707
154708
154709
154710
154711
154712
154713
154714
154715
154716
155656
155657
155658
155659
155660
155661
155662
155663
155664
155665
155666
155667
155668
155669
155670
155671
155672
155673
155674
155675
155676
156616
156617
156618
156619
156620
156621
156622
156623
156624
156625
156626
156627
156628
156629
156630
156631
156632
156633
156634
156635
157576
157577
157578
157579
157580
157581
157582
157583
157584
157585
157586
157587
157588
157589
157590
157591
157592
157593
157594
157595
158536
158537
158538
158539
158540
158541
158542
158543
158544
158545
158546
158547
158548
158549
158550
158551
158552
158553
158554
158555
159496
159497
159498
159499
159500
159501
159502
159503
159504
159505
159506
159507
159508
159509
159510
159511
159512
159513
159514
159515
160456
160457
160458
160459
160460
160461
160462
160463
160464
160465
160466
160467
160468
160469
160470
160471
160472
160473
160474
160475
161416
161417
161418
161419
161420
161421
161422
161423
161424
161425
161426
161427
161428
161429
161430
161431
161432
161433
161434
161435
162376
162377
162378
162379
162380
162381
162382
162383
162384
162385
162386
162387
162388
162389
162390
162391
162392
162393
162394
162395
163336
163337
163338
163339
163340
163341
163342
163343
163344
163345
163346
163347
163348
163349
163350
163351
163352
163353
163354
163355
164296
164297
164298
164299
164300
164301
164302
164303
164304
164305
164306
164307
164308
164309
164310
164311
164312
164313
164314
164315
165256
165257
165258
165259
165260
165261
165262
165263
165264
165265
165266
165267
165268
165269
165270
165271
165272
165273
165274
165275
166216
166217
166218
166219
166220
166221
166222
166223
166224
166225
166226
166227
166228
166229
166230
166231
166232
166233
166234
166235
167176
167177
167178
167179
167180
167181
167182
167183
167184
167185
167186
167187
167188
167189
167190
167191
167192
167193
167194
167195
168136
168137
168138
168139
168140
168141
168142
168143
168144
168145
168146
168147
168148
168149
168150
168151
168152
168153
168154
168155
169096
169097
169098
169099
169100
169101
169102
169103
169104
169105
169106
169107
169108
169109
169110
169111
169112
169113
169114
169115
170056
170057
170058
170059
170060
170061
170062
170063
170064
170065
170066
170067
170068
170069
170070
170071
170072
170073
170074
170075
171016
171017
171018
171019
171020
171021
171022
171023
171024
171025
171026
171027
171028
171029
171030
171031
171032
171033
171034
171035
171976
171977
171978
171979
171980
171981
171982
171983
171984
171985
171986
171987
171988
171989
171990
171991
171992
171993
171994
171995
172936
172937
172938
172939
172940
172941
172942
172943
172944
172945
172946
172947
172948
172949
172950
172951
172952
172953
172954
172955
173896
173897
173898
173899
173900
173901
173902
173903
173904
173905
173906
173907
173908
173909
173910
173911
173912
173913
173914
173915
174856
174857
174858
174859
174860
174861
174862
174863
174864
174865
174866
174867
174868
174869
174870
174871
174872
174873
174874
174875
175816
175817
175818
175819
175820
175821
175822
175823
175824
175825
175826
175827
175828
175829
175830
175831
175832
175833
175834
175835
176776
176777
176778
176779
176780
176781
176782
176783
176784
176785
176786
176787
176788
176789
176790
176791
176792
176793
176794
176795
177736
177737
177738
177739
177740
177741
177742
177743
177744
177745
177746
177747
177748
177749
177750
177751
177752
177753
177754
177755
178696
178697
178698
178699
178700
178701
178702
178703
178704
178705
178706
178707
178708
178709
178710
178711
178712
178713
178714
178715
179656
179657
179658
179659
179660
179661
179662
179663
179664
179665
179666
179667
179668
179669
179670
179671
179672
179673
179674
179675
180616
180617
180618
180619
180620
180621
180622
180623
180624
180625
180626
180627
180628
180629
180630
180631
180632
180633
180634
180635
181576
181577
181578
181579
181580
181581
181582
181583
181584
181585
181586
181587
181588
181589
181590
181591
181592
181593
181594
181595
182536
182537
182538
182539
182540
182541
182542
182543
182544
182545
182546
182547
182548
182549
182550
182551
182552
182553
182554
182555
183496
183497
183498
183499
183500
183501
183502
183503
183504
183505
183506
183507
183508
183509
183510
183511
183512
183513
183514
183515
184456
184457
184458
184459
184460
184461
184462
184463
184464
184465
184466
184467
184468
184469
184470
184471
184472
184473
184474
184475
185416
185417
185418
185419
185420
185421
185422
185423
185424
185425
185426
185427
185428
185429
185430
185431
185432
185433
185434
185435
186376
186377
186378
186379
186380
186381
186382
186383
186384
186385
186386
186387
186388
186389
186390
186391
186392
186393
186394
186395
187336
187337
187338
187339
187340
187341
187342
187343
187344
187345
187346
187347
187348
187349
187350
187351
187352
187353
187354
187355
188296
188297
188298
188299
188300
188301
188302
188303
188304
188305
188306
188307
188308
188309
188310
188311
188312
188313
188314
188315
189256
189257
189258
189259
189260
189261
189262
189263
189264
189265
189266
189267
189268
189269
189270
189271
189272
189273
189274
189275
190216
190217
190218
190219
190220
190221
190222
190223
190224
190225
190226
190227
190228
190229
190230
190231
190232
190233
190234
190235
191176
191177
191178
191179
191180
191181
191182
191183
191184
191185
191186
191187
191188
191189
191190
191191
191192
191193
191194
191195
192136
192137
192138
192139
192140
192141
192142
192143
192144
192145
192146
192147
192148
192149
192150
192151
192152
192153
192154
192155
193096
193097
193098
193099
193100
193101
193102
193103
193104
193105
193106
193107
193108
193109
193110
193111
193112
193113
193114
193115
194056
194057
194058
194059
194060
194061
194062
194063
194064
194065
194066
194067
194068
194069
194070
194071
194072
194073
194074
194075
195016
195017
195018
195019
195020
195021
195022
195023
195024
195025
195026
195027
195028
195029
195030
195031
195032
195033
195034
195035
195976
195977
195978
195979
195980
195981
195982
195983
195984
195985
195986
195987
195988
195989
195990
195991
195992
195993
195994
195995
196936
196937
196938
196939
196940
196941
196942
196943
196944
196945
196946
196947
196948
196949
196950
196951
196952
196953
196954
196955
197896
197897
197898
197899
197900
197901
197902
197903
197904
197905
197906
197907
197908
197909
197910
197911
197912
197913
197914
197915
198856
198857
198858
198859
198860
198861
198862
198863
198864
198865
198866
198867
198868
198869
198870
198871
198872
198873
198874
198875
199816
199817
199818
199819
199820
199821
199822
199823
199824
199825
199826
199827
199828
199829
199830
199831
199832
199833
199834
199835
200776
200777
200778
200779
200780
200781
200782
200783
200784
200785
200786
200787
200788
200789
200790
200791
200792
200793
200794
200795
201736
201737
201738
201739
201740
201741
201742
201743
201744
201745
201746
201747
201748
201749
201750
201751
201752
201753
201754
201755
202696
202697
202698
202699
202700
202701
202702
202703
202704
202705
202706
202707
202708
202709
202710
202711
202712
202713
202714
202715
203656
203657
203658
203659
203660
203661
203662
203663
203664
203665
203666
203667
203668
203669
203670
203671
203672
203673
203674
203675
204616
204617
204618
204619
204620
204621
204622
204623
204624
204625
204626
204627
204628
204629
204630
204631
204632
204633
204634
204635
205576
205577
205578
205579
205580
205581
205582
205583
205584
205585
205586
205587
205588
205589
205590
205591
205592
205593
205594
205595
206536
206537
206538
206539
206540
206541
206542
206543
206544
206545
206546
206547
206548
206549
206550
206551
206552
206553
206554
206555
207496
207497
207498
207499
207500
207501
207502
207503
207504
207505
207506
207507
207508
207509
207510
207511
207512
207513
207514
207515
208456
208457
208458
208459
208460
208461
208462
208463
208464
208465
208466
208467
208468
208469
208470
208471
208472
208473
208474
208475
209416
209417
209418
209419
209420
209421
209422
209423
209424
209425
209426
209427
209428
209429
209430
209431
209432
209433
209434
209435
210376
210377
210378
210379
210380
210381
210382
210383
210384
210385
210386
210387
210388
210389
210390
210391
210392
210393
210394
210395
211336
211337
211338
211339
211340
211341
211342
211343
211344
211345
211346
211347
211348
211349
211350
211351
211352
211353
211354
211355
212296
212297
212298
212299
212300
212301
212302
212303
212304
212305
212306
212307
212308
212309
212310
212311
212312
212313
212314
212315
213256
213257
213258
213259
213260
213261
213262
213263
213264
213265
213266
213267
213268
213269
213270
213271
213272
213273
213274
213275
214216
214217
214218
214219
214220
214221
214222
214223
214224
214225
214226
214227
214228
214229
214230
214231
214232
214233
214234
214235
215176
215177
215178
215179
215180
215181
215182
215183
215184
215185
215186
215187
215188
215189
215190
215191
215192
215193
215194
215195
216136
216137
216138
216139
216140
216141
216142
216143
216144
216145
216146
216147
216148
216149
216150
216151
216152
216153
216154
216155
217096
217097
217098
217099
217100
217101
217102
217103
217104
217105
217106
217107
217108
217109
217110
217111
217112
217113
217114
217115
218056
218057
218058
218059
218060
218061
218062
218063
218064
218065
218066
218067
218068
218069
218070
218071
218072
218073
218074
218075
219016
219017
219018
219019
219020
219021
219022
219023
219024
219025
219026
219027
219028
219029
219030
219031
219032
219033
219034
219035
219976
219977
219978
219979
219980
219981
219982
219983
219984
219985
219986
219987
219988
219989
219990
219991
219992
219993
219994
219995
220936
220937
220938
220939
220940
220941
220942
220943
220944
220945
220946
220947
220948
220949
220950
220951
220952
220953
220954
220955
221895
221896
221897
221898
221899
221900
221901
221902
221903
221904
221905
221906
221907
221908
221909
221910
221911
221912
221913
221914
221915
222855
222856
222857
222858
222859
222860
222861
222862
222863
222864
222865
222866
222867
222868
222869
222870
222871
222872
222873
222874
222875
223815
223816
223817
223818
223819
223820
223821
223822
223823
223824
223825
223826
223827
223828
223829
223830
223831
223832
223833
223834
223835
224775
224776
224777
224778
224779
224780
224781
224782
224783
224784
224785
224786
224787
224788
224789
224790
224791
224792
224793
224794
224795
225735
225736
225737
225738
225739
225740
225741
225742
225743
225744
225745
225746
225747
225748
225749
225750
225751
225752
225753
225754
225755
226695
226696
226697
226698
226699
226700
226701
226702
226703
226704
226705
226706
226707
226708
226709
226710
226711
226712
226713
226714
226715
227655
227656
227657
227658
227659
227660
227661
227662
227663
227664
227665
227666
227667
227668
227669
227670
227671
227672
227673
227674
227675
228615
228616
228617
228618
228619
228620
228621
228622
228623
228624
228625
228626
228627
228628
228629
228630
228631
228632
228633
228634
228635
229575
229576
229577
229578
229579
229580
229581
229582
229583
229584
229585
229586
229587
229588
229589
229590
229591
229592
229593
229594
229595
231073
231074
231075
231076
231077
231078
231079
231080
231081
231082
231083
231084
231085
231086
231087
231088
231089
231090
231091
231092
231093
232033
232034
232035
232036
232037
232038
232039
232040
232041
232042
232043
232044
232045
232046
232047
232048
232049
232050
232051
232052
232053
232993
232994
232995
232996
232997
232998
232999
233000
233001
233002
233003
233004
233005
233006
233007
233008
233009
233010
233011
233012
233013
233953
233954
233955
233956
233957
233958
233959
233960
233961
233962
233963
233964
233965
233966
233967
233968
233969
233970
233971
233972
234913
234914
234915
234916
234917
234918
234919
234920
234921
234922
234923
234924
234925
234926
234927
234928
234929
234930
234931
234932
235873
235874
235875
235876
235877
235878
235879
235880
235881
235882
235883
235884
235885
235886
235887
235888
235889
235890
235891
235892
236833
236834
236835
236836
236837
236838
236839
236840
236841
236842
236843
236844
236845
236846
236847
236848
236849
236850
236851
236852
237793
237794
237795
237796
237797
237798
237799
237800
237801
237802
237803
237804
237805
237806
237807
237808
237809
237810
237811
237812
238753
238754
238755
238756
238757
238758
238759
238760
238761
238762
238763
238764
238765
238766
238767
238768
238769
238770
238771
238772
239713
239714
239715
239716
239717
239718
239719
239720
239721
239722
239723
239724
239725
239726
239727
239728
239729
239730
239731
239732
240673
240674
240675
240676
240677
240678
240679
240680
240681
240682
240683
240684
240685
240686
240687
240688
240689
240690
240691
240692
241633
241634
241635
241636
241637
241638
241639
241640
241641
241642
241643
241644
241645
241646
241647
241648
241649
241650
241651
241652
242593
242594
242595
242596
242597
242598
242599
242600
242601
242602
242603
242604
242605
242606
242607
242608
242609
242610
242611
242612
243553
243554
243555
243556
243557
243558
243559
243560
243561
243562
243563
243564
243565
243566
243567
243568
243569
243570
243571
243572
244513
244514
244515
244516
244517
244518
244519
244520
244521
244522
244523
244524
244525
244526
244527
244528
244529
244530
244531
244532
245473
245474
245475
245476
245477
245478
245479
245480
245481
245482
245483
245484
245485
245486
245487
245488
245489
245490
245491
245492
246433
246434
246435
246436
246437
246438
246439
246440
246441
246442
246443
246444
246445
246446
246447
246448
246449
246450
246451
246452
247393
247394
247395
247396
247397
247398
247399
247400
247401
247402
247403
247404
247405
247406
247407
247408
247409
247410
247411
247412
248353
248354
248355
248356
248357
248358
248359
248360
248361
248362
248363
248364
248365
248366
248367
248368
248369
248370
248371
248372
249313
249314
249315
249316
249317
249318
249319
249320
249321
249322
249323
249324
249325
249326
249327
249328
249329
249330
249331
249332
250273
250274
250275
250276
250277
250278
250279
250280
250281
250282
250283
250284
250285
250286
250287
250288
250289
250290
250291
250292
251233
251234
251235
251236
251237
251238
251239
251240
251241
251242
251243
251244
251245
251246
251247
251248
251249
251250
251251
251252
252193
252194
252195
252196
252197
252198
252199
252200
252201
252202
252203
252204
252205
252206
252207
252208
252209
252210
252211
252212
253153
253154
253155
253156
253157
253158
253159
253160
253161
253162
253163
253164
253165
253166
253167
253168
253169
253170
253171
253172
254113
254114
254115
254116
254117
254118
254119
254120
254121
254122
254123
254124
254125
254126
254127
254128
254129
254130
254131
254132
255073
255074
255075
255076
255077
255078
255079
255080
255081
255082
255083
255084
255085
255086
255087
255088
255089
255090
255091
255092
256033
256034
256035
256036
256037
256038
256039
256040
256041
256042
256043
256044
256045
256046
256047
256048
256049
256050
256051
256052
256993
256994
256995
256996
256997
256998
256999
257000
257001
257002
257003
257004
257005
257006
257007
257008
257009
257010
257011
257012
257953
257954
257955
257956
257957
257958
257959
257960
257961
257962
257963
257964
257965
257966
257967
257968
257969
257970
257971
257972
258913
258914
258915
258916
258917
258918
258919
258920
258921
258922
258923
258924
258925
258926
258927
258928
258929
258930
258931
258932
259873
259874
259875
259876
259877
259878
259879
259880
259881
259882
259883
259884
259885
259886
259887
259888
259889
259890
259891
259892
260833
260834
260835
260836
260837
260838
260839
260840
260841
260842
260843
260844
260845
260846
260847
260848
260849
260850
260851
260852
261793
261794
261795
261796
261797
261798
261799
261800
261801
261802
261803
261804
261805
261806
261807
261808
261809
261810
261811
261812
262753
262754
262755
262756
262757
262758
262759
262760
262761
262762
262763
262764
262765
262766
262767
262768
262769
262770
262771
262772
263713
263714
263715
263716
263717
263718
263719
263720
263721
263722
263723
263724
263725
263726
263727
263728
263729
263730
263731
263732
264673
264674
264675
264676
264677
264678
264679
264680
264681
264682
264683
264684
264685
264686
264687
264688
264689
264690
264691
264692
265633
265634
265635
265636
265637
265638
265639
265640
265641
265642
265643
265644
265645
265646
265647
265648
265649
265650
265651
265652
266593
266594
266595
266596
266597
266598
266599
266600
266601
266602
266603
266604
266605
266606
266607
266608
266609
266610
266611
266612
267553
267554
267555
267556
267557
267558
267559
267560
267561
267562
267563
267564
267565
267566
267567
267568
267569
267570
267571
267572
268513
268514
268515
268516
268517
268518
268519
268520
268521
268522
268523
268524
268525
268526
268527
268528
268529
268530
268531
268532
269473
269474
269475
269476
269477
269478
269479
269480
269481
269482
269483
269484
269485
269486
269487
269488
269489
269490
269491
269492
270433
270434
270435
270436
270437
270438
270439
270440
270441
270442
270443
270444
270445
270446
270447
270448
270449
270450
270451
270452
271393
271394
271395
271396
271397
271398
271399
271400
271401
271402
271403
271404
271405
271406
271407
271408
271409
271410
271411
271412
272353
272354
272355
272356
272357
272358
272359
272360
272361
272362
272363
272364
272365
272366
272367
272368
272369
272370
272371
272372
273313
273314
273315
273316
273317
273318
273319
273320
273321
273322
273323
273324
273325
273326
273327
273328
273329
273330
273331
273332
274273
274274
274275
274276
274277
274278
274279
274280
274281
274282
274283
274284
274285
274286
274287
274288
274289
274290
274291
274292
275233
275234
275235
275236
275237
275238
275239
275240
275241
275242
275243
275244
275245
275246
275247
275248
275249
275250
275251
275252
276193
276194
276195
276196
276197
276198
276199
276200
276201
276202
276203
276204
276205
276206
276207
276208
276209
276210
276211
276212
277153
277154
277155
277156
277157
277158
277159
277160
277161
277162
277163
277164
277165
277166
277167
277168
277169
277170
277171
277172
278113
278114
278115
278116
278117
278118
278119
278120
278121
278122
278123
278124
278125
278126
278127
278128
278129
278130
278131
278132
279073
279074
279075
279076
279077
279078
279079
279080
279081
279082
279083
279084
279085
279086
279087
279088
279089
279090
279091
279092
280033
280034
280035
280036
280037
280038
280039
280040
280041
280042
280043
280044
280045
280046
280047
280048
280049
280050
280051
280052
280993
280994
280995
280996
280997
280998
280999
281000
281001
281002
281003
281004
281005
281006
281007
281008
281009
281010
281011
281012
281953
281954
281955
281956
281957
281958
281959
281960
281961
281962
281963
281964
281965
281966
281967
281968
281969
281970
281971
281972
282913
282914
282915
282916
282917
282918
282919
282920
282921
282922
282923
282924
282925
282926
282927
282928
282929
282930
282931
282932
283873
283874
283875
283876
283877
283878
283879
283880
283881
283882
283883
283884
283885
283886
283887
283888
283889
283890
283891
283892
284833
284834
284835
284836
284837
284838
284839
284840
284841
284842
284843
284844
284845
284846
284847
284848
284849
284850
284851
284852
285793
285794
285795
285796
285797
285798
285799
285800
285801
285802
285803
285804
285805
285806
285807
285808
285809
285810
285811
285812
286753
286754
286755
286756
286757
286758
286759
286760
286761
286762
286763
286764
286765
286766
286767
286768
286769
286770
286771
286772
287713
287714
287715
287716
287717
287718
287719
287720
287721
287722
287723
287724
287725
287726
287727
287728
287729
287730
287731
287732
288673
288674
288675
288676
288677
288678
288679
288680
288681
288682
288683
288684
288685
288686
288687
288688
288689
288690
288691
288692
289633
289634
289635
289636
289637
289638
289639
289640
289641
289642
289643
289644
289645
289646
289647
289648
289649
289650
289651
289652
290593
290594
290595
290596
290597
290598
290599
290600
290601
290602
290603
290604
290605
290606
290607
290608
290609
290610
290611
290612
291553
291554
291555
291556
291557
291558
291559
291560
291561
291562
291563
291564
291565
291566
291567
291568
291569
291570
291571
291572
292513
292514
292515
292516
292517
292518
292519
292520
292521
292522
292523
292524
292525
292526
292527
292528
292529
292530
292531
292532
293473
293474
293475
293476
293477
293478
293479
293480
293481
293482
293483
293484
293485
293486
293487
293488
293489
293490
293491
293492
294433
294434
294435
294436
294437
294438
294439
294440
294441
294442
294443
294444
294445
294446
294447
294448
294449
294450
294451
294452
295393
295394
295395
295396
295397
295398
295399
295400
295401
295402
295403
295404
295405
295406
295407
295408
295409
295410
295411
295412
296353
296354
296355
296356
296357
296358
296359
296360
296361
296362
296363
296364
296365
296366
296367
296368
296369
296370
296371
296372
297313
297314
297315
297316
297317
297318
297319
297320
297321
297322
297323
297324
297325
297326
297327
297328
297329
297330
297331
297332
298273
298274
298275
298276
298277
298278
298279
298280
298281
298282
298283
298284
298285
298286
298287
298288
298289
298290
298291
298292
299232
299233
299234
299235
299236
299237
299238
299239
299240
299241
299242
299243
299244
299245
299246
299247
299248
299249
299250
299251
299252
300192
300193
300194
300195
300196
300197
300198
300199
300200
300201
300202
300203
300204
300205
300206
300207
300208
300209
300210
300211
300212
301152
301153
301154
301155
301156
301157
301158
301159
301160
301161
301162
301163
301164
301165
301166
301167
301168
301169
301170
301171
301172
302112
302113
302114
302115
302116
302117
302118
302119
302120
302121
302122
302123
302124
302125
302126
302127
302128
302129
302130
302131
302132
303072
303073
303074
303075
303076
303077
303078
303079
303080
303081
303082
303083
303084
303085
303086
303087
303088
303089
303090
303091
303092
304032
304033
304034
304035
304036
304037
304038
304039
304040
304041
304042
304043
304044
304045
304046
304047
304048
304049
304050
304051
304052
304992
304993
304994
304995
304996
304997
304998
304999
305000
305001
305002
305003
305004
305005
305006
305007
305008
305009
305010
305011
305012
305952
305953
305954
305955
305956
305957
305958
305959
305960
305961
305962
305963
305964
305965
305966
305967
305968
305969
305970
305971
305972
306912
306913
306914
306915
306916
306917
306918
306919
306920
306921
306922
306923
306924
306925
306926
306927
306928
306929
306930
306931
306932
308569
308570
308571
308572
308573
308574
308575
308576
308577
308578
308579
308580
308581
308582
308583
308584
308585
308586
308587
308588
308589
-148
-2068
-3988
-5908
-7828
-9748
-11668
-13587
-15506
-17425
-19344
-21263
-23182
-25101
-27020
-28939
-30858
-32777
-34696
-36615
-38534
-40453
-42372
-44291
-46210
-48129
-50048
-51967
-53886
-55805
-57724
-59643
-61562
-63481
-65400
-67319
-69238
-71157
-73076
-74996
-76916
-78836
-80756
-82676
-84596
-86516
-88436
-90356
-92275
-94194
-96113
-98032
-99951
-101870
-103789
-105708
-107627
-109546
-111465
-113384
-115303
-117222
-119141
-121060
-122979
-124898
-126817
-128736
-130655
-132574
-134493
-134494
-136410
-138329
-140248
-142167
-144086
-146005
-147924
-149843
-151690
190
2110
4030
4031
5948
7868
9788
11708
13627
15546
17465
19384
21303
23222
25141
27060
28979
30898
32817
34736
36655
38574
40493
42412
44331
46250
48169
50088
52007
53926
55845
57764
59683
61602
63521
65440
67359
69278
71197
73116
75036
76956
78876
80796
82716
84636
86556
88476
90396
92315
94234
96153
98072
99991
101910
103829
105748
107667
109586
111505
113424
115343
117262
119181
121100
123019
124938
126857
128776
130695
132614
134533
136452
138371
140290
142209
144128
146047
147966
149885
151711
)


// ************************************************************************* //
