/*--------------------------------*- C++ -*----------------------------------*\
| =========                 |                                                 |
| \\      /  F ield         | OpenFOAM: The Open Source CFD Toolbox           |
|  \\    /   O peration     | Version:  2.3.0                                 |
|   \\  /    A nd           | Web:      www.OpenFOAM.org                      |
|    \\/     M anipulation  |                                                 |
\*---------------------------------------------------------------------------*/
FoamFile
{
    version     2.0;
    format      ascii;
    class       labelList;
    note        "nPoints: 3408 nCells: 1612 nFaces: 6529 nInternalFaces: 3122";
    location    "constant/polyMesh";
    object      neighbour;
}
// * * * * * * * * * * * * * * * * * * * * * * * * * * * * * * * * * * * * * //


3122
(
1
21
2
22
3
23
4
24
5
25
6
26
7
27
8
28
9
29
10
30
11
31
12
32
13
33
14
34
15
35
16
36
17
37
18
38
19
39
20
40
41
22
42
23
43
24
44
25
45
26
46
27
47
28
48
29
49
30
50
31
51
32
52
33
53
34
54
35
55
36
56
37
57
38
58
39
59
40
60
41
61
62
43
63
44
64
45
65
46
66
47
67
48
68
49
69
50
70
51
71
52
72
53
73
54
74
55
75
56
76
57
77
58
78
59
79
60
80
61
81
62
82
64
83
65
84
66
85
67
86
68
87
69
88
70
89
71
90
72
91
73
92
74
93
75
94
76
95
77
96
78
97
79
98
80
99
81
100
82
101
102
84
103
85
104
86
105
87
106
88
107
89
108
90
109
91
110
92
111
93
112
94
113
95
114
96
115
97
116
98
117
99
118
100
119
101
120
102
121
122
104
123
105
124
106
125
107
126
108
127
109
128
110
129
111
130
112
131
113
132
114
133
115
134
116
135
117
136
118
137
119
138
120
139
121
140
122
141
142
124
143
125
144
126
145
127
146
128
147
129
148
130
149
131
150
132
151
133
152
134
153
135
154
136
155
137
156
138
157
139
158
140
159
141
160
142
161
162
144
163
145
164
146
165
147
166
148
167
149
168
150
169
151
170
152
171
153
172
154
173
155
174
156
175
157
176
158
177
159
178
160
179
161
180
162
181
182
164
183
165
184
166
185
167
186
168
187
169
188
170
189
171
190
172
191
173
192
174
193
175
194
176
195
177
196
178
197
179
198
180
199
181
200
182
201
202
184
203
185
204
186
205
187
206
188
207
189
208
190
209
191
210
192
211
193
212
194
213
195
214
196
215
197
216
198
217
199
218
200
219
201
220
202
221
222
204
223
205
224
206
225
207
226
208
227
209
228
210
229
211
230
212
231
213
232
214
233
215
234
216
235
217
236
218
237
219
238
220
239
221
240
222
241
242
224
243
225
244
226
245
227
246
228
247
229
248
230
249
231
250
232
251
233
252
234
253
235
254
236
255
237
256
238
257
239
258
240
259
241
260
242
261
262
244
263
245
264
246
265
247
266
248
267
249
268
250
269
251
270
252
271
253
272
254
273
255
274
256
275
257
276
258
277
259
278
260
279
261
280
262
281
282
264
283
265
284
266
285
267
286
268
287
269
288
270
289
271
290
272
291
273
292
274
293
275
294
276
295
277
296
278
297
279
298
280
299
281
300
282
301
302
284
303
285
304
286
305
287
306
288
307
289
308
290
309
291
310
292
311
293
312
294
313
295
314
296
315
297
316
298
317
299
318
300
319
301
320
302
321
322
304
323
305
324
306
325
307
326
308
327
309
328
310
329
311
330
312
331
313
332
314
333
315
334
316
335
317
336
318
337
319
338
320
339
321
340
322
341
342
324
343
325
344
326
345
327
346
328
347
329
348
330
349
331
350
332
351
333
352
334
353
335
354
336
355
337
356
338
357
339
358
340
359
341
360
342
361
362
344
363
345
364
346
365
347
366
348
367
349
368
350
369
351
370
352
371
353
372
354
373
355
374
356
375
357
376
358
377
359
378
360
379
361
380
362
381
382
364
383
365
384
366
385
367
386
368
387
369
388
370
389
371
390
372
391
373
392
374
393
375
394
376
395
377
396
378
397
379
398
380
399
381
400
382
401
402
384
403
385
404
386
405
387
406
388
407
389
408
390
409
391
410
392
411
393
412
394
413
395
414
396
415
397
416
398
417
399
418
400
419
401
420
402
421
422
404
423
405
424
406
425
407
426
408
427
409
428
410
429
411
430
412
431
413
432
414
433
415
434
416
435
417
436
418
437
419
438
420
439
421
440
422
441
442
424
443
425
444
426
445
427
446
428
447
429
448
430
449
431
450
432
451
433
452
434
453
435
454
436
455
437
456
438
457
439
458
440
459
441
460
442
461
462
444
463
445
464
446
465
447
466
448
467
449
468
450
469
451
470
452
471
453
472
454
473
455
474
456
475
457
476
458
477
459
478
460
479
461
480
462
481
482
464
483
465
484
466
485
467
486
468
487
469
488
470
489
471
490
472
491
473
492
474
493
475
494
476
495
477
496
478
497
479
498
480
499
481
500
482
501
502
484
503
485
504
486
505
487
506
488
507
489
508
490
509
491
510
492
511
493
512
494
513
495
514
496
515
497
516
498
517
499
518
500
519
501
520
502
521
522
504
523
505
524
506
525
507
526
508
527
509
528
510
529
511
530
512
531
513
532
514
533
515
534
516
535
517
536
518
537
519
538
520
539
521
540
522
541
542
524
543
525
544
526
545
527
546
528
547
529
548
530
549
531
550
532
551
533
552
534
553
535
554
536
555
537
556
538
557
539
558
540
559
541
560
542
561
562
544
563
545
564
546
565
547
566
548
567
549
568
550
569
551
570
552
571
553
572
554
573
555
574
556
575
557
576
558
577
559
578
560
579
561
580
562
581
582
564
583
565
584
566
585
567
586
568
587
569
588
570
589
571
590
572
591
573
592
574
593
575
594
576
595
577
596
578
597
579
598
580
599
581
600
582
601
602
584
603
585
604
586
605
587
606
588
607
589
608
590
609
591
610
592
611
593
612
594
613
595
614
596
615
597
616
598
617
599
618
600
619
601
620
602
621
622
604
623
605
624
606
625
607
626
608
627
609
628
610
629
611
630
612
631
613
632
614
633
615
634
616
635
617
636
618
637
619
638
620
639
621
640
622
641
642
624
643
625
644
626
645
627
646
628
647
629
648
630
649
631
650
632
651
633
652
634
653
635
654
636
655
637
656
638
657
639
658
640
659
641
660
642
661
662
644
663
645
664
646
665
647
666
648
667
649
668
650
669
651
670
652
671
653
672
654
673
655
674
656
675
657
676
658
677
659
678
660
679
661
680
662
681
682
664
683
665
684
666
685
667
686
668
687
669
688
670
689
671
690
672
691
673
692
674
693
675
694
676
695
677
696
678
697
679
698
680
699
681
700
682
701
702
684
703
685
704
686
705
687
706
688
707
689
708
690
709
691
710
692
711
693
712
694
713
695
714
696
715
697
716
698
717
699
718
700
719
701
720
702
721
722
704
723
705
724
706
725
707
726
708
727
709
728
710
729
711
730
712
731
713
732
714
733
715
734
716
735
717
736
718
737
719
738
720
739
721
740
722
741
742
724
743
725
744
726
745
727
746
728
747
729
748
730
749
731
750
732
751
733
752
734
753
735
754
736
755
737
756
738
757
739
758
740
759
741
760
742
761
762
744
763
745
764
746
765
747
766
748
767
749
768
750
769
751
770
752
771
753
772
754
773
755
774
756
775
757
776
758
777
759
778
760
779
761
780
762
781
782
764
783
765
784
766
785
767
786
768
787
769
788
770
789
771
790
772
791
773
792
774
793
775
794
776
795
777
796
778
797
779
798
780
799
781
800
782
801
802
784
803
785
804
786
805
787
806
788
807
789
808
790
809
791
810
792
811
793
812
794
813
795
814
796
815
797
816
798
817
799
818
800
819
801
820
802
821
822
804
823
805
824
806
825
807
826
808
827
809
828
810
829
811
830
812
831
813
832
814
833
815
834
816
835
817
836
818
837
819
838
820
839
821
840
822
841
842
824
843
825
844
826
845
827
846
828
847
829
848
830
849
831
850
832
851
833
852
834
853
835
854
836
855
837
856
838
857
839
858
840
859
841
860
842
861
862
844
863
845
864
846
865
847
866
848
867
849
868
850
869
851
870
852
871
853
872
854
873
855
874
856
875
857
876
858
877
859
878
860
879
861
880
862
881
882
864
883
865
884
866
885
867
886
868
887
869
888
870
889
871
890
872
891
873
892
874
893
875
894
876
895
877
896
878
897
879
898
880
899
881
900
882
901
902
884
903
885
904
886
905
887
906
888
907
889
908
890
909
891
910
892
911
893
912
894
913
895
914
896
915
897
916
898
917
899
918
900
919
901
920
902
921
922
904
923
905
924
906
925
907
926
908
927
909
928
910
929
911
930
912
931
913
932
914
933
915
934
916
935
917
936
918
937
919
938
920
939
921
940
922
941
942
924
943
925
944
926
945
927
946
928
947
929
948
930
949
931
950
932
951
933
952
934
953
935
954
936
955
937
956
938
957
939
958
940
959
941
960
942
961
962
944
963
945
964
946
965
947
966
948
967
949
968
950
969
951
970
952
971
953
972
954
973
955
974
956
975
957
976
958
977
959
978
960
979
961
980
962
981
982
964
983
965
984
966
985
967
986
968
987
969
988
970
989
971
990
972
991
973
992
974
993
975
994
976
995
977
996
978
997
979
998
980
999
981
1000
982
1001
1002
984
1003
985
1004
986
1005
987
1006
988
1007
989
1008
990
1009
991
1010
992
1011
993
1012
994
1013
995
1014
996
1015
997
1016
998
1017
999
1018
1000
1019
1001
1020
1002
1021
1022
1004
1023
1005
1024
1006
1025
1007
1026
1008
1027
1009
1028
1010
1029
1011
1030
1012
1031
1013
1032
1014
1033
1015
1034
1016
1035
1017
1036
1018
1037
1019
1038
1020
1039
1021
1040
1022
1041
1042
1024
1043
1025
1044
1026
1045
1027
1046
1028
1047
1029
1048
1030
1049
1031
1050
1032
1051
1033
1052
1034
1053
1035
1054
1036
1055
1037
1056
1038
1057
1039
1058
1040
1059
1041
1060
1042
1061
1062
1044
1063
1045
1064
1046
1065
1047
1066
1048
1067
1049
1068
1050
1069
1051
1070
1052
1071
1053
1072
1054
1073
1055
1074
1056
1075
1057
1076
1058
1077
1059
1078
1060
1079
1061
1080
1062
1081
1082
1064
1083
1065
1084
1066
1085
1067
1086
1068
1087
1069
1088
1070
1089
1071
1090
1072
1091
1073
1092
1074
1093
1075
1094
1076
1095
1077
1096
1078
1097
1079
1098
1080
1099
1081
1100
1082
1101
1102
1084
1103
1085
1104
1086
1105
1087
1106
1088
1107
1089
1108
1090
1109
1091
1110
1092
1111
1093
1112
1094
1113
1095
1114
1096
1115
1097
1116
1098
1117
1099
1118
1100
1119
1101
1120
1102
1121
1122
1104
1123
1105
1124
1106
1125
1107
1126
1108
1127
1109
1128
1110
1129
1111
1130
1112
1131
1113
1132
1114
1133
1115
1134
1116
1135
1117
1136
1118
1137
1119
1138
1120
1139
1121
1140
1122
1141
1142
1124
1143
1125
1144
1126
1145
1127
1146
1128
1147
1129
1148
1130
1149
1131
1150
1132
1151
1133
1152
1134
1153
1135
1154
1136
1155
1137
1156
1138
1157
1139
1158
1140
1159
1141
1160
1142
1161
1162
1144
1163
1145
1164
1146
1165
1147
1166
1148
1167
1149
1168
1150
1169
1151
1170
1152
1171
1153
1172
1154
1173
1155
1174
1156
1175
1157
1176
1158
1177
1159
1178
1160
1179
1161
1180
1162
1181
1182
1164
1183
1165
1184
1166
1185
1167
1186
1168
1187
1169
1188
1170
1189
1171
1190
1172
1191
1173
1192
1174
1193
1175
1194
1176
1195
1177
1196
1178
1197
1179
1198
1180
1199
1181
1200
1182
1201
1202
1184
1203
1185
1204
1186
1205
1187
1206
1188
1207
1189
1208
1190
1209
1191
1210
1192
1211
1193
1212
1194
1213
1195
1214
1196
1215
1197
1216
1198
1217
1199
1218
1200
1219
1201
1220
1202
1221
1222
1204
1223
1205
1224
1206
1225
1207
1226
1208
1227
1209
1228
1210
1229
1211
1230
1212
1231
1213
1232
1214
1233
1215
1234
1216
1235
1217
1236
1218
1237
1219
1238
1220
1239
1221
1240
1222
1241
1242
1224
1243
1225
1244
1226
1245
1227
1246
1228
1247
1229
1248
1230
1249
1231
1250
1232
1251
1233
1252
1234
1253
1235
1254
1236
1255
1237
1256
1238
1257
1239
1258
1240
1259
1241
1260
1242
1261
1262
1244
1263
1245
1264
1246
1265
1247
1266
1248
1267
1249
1268
1250
1269
1251
1270
1252
1271
1253
1272
1254
1273
1255
1274
1256
1275
1257
1276
1258
1277
1259
1278
1260
1279
1261
1280
1262
1281
1282
1264
1283
1265
1284
1266
1285
1267
1286
1268
1287
1269
1288
1270
1289
1271
1290
1272
1291
1273
1292
1274
1293
1275
1294
1276
1295
1277
1296
1278
1297
1279
1298
1280
1299
1281
1300
1282
1301
1302
1284
1303
1285
1304
1286
1305
1287
1306
1288
1307
1289
1308
1290
1309
1291
1310
1292
1311
1293
1312
1294
1313
1295
1314
1296
1315
1297
1316
1298
1317
1299
1318
1300
1319
1301
1320
1302
1321
1322
1304
1323
1305
1324
1306
1325
1307
1326
1308
1327
1309
1328
1310
1329
1311
1330
1312
1331
1313
1332
1314
1333
1315
1334
1316
1335
1317
1336
1318
1337
1319
1338
1320
1339
1321
1340
1322
1341
1342
1324
1343
1325
1344
1326
1345
1327
1346
1328
1347
1329
1348
1330
1349
1331
1350
1332
1351
1333
1352
1334
1353
1335
1354
1336
1355
1337
1356
1338
1357
1339
1358
1340
1359
1341
1360
1342
1361
1362
1344
1363
1345
1364
1346
1365
1347
1366
1348
1367
1349
1368
1350
1369
1351
1370
1352
1371
1353
1372
1354
1373
1355
1374
1356
1375
1357
1376
1358
1377
1359
1378
1360
1379
1361
1380
1362
1381
1382
1364
1383
1365
1384
1366
1385
1367
1386
1368
1387
1369
1388
1370
1389
1371
1390
1372
1391
1373
1392
1374
1393
1375
1394
1376
1395
1377
1396
1378
1397
1379
1398
1380
1399
1381
1400
1382
1401
1402
1384
1403
1385
1404
1386
1405
1387
1406
1388
1407
1389
1408
1390
1409
1391
1410
1392
1411
1393
1412
1394
1413
1395
1414
1396
1415
1397
1416
1398
1417
1399
1418
1400
1419
1401
1420
1402
1421
1422
1404
1424
1405
1425
1406
1426
1407
1427
1408
1428
1409
1429
1410
1430
1411
1431
1412
1432
1413
1433
1414
1434
1415
1435
1416
1436
1417
1437
1418
1438
1419
1439
1420
1440
1421
1441
1422
1442
1443
1424
1444
1425
1445
1426
1446
1427
1447
1428
1448
1429
1449
1430
1450
1431
1451
1432
1452
1433
1453
1434
1454
1435
1455
1436
1456
1437
1457
1438
1458
1439
1459
1440
1460
1441
1461
1442
1462
1443
1463
1464
1445
1465
1446
1466
1447
1467
1448
1468
1449
1469
1450
1470
1451
1471
1452
1472
1453
1473
1454
1474
1455
1475
1456
1476
1457
1477
1458
1478
1459
1479
1460
1480
1461
1481
1462
1482
1463
1483
1464
1484
1485
1466
1486
1467
1487
1468
1488
1469
1489
1470
1490
1471
1491
1472
1492
1473
1493
1474
1494
1475
1495
1476
1496
1477
1497
1478
1498
1479
1499
1480
1500
1481
1501
1482
1502
1483
1503
1484
1504
1485
1505
1506
1487
1507
1488
1508
1489
1509
1490
1510
1491
1511
1492
1512
1493
1513
1494
1514
1495
1515
1496
1516
1497
1517
1498
1518
1499
1519
1500
1520
1501
1521
1502
1522
1503
1523
1504
1524
1505
1525
1506
1526
1527
1508
1528
1509
1529
1510
1530
1511
1531
1512
1532
1513
1533
1514
1534
1515
1535
1516
1536
1517
1537
1518
1538
1519
1539
1520
1540
1521
1541
1522
1542
1523
1543
1524
1544
1525
1545
1526
1546
1527
1547
1548
1529
1549
1530
1550
1531
1551
1532
1552
1533
1553
1534
1554
1535
1555
1536
1556
1537
1557
1538
1558
1539
1559
1540
1560
1541
1561
1542
1562
1543
1563
1544
1564
1545
1565
1546
1566
1547
1567
1548
1568
1569
1550
1570
1551
1571
1552
1572
1553
1573
1554
1574
1555
1575
1556
1576
1557
1577
1558
1578
1559
1579
1560
1580
1561
1581
1562
1582
1563
1583
1564
1584
1565
1585
1566
1586
1567
1587
1568
1588
1569
1589
1590
1571
1591
1572
1592
1573
1593
1574
1594
1575
1595
1576
1596
1577
1597
1578
1598
1579
1599
1580
1600
1581
1601
1582
1602
1583
1603
1584
1604
1585
1605
1586
1606
1587
1607
1588
1608
1589
1609
1590
1610
1611
1592
1593
1594
1595
1596
1597
1598
1599
1600
1601
1602
1603
1604
1605
1606
1607
1608
1609
1610
1611
)


// ************************************************************************* //
