/*--------------------------------*- C++ -*----------------------------------*\
| =========                 |                                                 |
| \\      /  F ield         | OpenFOAM: The Open Source CFD Toolbox           |
|  \\    /   O peration     | Version:  2.3.0                                 |
|   \\  /    A nd           | Web:      www.OpenFOAM.org                      |
|    \\/     M anipulation  |                                                 |
\*---------------------------------------------------------------------------*/
FoamFile
{
    version     2.0;
    format      ascii;
    class       labelList;
    location    "constant/polyMesh";
    object      faceProcAddressing;
}
// * * * * * * * * * * * * * * * * * * * * * * * * * * * * * * * * * * * * * //


6525
(
594
595
596
597
598
599
600
601
602
603
604
605
606
607
608
609
610
611
612
613
614
615
616
617
618
619
620
621
622
623
624
625
626
627
628
629
630
631
633
2514
2515
2516
2517
2518
2519
2520
2521
2522
2523
2524
2525
2526
2527
2528
2529
2530
2531
2532
2533
2534
2535
2536
2537
2538
2539
2540
2541
2542
2543
2544
2545
2546
2547
2548
2549
2550
2551
2553
4434
4435
4436
4437
4438
4439
4440
4441
4442
4443
4444
4445
4446
4447
4448
4449
4450
4451
4452
4453
4454
4455
4456
4457
4458
4459
4460
4461
4462
4463
4464
4465
4466
4467
4468
4469
4470
4471
4473
6354
6355
6356
6357
6358
6359
6360
6361
6362
6363
6364
6365
6366
6367
6368
6369
6370
6371
6372
6373
6374
6375
6376
6377
6378
6379
6380
6381
6382
6383
6384
6385
6386
6387
6388
6389
6390
6391
6393
8274
8275
8276
8277
8278
8279
8280
8281
8282
8283
8284
8285
8286
8287
8288
8289
8290
8291
8292
8293
8294
8295
8296
8297
8298
8299
8300
8301
8302
8303
8304
8305
8306
8307
8308
8309
8310
8311
8313
10194
10195
10196
10197
10198
10199
10200
10201
10202
10203
10204
10205
10206
10207
10208
10209
10210
10211
10212
10213
10214
10215
10216
10217
10218
10219
10220
10221
10222
10223
10224
10225
10226
10227
10228
10229
10230
10231
10233
12114
12115
12116
12117
12118
12119
12120
12121
12122
12123
12124
12125
12126
12127
12128
12129
12130
12131
12132
12133
12134
12135
12136
12137
12138
12139
12140
12141
12142
12143
12144
12145
12146
12147
12148
12149
12150
12151
12153
14033
14034
14035
14036
14037
14038
14039
14040
14041
14042
14043
14044
14045
14046
14047
14048
14049
14050
14051
14052
14053
14054
14055
14056
14057
14058
14059
14060
14061
14062
14063
14064
14065
14066
14067
14068
14069
14070
14072
15952
15953
15954
15955
15956
15957
15958
15959
15960
15961
15962
15963
15964
15965
15966
15967
15968
15969
15970
15971
15972
15973
15974
15975
15976
15977
15978
15979
15980
15981
15982
15983
15984
15985
15986
15987
15988
15989
15991
17871
17872
17873
17874
17875
17876
17877
17878
17879
17880
17881
17882
17883
17884
17885
17886
17887
17888
17889
17890
17891
17892
17893
17894
17895
17896
17897
17898
17899
17900
17901
17902
17903
17904
17905
17906
17907
17908
17910
19790
19791
19792
19793
19794
19795
19796
19797
19798
19799
19800
19801
19802
19803
19804
19805
19806
19807
19808
19809
19810
19811
19812
19813
19814
19815
19816
19817
19818
19819
19820
19821
19822
19823
19824
19825
19826
19827
19829
21709
21710
21711
21712
21713
21714
21715
21716
21717
21718
21719
21720
21721
21722
21723
21724
21725
21726
21727
21728
21729
21730
21731
21732
21733
21734
21735
21736
21737
21738
21739
21740
21741
21742
21743
21744
21745
21746
21748
23628
23629
23630
23631
23632
23633
23634
23635
23636
23637
23638
23639
23640
23641
23642
23643
23644
23645
23646
23647
23648
23649
23650
23651
23652
23653
23654
23655
23656
23657
23658
23659
23660
23661
23662
23663
23664
23665
23667
25547
25548
25549
25550
25551
25552
25553
25554
25555
25556
25557
25558
25559
25560
25561
25562
25563
25564
25565
25566
25567
25568
25569
25570
25571
25572
25573
25574
25575
25576
25577
25578
25579
25580
25581
25582
25583
25584
25586
27466
27467
27468
27469
27470
27471
27472
27473
27474
27475
27476
27477
27478
27479
27480
27481
27482
27483
27484
27485
27486
27487
27488
27489
27490
27491
27492
27493
27494
27495
27496
27497
27498
27499
27500
27501
27502
27503
27505
29385
29386
29387
29388
29389
29390
29391
29392
29393
29394
29395
29396
29397
29398
29399
29400
29401
29402
29403
29404
29405
29406
29407
29408
29409
29410
29411
29412
29413
29414
29415
29416
29417
29418
29419
29420
29421
29422
29424
31304
31305
31306
31307
31308
31309
31310
31311
31312
31313
31314
31315
31316
31317
31318
31319
31320
31321
31322
31323
31324
31325
31326
31327
31328
31329
31330
31331
31332
31333
31334
31335
31336
31337
31338
31339
31340
31341
31343
33223
33224
33225
33226
33227
33228
33229
33230
33231
33232
33233
33234
33235
33236
33237
33238
33239
33240
33241
33242
33243
33244
33245
33246
33247
33248
33249
33250
33251
33252
33253
33254
33255
33256
33257
33258
33259
33260
33262
35142
35143
35144
35145
35146
35147
35148
35149
35150
35151
35152
35153
35154
35155
35156
35157
35158
35159
35160
35161
35162
35163
35164
35165
35166
35167
35168
35169
35170
35171
35172
35173
35174
35175
35176
35177
35178
35179
35181
37061
37062
37063
37064
37065
37066
37067
37068
37069
37070
37071
37072
37073
37074
37075
37076
37077
37078
37079
37080
37081
37082
37083
37084
37085
37086
37087
37088
37089
37090
37091
37092
37093
37094
37095
37096
37097
37098
37100
38980
38981
38982
38983
38984
38985
38986
38987
38988
38989
38990
38991
38992
38993
38994
38995
38996
38997
38998
38999
39000
39001
39002
39003
39004
39005
39006
39007
39008
39009
39010
39011
39012
39013
39014
39015
39016
39017
39019
40899
40900
40901
40902
40903
40904
40905
40906
40907
40908
40909
40910
40911
40912
40913
40914
40915
40916
40917
40918
40919
40920
40921
40922
40923
40924
40925
40926
40927
40928
40929
40930
40931
40932
40933
40934
40935
40936
40938
42818
42819
42820
42821
42822
42823
42824
42825
42826
42827
42828
42829
42830
42831
42832
42833
42834
42835
42836
42837
42838
42839
42840
42841
42842
42843
42844
42845
42846
42847
42848
42849
42850
42851
42852
42853
42854
42855
42857
44737
44738
44739
44740
44741
44742
44743
44744
44745
44746
44747
44748
44749
44750
44751
44752
44753
44754
44755
44756
44757
44758
44759
44760
44761
44762
44763
44764
44765
44766
44767
44768
44769
44770
44771
44772
44773
44774
44776
46656
46657
46658
46659
46660
46661
46662
46663
46664
46665
46666
46667
46668
46669
46670
46671
46672
46673
46674
46675
46676
46677
46678
46679
46680
46681
46682
46683
46684
46685
46686
46687
46688
46689
46690
46691
46692
46693
46695
48575
48576
48577
48578
48579
48580
48581
48582
48583
48584
48585
48586
48587
48588
48589
48590
48591
48592
48593
48594
48595
48596
48597
48598
48599
48600
48601
48602
48603
48604
48605
48606
48607
48608
48609
48610
48611
48612
48614
50494
50495
50496
50497
50498
50499
50500
50501
50502
50503
50504
50505
50506
50507
50508
50509
50510
50511
50512
50513
50514
50515
50516
50517
50518
50519
50520
50521
50522
50523
50524
50525
50526
50527
50528
50529
50530
50531
50533
52413
52414
52415
52416
52417
52418
52419
52420
52421
52422
52423
52424
52425
52426
52427
52428
52429
52430
52431
52432
52433
52434
52435
52436
52437
52438
52439
52440
52441
52442
52443
52444
52445
52446
52447
52448
52449
52450
52452
54332
54333
54334
54335
54336
54337
54338
54339
54340
54341
54342
54343
54344
54345
54346
54347
54348
54349
54350
54351
54352
54353
54354
54355
54356
54357
54358
54359
54360
54361
54362
54363
54364
54365
54366
54367
54368
54369
54371
56251
56252
56253
56254
56255
56256
56257
56258
56259
56260
56261
56262
56263
56264
56265
56266
56267
56268
56269
56270
56271
56272
56273
56274
56275
56276
56277
56278
56279
56280
56281
56282
56283
56284
56285
56286
56287
56288
56290
58170
58171
58172
58173
58174
58175
58176
58177
58178
58179
58180
58181
58182
58183
58184
58185
58186
58187
58188
58189
58190
58191
58192
58193
58194
58195
58196
58197
58198
58199
58200
58201
58202
58203
58204
58205
58206
58207
58209
60089
60090
60091
60092
60093
60094
60095
60096
60097
60098
60099
60100
60101
60102
60103
60104
60105
60106
60107
60108
60109
60110
60111
60112
60113
60114
60115
60116
60117
60118
60119
60120
60121
60122
60123
60124
60125
60126
60128
62008
62009
62010
62011
62012
62013
62014
62015
62016
62017
62018
62019
62020
62021
62022
62023
62024
62025
62026
62027
62028
62029
62030
62031
62032
62033
62034
62035
62036
62037
62038
62039
62040
62041
62042
62043
62044
62045
62047
63927
63928
63929
63930
63931
63932
63933
63934
63935
63936
63937
63938
63939
63940
63941
63942
63943
63944
63945
63946
63947
63948
63949
63950
63951
63952
63953
63954
63955
63956
63957
63958
63959
63960
63961
63962
63963
63964
63966
65846
65847
65848
65849
65850
65851
65852
65853
65854
65855
65856
65857
65858
65859
65860
65861
65862
65863
65864
65865
65866
65867
65868
65869
65870
65871
65872
65873
65874
65875
65876
65877
65878
65879
65880
65881
65882
65883
65885
67765
67766
67767
67768
67769
67770
67771
67772
67773
67774
67775
67776
67777
67778
67779
67780
67781
67782
67783
67784
67785
67786
67787
67788
67789
67790
67791
67792
67793
67794
67795
67796
67797
67798
67799
67800
67801
67802
67804
69684
69685
69686
69687
69688
69689
69690
69691
69692
69693
69694
69695
69696
69697
69698
69699
69700
69701
69702
69703
69704
69705
69706
69707
69708
69709
69710
69711
69712
69713
69714
69715
69716
69717
69718
69719
69720
69721
69723
71601
71602
71603
71604
71605
71606
71607
71608
71609
71610
71611
71612
71613
71614
71615
71616
71617
71618
71619
71620
71621
71622
71623
71624
71625
71626
71627
71628
71629
71630
71631
71632
71633
71634
71635
71636
71637
71638
71639
71640
71642
73520
73521
73522
73523
73524
73525
73526
73527
73528
73529
73530
73531
73532
73533
73534
73535
73536
73537
73538
73539
73540
73541
73542
73543
73544
73545
73546
73547
73548
73549
73550
73551
73552
73553
73554
73555
73556
73557
73558
73559
73561
75440
75441
75442
75443
75444
75445
75446
75447
75448
75449
75450
75451
75452
75453
75454
75455
75456
75457
75458
75459
75460
75461
75462
75463
75464
75465
75466
75467
75468
75469
75470
75471
75472
75473
75474
75475
75476
75477
75478
75479
75481
77360
77361
77362
77363
77364
77365
77366
77367
77368
77369
77370
77371
77372
77373
77374
77375
77376
77377
77378
77379
77380
77381
77382
77383
77384
77385
77386
77387
77388
77389
77390
77391
77392
77393
77394
77395
77396
77397
77398
77399
77401
79280
79281
79282
79283
79284
79285
79286
79287
79288
79289
79290
79291
79292
79293
79294
79295
79296
79297
79298
79299
79300
79301
79302
79303
79304
79305
79306
79307
79308
79309
79310
79311
79312
79313
79314
79315
79316
79317
79318
79319
79321
81200
81201
81202
81203
81204
81205
81206
81207
81208
81209
81210
81211
81212
81213
81214
81215
81216
81217
81218
81219
81220
81221
81222
81223
81224
81225
81226
81227
81228
81229
81230
81231
81232
81233
81234
81235
81236
81237
81238
81239
81241
83120
83121
83122
83123
83124
83125
83126
83127
83128
83129
83130
83131
83132
83133
83134
83135
83136
83137
83138
83139
83140
83141
83142
83143
83144
83145
83146
83147
83148
83149
83150
83151
83152
83153
83154
83155
83156
83157
83158
83159
83161
85040
85041
85042
85043
85044
85045
85046
85047
85048
85049
85050
85051
85052
85053
85054
85055
85056
85057
85058
85059
85060
85061
85062
85063
85064
85065
85066
85067
85068
85069
85070
85071
85072
85073
85074
85075
85076
85077
85078
85079
85081
86960
86961
86962
86963
86964
86965
86966
86967
86968
86969
86970
86971
86972
86973
86974
86975
86976
86977
86978
86979
86980
86981
86982
86983
86984
86985
86986
86987
86988
86989
86990
86991
86992
86993
86994
86995
86996
86997
86998
86999
87001
88880
88881
88882
88883
88884
88885
88886
88887
88888
88889
88890
88891
88892
88893
88894
88895
88896
88897
88898
88899
88900
88901
88902
88903
88904
88905
88906
88907
88908
88909
88910
88911
88912
88913
88914
88915
88916
88917
88918
88919
88921
90800
90801
90802
90803
90804
90805
90806
90807
90808
90809
90810
90811
90812
90813
90814
90815
90816
90817
90818
90819
90820
90821
90822
90823
90824
90825
90826
90827
90828
90829
90830
90831
90832
90833
90834
90835
90836
90837
90838
90839
92719
92720
92721
92722
92723
92724
92725
92726
92727
92728
92729
92730
92731
92732
92733
92734
92735
92736
92737
92738
92739
92740
92741
92742
92743
92744
92745
92746
92747
92748
92749
92750
92751
92752
92753
92754
92755
92756
92758
94638
94639
94640
94641
94642
94643
94644
94645
94646
94647
94648
94649
94650
94651
94652
94653
94654
94655
94656
94657
94658
94659
94660
94661
94662
94663
94664
94665
94666
94667
94668
94669
94670
94671
94672
94673
94674
94675
94677
96557
96558
96559
96560
96561
96562
96563
96564
96565
96566
96567
96568
96569
96570
96571
96572
96573
96574
96575
96576
96577
96578
96579
96580
96581
96582
96583
96584
96585
96586
96587
96588
96589
96590
96591
96592
96593
96594
96596
98476
98477
98478
98479
98480
98481
98482
98483
98484
98485
98486
98487
98488
98489
98490
98491
98492
98493
98494
98495
98496
98497
98498
98499
98500
98501
98502
98503
98504
98505
98506
98507
98508
98509
98510
98511
98512
98513
98515
100395
100396
100397
100398
100399
100400
100401
100402
100403
100404
100405
100406
100407
100408
100409
100410
100411
100412
100413
100414
100415
100416
100417
100418
100419
100420
100421
100422
100423
100424
100425
100426
100427
100428
100429
100430
100431
100432
100434
102314
102315
102316
102317
102318
102319
102320
102321
102322
102323
102324
102325
102326
102327
102328
102329
102330
102331
102332
102333
102334
102335
102336
102337
102338
102339
102340
102341
102342
102343
102344
102345
102346
102347
102348
102349
102350
102351
102353
104233
104234
104235
104236
104237
104238
104239
104240
104241
104242
104243
104244
104245
104246
104247
104248
104249
104250
104251
104252
104253
104254
104255
104256
104257
104258
104259
104260
104261
104262
104263
104264
104265
104266
104267
104268
104269
104270
104272
106152
106153
106154
106155
106156
106157
106158
106159
106160
106161
106162
106163
106164
106165
106166
106167
106168
106169
106170
106171
106172
106173
106174
106175
106176
106177
106178
106179
106180
106181
106182
106183
106184
106185
106186
106187
106188
106189
106191
108071
108072
108073
108074
108075
108076
108077
108078
108079
108080
108081
108082
108083
108084
108085
108086
108087
108088
108089
108090
108091
108092
108093
108094
108095
108096
108097
108098
108099
108100
108101
108102
108103
108104
108105
108106
108107
108108
108110
109990
109991
109992
109993
109994
109995
109996
109997
109998
109999
110000
110001
110002
110003
110004
110005
110006
110007
110008
110009
110010
110011
110012
110013
110014
110015
110016
110017
110018
110019
110020
110021
110022
110023
110024
110025
110026
110027
110029
111909
111910
111911
111912
111913
111914
111915
111916
111917
111918
111919
111920
111921
111922
111923
111924
111925
111926
111927
111928
111929
111930
111931
111932
111933
111934
111935
111936
111937
111938
111939
111940
111941
111942
111943
111944
111945
111946
111948
113828
113829
113830
113831
113832
113833
113834
113835
113836
113837
113838
113839
113840
113841
113842
113843
113844
113845
113846
113847
113848
113849
113850
113851
113852
113853
113854
113855
113856
113857
113858
113859
113860
113861
113862
113863
113864
113865
113867
115747
115748
115749
115750
115751
115752
115753
115754
115755
115756
115757
115758
115759
115760
115761
115762
115763
115764
115765
115766
115767
115768
115769
115770
115771
115772
115773
115774
115775
115776
115777
115778
115779
115780
115781
115782
115783
115784
115786
117666
117667
117668
117669
117670
117671
117672
117673
117674
117675
117676
117677
117678
117679
117680
117681
117682
117683
117684
117685
117686
117687
117688
117689
117690
117691
117692
117693
117694
117695
117696
117697
117698
117699
117700
117701
117702
117703
117705
119585
119586
119587
119588
119589
119590
119591
119592
119593
119594
119595
119596
119597
119598
119599
119600
119601
119602
119603
119604
119605
119606
119607
119608
119609
119610
119611
119612
119613
119614
119615
119616
119617
119618
119619
119620
119621
119622
119624
121504
121505
121506
121507
121508
121509
121510
121511
121512
121513
121514
121515
121516
121517
121518
121519
121520
121521
121522
121523
121524
121525
121526
121527
121528
121529
121530
121531
121532
121533
121534
121535
121536
121537
121538
121539
121540
121541
121543
123423
123424
123425
123426
123427
123428
123429
123430
123431
123432
123433
123434
123435
123436
123437
123438
123439
123440
123441
123442
123443
123444
123445
123446
123447
123448
123449
123450
123451
123452
123453
123454
123455
123456
123457
123458
123459
123460
123462
125342
125343
125344
125345
125346
125347
125348
125349
125350
125351
125352
125353
125354
125355
125356
125357
125358
125359
125360
125361
125362
125363
125364
125365
125366
125367
125368
125369
125370
125371
125372
125373
125374
125375
125376
125377
125378
125379
125381
127261
127262
127263
127264
127265
127266
127267
127268
127269
127270
127271
127272
127273
127274
127275
127276
127277
127278
127279
127280
127281
127282
127283
127284
127285
127286
127287
127288
127289
127290
127291
127292
127293
127294
127295
127296
127297
127298
127300
129180
129181
129182
129183
129184
129185
129186
129187
129188
129189
129190
129191
129192
129193
129194
129195
129196
129197
129198
129199
129200
129201
129202
129203
129204
129205
129206
129207
129208
129209
129210
129211
129212
129213
129214
129215
129216
129217
129219
131099
131100
131101
131102
131103
131104
131105
131106
131107
131108
131109
131110
131111
131112
131113
131114
131115
131116
131117
131118
131119
131120
131121
131122
131123
131124
131125
131126
131127
131128
131129
131130
131131
131132
131133
131134
131135
131136
131138
133018
133019
133020
133021
133022
133023
133024
133025
133026
133027
133028
133029
133030
133031
133032
133033
133034
133035
133036
133037
133038
133039
133040
133041
133042
133043
133044
133045
133046
133047
133048
133049
133050
133051
133052
133053
133054
133055
133057
134937
134938
134939
134940
134941
134942
134943
134944
134945
134946
134947
134948
134949
134950
134951
134952
134953
134954
134955
134956
134957
134958
134959
134960
134961
134962
134963
134964
134965
134966
134967
134968
134969
134970
134971
134972
134973
134974
134976
136856
136857
136858
136859
136860
136861
136862
136863
136864
136865
136866
136867
136868
136869
136870
136871
136872
136873
136874
136875
136876
136877
136878
136879
136880
136881
136882
136883
136884
136885
136886
136887
136888
136889
136890
136891
136892
136893
136895
138775
138776
138777
138778
138779
138780
138781
138782
138783
138784
138785
138786
138787
138788
138789
138790
138791
138792
138793
138794
138795
138796
138797
138798
138799
138800
138801
138802
138803
138804
138805
138806
138807
138808
138809
138810
138811
138812
138814
140694
140695
140696
140697
140698
140699
140700
140701
140702
140703
140704
140705
140706
140707
140708
140709
140710
140711
140712
140713
140714
140715
140716
140717
140718
140719
140720
140721
140722
140723
140724
140725
140726
140727
140728
140729
140730
140731
140733
142613
142614
142615
142616
142617
142618
142619
142620
142621
142622
142623
142624
142625
142626
142627
142628
142629
142630
142631
142632
142633
142634
142635
142636
142637
142638
142639
142640
142641
142642
142643
142644
142645
142646
142647
142648
142649
142650
142652
144532
144533
144534
144535
144536
144537
144538
144539
144540
144541
144542
144543
144544
144545
144546
144547
144548
144549
144550
144551
144552
144553
144554
144555
144556
144557
144558
144559
144560
144561
144562
144563
144564
144565
144566
144567
144568
144569
144571
146451
146452
146453
146454
146455
146456
146457
146458
146459
146460
146461
146462
146463
146464
146465
146466
146467
146468
146469
146470
146471
146472
146473
146474
146475
146476
146477
146478
146479
146480
146481
146482
146483
146484
146485
146486
146487
146488
146490
148370
148371
148372
148373
148374
148375
148376
148377
148378
148379
148380
148381
148382
148383
148384
148385
148386
148387
148388
148389
148390
148391
148392
148393
148394
148395
148396
148397
148398
148399
148400
148401
148402
148403
148404
148405
148406
148407
148409
150289
150290
150291
150292
150293
150294
150295
150296
150297
150298
150299
150300
150301
150302
150303
150304
150305
150306
150307
150308
150309
150310
150311
150312
150313
150314
150315
150316
150317
150318
150319
150320
150321
150322
150323
150324
150325
150326
150328
151913
151914
151915
151916
151917
151918
151919
151920
151921
151922
151923
151924
151925
151926
151927
151928
151929
151930
151931
153958
153959
153960
153961
153962
153963
153964
153965
153966
153967
153968
153969
153970
153971
153972
153973
153974
153975
153976
153977
154918
154919
154920
154921
154922
154923
154924
154925
154926
154927
154928
154929
154930
154931
154932
154933
154934
154935
154936
154937
155878
155879
155880
155881
155882
155883
155884
155885
155886
155887
155888
155889
155890
155891
155892
155893
155894
155895
155896
155897
156838
156839
156840
156841
156842
156843
156844
156845
156846
156847
156848
156849
156850
156851
156852
156853
156854
156855
156856
156857
157798
157799
157800
157801
157802
157803
157804
157805
157806
157807
157808
157809
157810
157811
157812
157813
157814
157815
157816
157817
158758
158759
158760
158761
158762
158763
158764
158765
158766
158767
158768
158769
158770
158771
158772
158773
158774
158775
158776
158777
159718
159719
159720
159721
159722
159723
159724
159725
159726
159727
159728
159729
159730
159731
159732
159733
159734
159735
159736
159737
160678
160679
160680
160681
160682
160683
160684
160685
160686
160687
160688
160689
160690
160691
160692
160693
160694
160695
160696
160697
161638
161639
161640
161641
161642
161643
161644
161645
161646
161647
161648
161649
161650
161651
161652
161653
161654
161655
161656
161657
162598
162599
162600
162601
162602
162603
162604
162605
162606
162607
162608
162609
162610
162611
162612
162613
162614
162615
162616
162617
163558
163559
163560
163561
163562
163563
163564
163565
163566
163567
163568
163569
163570
163571
163572
163573
163574
163575
163576
163577
164518
164519
164520
164521
164522
164523
164524
164525
164526
164527
164528
164529
164530
164531
164532
164533
164534
164535
164536
164537
165478
165479
165480
165481
165482
165483
165484
165485
165486
165487
165488
165489
165490
165491
165492
165493
165494
165495
165496
165497
166438
166439
166440
166441
166442
166443
166444
166445
166446
166447
166448
166449
166450
166451
166452
166453
166454
166455
166456
166457
167398
167399
167400
167401
167402
167403
167404
167405
167406
167407
167408
167409
167410
167411
167412
167413
167414
167415
167416
167417
168358
168359
168360
168361
168362
168363
168364
168365
168366
168367
168368
168369
168370
168371
168372
168373
168374
168375
168376
168377
169318
169319
169320
169321
169322
169323
169324
169325
169326
169327
169328
169329
169330
169331
169332
169333
169334
169335
169336
169337
170278
170279
170280
170281
170282
170283
170284
170285
170286
170287
170288
170289
170290
170291
170292
170293
170294
170295
170296
170297
171238
171239
171240
171241
171242
171243
171244
171245
171246
171247
171248
171249
171250
171251
171252
171253
171254
171255
171256
171257
172198
172199
172200
172201
172202
172203
172204
172205
172206
172207
172208
172209
172210
172211
172212
172213
172214
172215
172216
172217
173158
173159
173160
173161
173162
173163
173164
173165
173166
173167
173168
173169
173170
173171
173172
173173
173174
173175
173176
173177
174118
174119
174120
174121
174122
174123
174124
174125
174126
174127
174128
174129
174130
174131
174132
174133
174134
174135
174136
174137
175078
175079
175080
175081
175082
175083
175084
175085
175086
175087
175088
175089
175090
175091
175092
175093
175094
175095
175096
175097
176038
176039
176040
176041
176042
176043
176044
176045
176046
176047
176048
176049
176050
176051
176052
176053
176054
176055
176056
176057
176998
176999
177000
177001
177002
177003
177004
177005
177006
177007
177008
177009
177010
177011
177012
177013
177014
177015
177016
177017
177958
177959
177960
177961
177962
177963
177964
177965
177966
177967
177968
177969
177970
177971
177972
177973
177974
177975
177976
177977
178918
178919
178920
178921
178922
178923
178924
178925
178926
178927
178928
178929
178930
178931
178932
178933
178934
178935
178936
178937
179878
179879
179880
179881
179882
179883
179884
179885
179886
179887
179888
179889
179890
179891
179892
179893
179894
179895
179896
179897
180838
180839
180840
180841
180842
180843
180844
180845
180846
180847
180848
180849
180850
180851
180852
180853
180854
180855
180856
180857
181798
181799
181800
181801
181802
181803
181804
181805
181806
181807
181808
181809
181810
181811
181812
181813
181814
181815
181816
181817
182758
182759
182760
182761
182762
182763
182764
182765
182766
182767
182768
182769
182770
182771
182772
182773
182774
182775
182776
182777
183718
183719
183720
183721
183722
183723
183724
183725
183726
183727
183728
183729
183730
183731
183732
183733
183734
183735
183736
183737
184678
184679
184680
184681
184682
184683
184684
184685
184686
184687
184688
184689
184690
184691
184692
184693
184694
184695
184696
184697
185638
185639
185640
185641
185642
185643
185644
185645
185646
185647
185648
185649
185650
185651
185652
185653
185654
185655
185656
185657
186598
186599
186600
186601
186602
186603
186604
186605
186606
186607
186608
186609
186610
186611
186612
186613
186614
186615
186616
186617
187558
187559
187560
187561
187562
187563
187564
187565
187566
187567
187568
187569
187570
187571
187572
187573
187574
187575
187576
187577
188518
188519
188520
188521
188522
188523
188524
188525
188526
188527
188528
188529
188530
188531
188532
188533
188534
188535
188536
188537
189477
189478
189479
189480
189481
189482
189483
189484
189485
189486
189487
189488
189489
189490
189491
189492
189493
189494
189495
189496
189497
190437
190438
190439
190440
190441
190442
190443
190444
190445
190446
190447
190448
190449
190450
190451
190452
190453
190454
190455
190456
190457
191397
191398
191399
191400
191401
191402
191403
191404
191405
191406
191407
191408
191409
191410
191411
191412
191413
191414
191415
191416
191417
192357
192358
192359
192360
192361
192362
192363
192364
192365
192366
192367
192368
192369
192370
192371
192372
192373
192374
192375
192376
192377
193317
193318
193319
193320
193321
193322
193323
193324
193325
193326
193327
193328
193329
193330
193331
193332
193333
193334
193335
193336
193337
194277
194278
194279
194280
194281
194282
194283
194284
194285
194286
194287
194288
194289
194290
194291
194292
194293
194294
194295
194296
194297
195237
195238
195239
195240
195241
195242
195243
195244
195245
195246
195247
195248
195249
195250
195251
195252
195253
195254
195255
195256
195257
196197
196198
196199
196200
196201
196202
196203
196204
196205
196206
196207
196208
196209
196210
196211
196212
196213
196214
196215
196216
196217
197157
197158
197159
197160
197161
197162
197163
197164
197165
197166
197167
197168
197169
197170
197171
197172
197173
197174
197175
197176
197177
198117
198118
198119
198120
198121
198122
198123
198124
198125
198126
198127
198128
198129
198130
198131
198132
198133
198134
198135
198136
198137
199077
199078
199079
199080
199081
199082
199083
199084
199085
199086
199087
199088
199089
199090
199091
199092
199093
199094
199095
199096
199097
200037
200038
200039
200040
200041
200042
200043
200044
200045
200046
200047
200048
200049
200050
200051
200052
200053
200054
200055
200056
200997
200998
200999
201000
201001
201002
201003
201004
201005
201006
201007
201008
201009
201010
201011
201012
201013
201014
201015
201016
201957
201958
201959
201960
201961
201962
201963
201964
201965
201966
201967
201968
201969
201970
201971
201972
201973
201974
201975
201976
202917
202918
202919
202920
202921
202922
202923
202924
202925
202926
202927
202928
202929
202930
202931
202932
202933
202934
202935
202936
203877
203878
203879
203880
203881
203882
203883
203884
203885
203886
203887
203888
203889
203890
203891
203892
203893
203894
203895
203896
204837
204838
204839
204840
204841
204842
204843
204844
204845
204846
204847
204848
204849
204850
204851
204852
204853
204854
204855
204856
205797
205798
205799
205800
205801
205802
205803
205804
205805
205806
205807
205808
205809
205810
205811
205812
205813
205814
205815
205816
206757
206758
206759
206760
206761
206762
206763
206764
206765
206766
206767
206768
206769
206770
206771
206772
206773
206774
206775
206776
207717
207718
207719
207720
207721
207722
207723
207724
207725
207726
207727
207728
207729
207730
207731
207732
207733
207734
207735
207736
208677
208678
208679
208680
208681
208682
208683
208684
208685
208686
208687
208688
208689
208690
208691
208692
208693
208694
208695
208696
209637
209638
209639
209640
209641
209642
209643
209644
209645
209646
209647
209648
209649
209650
209651
209652
209653
209654
209655
209656
210597
210598
210599
210600
210601
210602
210603
210604
210605
210606
210607
210608
210609
210610
210611
210612
210613
210614
210615
210616
211557
211558
211559
211560
211561
211562
211563
211564
211565
211566
211567
211568
211569
211570
211571
211572
211573
211574
211575
211576
212517
212518
212519
212520
212521
212522
212523
212524
212525
212526
212527
212528
212529
212530
212531
212532
212533
212534
212535
212536
213477
213478
213479
213480
213481
213482
213483
213484
213485
213486
213487
213488
213489
213490
213491
213492
213493
213494
213495
213496
214437
214438
214439
214440
214441
214442
214443
214444
214445
214446
214447
214448
214449
214450
214451
214452
214453
214454
214455
214456
215397
215398
215399
215400
215401
215402
215403
215404
215405
215406
215407
215408
215409
215410
215411
215412
215413
215414
215415
215416
216357
216358
216359
216360
216361
216362
216363
216364
216365
216366
216367
216368
216369
216370
216371
216372
216373
216374
216375
216376
217317
217318
217319
217320
217321
217322
217323
217324
217325
217326
217327
217328
217329
217330
217331
217332
217333
217334
217335
217336
218277
218278
218279
218280
218281
218282
218283
218284
218285
218286
218287
218288
218289
218290
218291
218292
218293
218294
218295
218296
219237
219238
219239
219240
219241
219242
219243
219244
219245
219246
219247
219248
219249
219250
219251
219252
219253
219254
219255
219256
220197
220198
220199
220200
220201
220202
220203
220204
220205
220206
220207
220208
220209
220210
220211
220212
220213
220214
220215
220216
221157
221158
221159
221160
221161
221162
221163
221164
221165
221166
221167
221168
221169
221170
221171
221172
221173
221174
221175
221176
222117
222118
222119
222120
222121
222122
222123
222124
222125
222126
222127
222128
222129
222130
222131
222132
222133
222134
222135
222136
223077
223078
223079
223080
223081
223082
223083
223084
223085
223086
223087
223088
223089
223090
223091
223092
223093
223094
223095
223096
224037
224038
224039
224040
224041
224042
224043
224044
224045
224046
224047
224048
224049
224050
224051
224052
224053
224054
224055
224056
224997
224998
224999
225000
225001
225002
225003
225004
225005
225006
225007
225008
225009
225010
225011
225012
225013
225014
225015
225016
225957
225958
225959
225960
225961
225962
225963
225964
225965
225966
225967
225968
225969
225970
225971
225972
225973
225974
225975
225976
226917
226918
226919
226920
226921
226922
226923
226924
226925
226926
226927
226928
226929
226930
226931
226932
226933
226934
226935
226936
227877
227878
227879
227880
227881
227882
227883
227884
227885
227886
227887
227888
227889
227890
227891
227892
227893
227894
227895
227896
228837
228838
228839
228840
228841
228842
228843
228844
228845
228846
228847
228848
228849
228850
228851
228852
228853
228854
228855
228856
229797
229798
229799
229800
229801
229802
229803
229804
229805
229806
229807
229808
229809
229810
229811
229812
229813
229814
229815
229816
231295
231296
231297
231298
231299
231300
231301
231302
231303
231304
231305
231306
231307
231308
231309
231310
231311
231312
231313
231314
232255
232256
232257
232258
232259
232260
232261
232262
232263
232264
232265
232266
232267
232268
232269
232270
232271
232272
232273
232274
233215
233216
233217
233218
233219
233220
233221
233222
233223
233224
233225
233226
233227
233228
233229
233230
233231
233232
233233
233234
234175
234176
234177
234178
234179
234180
234181
234182
234183
234184
234185
234186
234187
234188
234189
234190
234191
234192
234193
234194
235135
235136
235137
235138
235139
235140
235141
235142
235143
235144
235145
235146
235147
235148
235149
235150
235151
235152
235153
235154
236095
236096
236097
236098
236099
236100
236101
236102
236103
236104
236105
236106
236107
236108
236109
236110
236111
236112
236113
236114
237055
237056
237057
237058
237059
237060
237061
237062
237063
237064
237065
237066
237067
237068
237069
237070
237071
237072
237073
237074
238015
238016
238017
238018
238019
238020
238021
238022
238023
238024
238025
238026
238027
238028
238029
238030
238031
238032
238033
238034
238975
238976
238977
238978
238979
238980
238981
238982
238983
238984
238985
238986
238987
238988
238989
238990
238991
238992
238993
238994
239935
239936
239937
239938
239939
239940
239941
239942
239943
239944
239945
239946
239947
239948
239949
239950
239951
239952
239953
239954
240895
240896
240897
240898
240899
240900
240901
240902
240903
240904
240905
240906
240907
240908
240909
240910
240911
240912
240913
240914
241855
241856
241857
241858
241859
241860
241861
241862
241863
241864
241865
241866
241867
241868
241869
241870
241871
241872
241873
241874
242815
242816
242817
242818
242819
242820
242821
242822
242823
242824
242825
242826
242827
242828
242829
242830
242831
242832
242833
242834
243775
243776
243777
243778
243779
243780
243781
243782
243783
243784
243785
243786
243787
243788
243789
243790
243791
243792
243793
243794
244735
244736
244737
244738
244739
244740
244741
244742
244743
244744
244745
244746
244747
244748
244749
244750
244751
244752
244753
244754
245695
245696
245697
245698
245699
245700
245701
245702
245703
245704
245705
245706
245707
245708
245709
245710
245711
245712
245713
245714
246655
246656
246657
246658
246659
246660
246661
246662
246663
246664
246665
246666
246667
246668
246669
246670
246671
246672
246673
246674
247615
247616
247617
247618
247619
247620
247621
247622
247623
247624
247625
247626
247627
247628
247629
247630
247631
247632
247633
247634
248575
248576
248577
248578
248579
248580
248581
248582
248583
248584
248585
248586
248587
248588
248589
248590
248591
248592
248593
248594
249535
249536
249537
249538
249539
249540
249541
249542
249543
249544
249545
249546
249547
249548
249549
249550
249551
249552
249553
249554
250495
250496
250497
250498
250499
250500
250501
250502
250503
250504
250505
250506
250507
250508
250509
250510
250511
250512
250513
250514
251455
251456
251457
251458
251459
251460
251461
251462
251463
251464
251465
251466
251467
251468
251469
251470
251471
251472
251473
251474
252415
252416
252417
252418
252419
252420
252421
252422
252423
252424
252425
252426
252427
252428
252429
252430
252431
252432
252433
252434
253375
253376
253377
253378
253379
253380
253381
253382
253383
253384
253385
253386
253387
253388
253389
253390
253391
253392
253393
253394
254335
254336
254337
254338
254339
254340
254341
254342
254343
254344
254345
254346
254347
254348
254349
254350
254351
254352
254353
254354
255295
255296
255297
255298
255299
255300
255301
255302
255303
255304
255305
255306
255307
255308
255309
255310
255311
255312
255313
255314
256255
256256
256257
256258
256259
256260
256261
256262
256263
256264
256265
256266
256267
256268
256269
256270
256271
256272
256273
256274
257215
257216
257217
257218
257219
257220
257221
257222
257223
257224
257225
257226
257227
257228
257229
257230
257231
257232
257233
257234
258175
258176
258177
258178
258179
258180
258181
258182
258183
258184
258185
258186
258187
258188
258189
258190
258191
258192
258193
258194
259135
259136
259137
259138
259139
259140
259141
259142
259143
259144
259145
259146
259147
259148
259149
259150
259151
259152
259153
259154
260095
260096
260097
260098
260099
260100
260101
260102
260103
260104
260105
260106
260107
260108
260109
260110
260111
260112
260113
260114
261055
261056
261057
261058
261059
261060
261061
261062
261063
261064
261065
261066
261067
261068
261069
261070
261071
261072
261073
261074
262015
262016
262017
262018
262019
262020
262021
262022
262023
262024
262025
262026
262027
262028
262029
262030
262031
262032
262033
262034
262975
262976
262977
262978
262979
262980
262981
262982
262983
262984
262985
262986
262987
262988
262989
262990
262991
262992
262993
262994
263935
263936
263937
263938
263939
263940
263941
263942
263943
263944
263945
263946
263947
263948
263949
263950
263951
263952
263953
263954
264895
264896
264897
264898
264899
264900
264901
264902
264903
264904
264905
264906
264907
264908
264909
264910
264911
264912
264913
264914
265855
265856
265857
265858
265859
265860
265861
265862
265863
265864
265865
265866
265867
265868
265869
265870
265871
265872
265873
265874
266814
266815
266816
266817
266818
266819
266820
266821
266822
266823
266824
266825
266826
266827
266828
266829
266830
266831
266832
266833
266834
267774
267775
267776
267777
267778
267779
267780
267781
267782
267783
267784
267785
267786
267787
267788
267789
267790
267791
267792
267793
267794
268734
268735
268736
268737
268738
268739
268740
268741
268742
268743
268744
268745
268746
268747
268748
268749
268750
268751
268752
268753
268754
269694
269695
269696
269697
269698
269699
269700
269701
269702
269703
269704
269705
269706
269707
269708
269709
269710
269711
269712
269713
269714
270654
270655
270656
270657
270658
270659
270660
270661
270662
270663
270664
270665
270666
270667
270668
270669
270670
270671
270672
270673
270674
271614
271615
271616
271617
271618
271619
271620
271621
271622
271623
271624
271625
271626
271627
271628
271629
271630
271631
271632
271633
271634
272574
272575
272576
272577
272578
272579
272580
272581
272582
272583
272584
272585
272586
272587
272588
272589
272590
272591
272592
272593
272594
273534
273535
273536
273537
273538
273539
273540
273541
273542
273543
273544
273545
273546
273547
273548
273549
273550
273551
273552
273553
273554
274494
274495
274496
274497
274498
274499
274500
274501
274502
274503
274504
274505
274506
274507
274508
274509
274510
274511
274512
274513
274514
275454
275455
275456
275457
275458
275459
275460
275461
275462
275463
275464
275465
275466
275467
275468
275469
275470
275471
275472
275473
275474
276414
276415
276416
276417
276418
276419
276420
276421
276422
276423
276424
276425
276426
276427
276428
276429
276430
276431
276432
276433
276434
277374
277375
277376
277377
277378
277379
277380
277381
277382
277383
277384
277385
277386
277387
277388
277389
277390
277391
277392
277393
278334
278335
278336
278337
278338
278339
278340
278341
278342
278343
278344
278345
278346
278347
278348
278349
278350
278351
278352
278353
279294
279295
279296
279297
279298
279299
279300
279301
279302
279303
279304
279305
279306
279307
279308
279309
279310
279311
279312
279313
280254
280255
280256
280257
280258
280259
280260
280261
280262
280263
280264
280265
280266
280267
280268
280269
280270
280271
280272
280273
281214
281215
281216
281217
281218
281219
281220
281221
281222
281223
281224
281225
281226
281227
281228
281229
281230
281231
281232
281233
282174
282175
282176
282177
282178
282179
282180
282181
282182
282183
282184
282185
282186
282187
282188
282189
282190
282191
282192
282193
283134
283135
283136
283137
283138
283139
283140
283141
283142
283143
283144
283145
283146
283147
283148
283149
283150
283151
283152
283153
284094
284095
284096
284097
284098
284099
284100
284101
284102
284103
284104
284105
284106
284107
284108
284109
284110
284111
284112
284113
285054
285055
285056
285057
285058
285059
285060
285061
285062
285063
285064
285065
285066
285067
285068
285069
285070
285071
285072
285073
286014
286015
286016
286017
286018
286019
286020
286021
286022
286023
286024
286025
286026
286027
286028
286029
286030
286031
286032
286033
286974
286975
286976
286977
286978
286979
286980
286981
286982
286983
286984
286985
286986
286987
286988
286989
286990
286991
286992
286993
287934
287935
287936
287937
287938
287939
287940
287941
287942
287943
287944
287945
287946
287947
287948
287949
287950
287951
287952
287953
288894
288895
288896
288897
288898
288899
288900
288901
288902
288903
288904
288905
288906
288907
288908
288909
288910
288911
288912
288913
289854
289855
289856
289857
289858
289859
289860
289861
289862
289863
289864
289865
289866
289867
289868
289869
289870
289871
289872
289873
290814
290815
290816
290817
290818
290819
290820
290821
290822
290823
290824
290825
290826
290827
290828
290829
290830
290831
290832
290833
291774
291775
291776
291777
291778
291779
291780
291781
291782
291783
291784
291785
291786
291787
291788
291789
291790
291791
291792
291793
292734
292735
292736
292737
292738
292739
292740
292741
292742
292743
292744
292745
292746
292747
292748
292749
292750
292751
292752
292753
293694
293695
293696
293697
293698
293699
293700
293701
293702
293703
293704
293705
293706
293707
293708
293709
293710
293711
293712
293713
294654
294655
294656
294657
294658
294659
294660
294661
294662
294663
294664
294665
294666
294667
294668
294669
294670
294671
294672
294673
295614
295615
295616
295617
295618
295619
295620
295621
295622
295623
295624
295625
295626
295627
295628
295629
295630
295631
295632
295633
296574
296575
296576
296577
296578
296579
296580
296581
296582
296583
296584
296585
296586
296587
296588
296589
296590
296591
296592
296593
297534
297535
297536
297537
297538
297539
297540
297541
297542
297543
297544
297545
297546
297547
297548
297549
297550
297551
297552
297553
298494
298495
298496
298497
298498
298499
298500
298501
298502
298503
298504
298505
298506
298507
298508
298509
298510
298511
298512
298513
299454
299455
299456
299457
299458
299459
299460
299461
299462
299463
299464
299465
299466
299467
299468
299469
299470
299471
299472
299473
300414
300415
300416
300417
300418
300419
300420
300421
300422
300423
300424
300425
300426
300427
300428
300429
300430
300431
300432
300433
301374
301375
301376
301377
301378
301379
301380
301381
301382
301383
301384
301385
301386
301387
301388
301389
301390
301391
301392
301393
302334
302335
302336
302337
302338
302339
302340
302341
302342
302343
302344
302345
302346
302347
302348
302349
302350
302351
302352
302353
303294
303295
303296
303297
303298
303299
303300
303301
303302
303303
303304
303305
303306
303307
303308
303309
303310
303311
303312
303313
304254
304255
304256
304257
304258
304259
304260
304261
304262
304263
304264
304265
304266
304267
304268
304269
304270
304271
304272
304273
305214
305215
305216
305217
305218
305219
305220
305221
305222
305223
305224
305225
305226
305227
305228
305229
305230
305231
305232
305233
306174
306175
306176
306177
306178
306179
306180
306181
306182
306183
306184
306185
306186
306187
306188
306189
306190
306191
306192
306193
307134
307135
307136
307137
307138
307139
307140
307141
307142
307143
307144
307145
307146
307147
307148
307149
307150
307151
307152
307153
308791
308792
308793
308794
308795
308796
308797
308798
308799
308800
308801
308802
308803
308804
308805
308806
308807
308808
308809
308810
-592
-2512
-4432
-6352
-8272
-10192
-12112
-14031
-15950
-17869
-19788
-21707
-23626
-25545
-27464
-29383
-31302
-33221
-35140
-37059
-38978
-40897
-42816
-44735
-46654
-48573
-50492
-52411
-54330
-56249
-58168
-60087
-62006
-63925
-65844
-67763
-69682
-69683
-71599
-73518
-75438
-77358
-79278
-81198
-83118
-85038
-86958
-88878
-90798
-92717
-94636
-96555
-98474
-100393
-102312
-104231
-106150
-108069
-109988
-111907
-113826
-115745
-117664
-119583
-121502
-123421
-125340
-127259
-129178
-131097
-133016
-134935
-136854
-138773
-140692
-142611
-144530
-146449
-148368
-150287
-151912
632
2552
4472
6392
8312
10232
12152
14071
15990
17909
19828
21747
23666
25585
27504
29423
31342
33261
35180
37099
39018
40937
42856
44775
46694
48613
50532
52451
54370
56289
58208
60127
62046
63965
65884
67803
69722
71641
73560
75480
77400
79320
81240
83160
85080
87000
88920
90840
90841
92757
94676
96595
98514
100433
102352
104271
106190
108109
110028
111947
113866
115785
117704
119623
121542
123461
125380
127299
129218
131137
133056
134975
136894
138813
140732
142651
144570
146489
148408
150327
151932
)


// ************************************************************************* //
