/*--------------------------------*- C++ -*----------------------------------*\
| =========                 |                                                 |
| \\      /  F ield         | OpenFOAM: The Open Source CFD Toolbox           |
|  \\    /   O peration     | Version:  2.3.0                                 |
|   \\  /    A nd           | Web:      www.OpenFOAM.org                      |
|    \\/     M anipulation  |                                                 |
\*---------------------------------------------------------------------------*/
FoamFile
{
    version     2.0;
    format      ascii;
    class       labelList;
    location    "constant/polyMesh";
    object      faceProcAddressing;
}
// * * * * * * * * * * * * * * * * * * * * * * * * * * * * * * * * * * * * * //


6529
(
272
273
274
275
276
277
278
279
280
281
282
283
284
285
286
287
288
289
290
291
292
293
294
295
296
297
298
299
300
301
302
303
304
305
306
307
308
309
311
2192
2193
2194
2195
2196
2197
2198
2199
2200
2201
2202
2203
2204
2205
2206
2207
2208
2209
2210
2211
2212
2213
2214
2215
2216
2217
2218
2219
2220
2221
2222
2223
2224
2225
2226
2227
2228
2229
2231
4112
4113
4114
4115
4116
4117
4118
4119
4120
4121
4122
4123
4124
4125
4126
4127
4128
4129
4130
4131
4132
4133
4134
4135
4136
4137
4138
4139
4140
4141
4142
4143
4144
4145
4146
4147
4148
4149
4151
6032
6033
6034
6035
6036
6037
6038
6039
6040
6041
6042
6043
6044
6045
6046
6047
6048
6049
6050
6051
6052
6053
6054
6055
6056
6057
6058
6059
6060
6061
6062
6063
6064
6065
6066
6067
6068
6069
6071
7952
7953
7954
7955
7956
7957
7958
7959
7960
7961
7962
7963
7964
7965
7966
7967
7968
7969
7970
7971
7972
7973
7974
7975
7976
7977
7978
7979
7980
7981
7982
7983
7984
7985
7986
7987
7988
7989
7991
9872
9873
9874
9875
9876
9877
9878
9879
9880
9881
9882
9883
9884
9885
9886
9887
9888
9889
9890
9891
9892
9893
9894
9895
9896
9897
9898
9899
9900
9901
9902
9903
9904
9905
9906
9907
9908
9909
9911
11792
11793
11794
11795
11796
11797
11798
11799
11800
11801
11802
11803
11804
11805
11806
11807
11808
11809
11810
11811
11812
11813
11814
11815
11816
11817
11818
11819
11820
11821
11822
11823
11824
11825
11826
11827
11828
11829
11831
13711
13712
13713
13714
13715
13716
13717
13718
13719
13720
13721
13722
13723
13724
13725
13726
13727
13728
13729
13730
13731
13732
13733
13734
13735
13736
13737
13738
13739
13740
13741
13742
13743
13744
13745
13746
13747
13748
13750
15630
15631
15632
15633
15634
15635
15636
15637
15638
15639
15640
15641
15642
15643
15644
15645
15646
15647
15648
15649
15650
15651
15652
15653
15654
15655
15656
15657
15658
15659
15660
15661
15662
15663
15664
15665
15666
15667
15669
17549
17550
17551
17552
17553
17554
17555
17556
17557
17558
17559
17560
17561
17562
17563
17564
17565
17566
17567
17568
17569
17570
17571
17572
17573
17574
17575
17576
17577
17578
17579
17580
17581
17582
17583
17584
17585
17586
17588
19468
19469
19470
19471
19472
19473
19474
19475
19476
19477
19478
19479
19480
19481
19482
19483
19484
19485
19486
19487
19488
19489
19490
19491
19492
19493
19494
19495
19496
19497
19498
19499
19500
19501
19502
19503
19504
19505
19507
21387
21388
21389
21390
21391
21392
21393
21394
21395
21396
21397
21398
21399
21400
21401
21402
21403
21404
21405
21406
21407
21408
21409
21410
21411
21412
21413
21414
21415
21416
21417
21418
21419
21420
21421
21422
21423
21424
21426
23306
23307
23308
23309
23310
23311
23312
23313
23314
23315
23316
23317
23318
23319
23320
23321
23322
23323
23324
23325
23326
23327
23328
23329
23330
23331
23332
23333
23334
23335
23336
23337
23338
23339
23340
23341
23342
23343
23345
25225
25226
25227
25228
25229
25230
25231
25232
25233
25234
25235
25236
25237
25238
25239
25240
25241
25242
25243
25244
25245
25246
25247
25248
25249
25250
25251
25252
25253
25254
25255
25256
25257
25258
25259
25260
25261
25262
25264
27144
27145
27146
27147
27148
27149
27150
27151
27152
27153
27154
27155
27156
27157
27158
27159
27160
27161
27162
27163
27164
27165
27166
27167
27168
27169
27170
27171
27172
27173
27174
27175
27176
27177
27178
27179
27180
27181
27183
29063
29064
29065
29066
29067
29068
29069
29070
29071
29072
29073
29074
29075
29076
29077
29078
29079
29080
29081
29082
29083
29084
29085
29086
29087
29088
29089
29090
29091
29092
29093
29094
29095
29096
29097
29098
29099
29100
29102
30982
30983
30984
30985
30986
30987
30988
30989
30990
30991
30992
30993
30994
30995
30996
30997
30998
30999
31000
31001
31002
31003
31004
31005
31006
31007
31008
31009
31010
31011
31012
31013
31014
31015
31016
31017
31018
31019
31021
32901
32902
32903
32904
32905
32906
32907
32908
32909
32910
32911
32912
32913
32914
32915
32916
32917
32918
32919
32920
32921
32922
32923
32924
32925
32926
32927
32928
32929
32930
32931
32932
32933
32934
32935
32936
32937
32938
32940
34820
34821
34822
34823
34824
34825
34826
34827
34828
34829
34830
34831
34832
34833
34834
34835
34836
34837
34838
34839
34840
34841
34842
34843
34844
34845
34846
34847
34848
34849
34850
34851
34852
34853
34854
34855
34856
34857
34859
36739
36740
36741
36742
36743
36744
36745
36746
36747
36748
36749
36750
36751
36752
36753
36754
36755
36756
36757
36758
36759
36760
36761
36762
36763
36764
36765
36766
36767
36768
36769
36770
36771
36772
36773
36774
36775
36776
36778
38658
38659
38660
38661
38662
38663
38664
38665
38666
38667
38668
38669
38670
38671
38672
38673
38674
38675
38676
38677
38678
38679
38680
38681
38682
38683
38684
38685
38686
38687
38688
38689
38690
38691
38692
38693
38694
38695
38697
40577
40578
40579
40580
40581
40582
40583
40584
40585
40586
40587
40588
40589
40590
40591
40592
40593
40594
40595
40596
40597
40598
40599
40600
40601
40602
40603
40604
40605
40606
40607
40608
40609
40610
40611
40612
40613
40614
40616
42496
42497
42498
42499
42500
42501
42502
42503
42504
42505
42506
42507
42508
42509
42510
42511
42512
42513
42514
42515
42516
42517
42518
42519
42520
42521
42522
42523
42524
42525
42526
42527
42528
42529
42530
42531
42532
42533
42535
44415
44416
44417
44418
44419
44420
44421
44422
44423
44424
44425
44426
44427
44428
44429
44430
44431
44432
44433
44434
44435
44436
44437
44438
44439
44440
44441
44442
44443
44444
44445
44446
44447
44448
44449
44450
44451
44452
44454
46334
46335
46336
46337
46338
46339
46340
46341
46342
46343
46344
46345
46346
46347
46348
46349
46350
46351
46352
46353
46354
46355
46356
46357
46358
46359
46360
46361
46362
46363
46364
46365
46366
46367
46368
46369
46370
46371
46373
48253
48254
48255
48256
48257
48258
48259
48260
48261
48262
48263
48264
48265
48266
48267
48268
48269
48270
48271
48272
48273
48274
48275
48276
48277
48278
48279
48280
48281
48282
48283
48284
48285
48286
48287
48288
48289
48290
48292
50172
50173
50174
50175
50176
50177
50178
50179
50180
50181
50182
50183
50184
50185
50186
50187
50188
50189
50190
50191
50192
50193
50194
50195
50196
50197
50198
50199
50200
50201
50202
50203
50204
50205
50206
50207
50208
50209
50211
52089
52090
52091
52092
52093
52094
52095
52096
52097
52098
52099
52100
52101
52102
52103
52104
52105
52106
52107
52108
52109
52110
52111
52112
52113
52114
52115
52116
52117
52118
52119
52120
52121
52122
52123
52124
52125
52126
52127
52128
52130
54008
54009
54010
54011
54012
54013
54014
54015
54016
54017
54018
54019
54020
54021
54022
54023
54024
54025
54026
54027
54028
54029
54030
54031
54032
54033
54034
54035
54036
54037
54038
54039
54040
54041
54042
54043
54044
54045
54046
54047
54049
55927
55928
55929
55930
55931
55932
55933
55934
55935
55936
55937
55938
55939
55940
55941
55942
55943
55944
55945
55946
55947
55948
55949
55950
55951
55952
55953
55954
55955
55956
55957
55958
55959
55960
55961
55962
55963
55964
55965
55966
55968
57846
57847
57848
57849
57850
57851
57852
57853
57854
57855
57856
57857
57858
57859
57860
57861
57862
57863
57864
57865
57866
57867
57868
57869
57870
57871
57872
57873
57874
57875
57876
57877
57878
57879
57880
57881
57882
57883
57884
57885
57887
59765
59766
59767
59768
59769
59770
59771
59772
59773
59774
59775
59776
59777
59778
59779
59780
59781
59782
59783
59784
59785
59786
59787
59788
59789
59790
59791
59792
59793
59794
59795
59796
59797
59798
59799
59800
59801
59802
59803
59804
59806
61684
61685
61686
61687
61688
61689
61690
61691
61692
61693
61694
61695
61696
61697
61698
61699
61700
61701
61702
61703
61704
61705
61706
61707
61708
61709
61710
61711
61712
61713
61714
61715
61716
61717
61718
61719
61720
61721
61722
61723
61725
63603
63604
63605
63606
63607
63608
63609
63610
63611
63612
63613
63614
63615
63616
63617
63618
63619
63620
63621
63622
63623
63624
63625
63626
63627
63628
63629
63630
63631
63632
63633
63634
63635
63636
63637
63638
63639
63640
63641
63642
63644
65522
65523
65524
65525
65526
65527
65528
65529
65530
65531
65532
65533
65534
65535
65536
65537
65538
65539
65540
65541
65542
65543
65544
65545
65546
65547
65548
65549
65550
65551
65552
65553
65554
65555
65556
65557
65558
65559
65560
65561
65563
67441
67442
67443
67444
67445
67446
67447
67448
67449
67450
67451
67452
67453
67454
67455
67456
67457
67458
67459
67460
67461
67462
67463
67464
67465
67466
67467
67468
67469
67470
67471
67472
67473
67474
67475
67476
67477
67478
67479
67480
67482
69360
69361
69362
69363
69364
69365
69366
69367
69368
69369
69370
69371
69372
69373
69374
69375
69376
69377
69378
69379
69380
69381
69382
69383
69384
69385
69386
69387
69388
69389
69390
69391
69392
69393
69394
69395
69396
69397
69398
69399
69401
71279
71280
71281
71282
71283
71284
71285
71286
71287
71288
71289
71290
71291
71292
71293
71294
71295
71296
71297
71298
71299
71300
71301
71302
71303
71304
71305
71306
71307
71308
71309
71310
71311
71312
71313
71314
71315
71316
71317
71318
71320
73198
73199
73200
73201
73202
73203
73204
73205
73206
73207
73208
73209
73210
73211
73212
73213
73214
73215
73216
73217
73218
73219
73220
73221
73222
73223
73224
73225
73226
73227
73228
73229
73230
73231
73232
73233
73234
73235
73236
73237
75118
75119
75120
75121
75122
75123
75124
75125
75126
75127
75128
75129
75130
75131
75132
75133
75134
75135
75136
75137
75138
75139
75140
75141
75142
75143
75144
75145
75146
75147
75148
75149
75150
75151
75152
75153
75154
75155
75157
77038
77039
77040
77041
77042
77043
77044
77045
77046
77047
77048
77049
77050
77051
77052
77053
77054
77055
77056
77057
77058
77059
77060
77061
77062
77063
77064
77065
77066
77067
77068
77069
77070
77071
77072
77073
77074
77075
77077
78958
78959
78960
78961
78962
78963
78964
78965
78966
78967
78968
78969
78970
78971
78972
78973
78974
78975
78976
78977
78978
78979
78980
78981
78982
78983
78984
78985
78986
78987
78988
78989
78990
78991
78992
78993
78994
78995
78997
80878
80879
80880
80881
80882
80883
80884
80885
80886
80887
80888
80889
80890
80891
80892
80893
80894
80895
80896
80897
80898
80899
80900
80901
80902
80903
80904
80905
80906
80907
80908
80909
80910
80911
80912
80913
80914
80915
80917
82798
82799
82800
82801
82802
82803
82804
82805
82806
82807
82808
82809
82810
82811
82812
82813
82814
82815
82816
82817
82818
82819
82820
82821
82822
82823
82824
82825
82826
82827
82828
82829
82830
82831
82832
82833
82834
82835
82837
84718
84719
84720
84721
84722
84723
84724
84725
84726
84727
84728
84729
84730
84731
84732
84733
84734
84735
84736
84737
84738
84739
84740
84741
84742
84743
84744
84745
84746
84747
84748
84749
84750
84751
84752
84753
84754
84755
84757
86638
86639
86640
86641
86642
86643
86644
86645
86646
86647
86648
86649
86650
86651
86652
86653
86654
86655
86656
86657
86658
86659
86660
86661
86662
86663
86664
86665
86666
86667
86668
86669
86670
86671
86672
86673
86674
86675
86677
88558
88559
88560
88561
88562
88563
88564
88565
88566
88567
88568
88569
88570
88571
88572
88573
88574
88575
88576
88577
88578
88579
88580
88581
88582
88583
88584
88585
88586
88587
88588
88589
88590
88591
88592
88593
88594
88595
88597
90478
90479
90480
90481
90482
90483
90484
90485
90486
90487
90488
90489
90490
90491
90492
90493
90494
90495
90496
90497
90498
90499
90500
90501
90502
90503
90504
90505
90506
90507
90508
90509
90510
90511
90512
90513
90514
90515
90517
92397
92398
92399
92400
92401
92402
92403
92404
92405
92406
92407
92408
92409
92410
92411
92412
92413
92414
92415
92416
92417
92418
92419
92420
92421
92422
92423
92424
92425
92426
92427
92428
92429
92430
92431
92432
92433
92434
92436
94316
94317
94318
94319
94320
94321
94322
94323
94324
94325
94326
94327
94328
94329
94330
94331
94332
94333
94334
94335
94336
94337
94338
94339
94340
94341
94342
94343
94344
94345
94346
94347
94348
94349
94350
94351
94352
94353
94355
96235
96236
96237
96238
96239
96240
96241
96242
96243
96244
96245
96246
96247
96248
96249
96250
96251
96252
96253
96254
96255
96256
96257
96258
96259
96260
96261
96262
96263
96264
96265
96266
96267
96268
96269
96270
96271
96272
96274
98154
98155
98156
98157
98158
98159
98160
98161
98162
98163
98164
98165
98166
98167
98168
98169
98170
98171
98172
98173
98174
98175
98176
98177
98178
98179
98180
98181
98182
98183
98184
98185
98186
98187
98188
98189
98190
98191
98193
100073
100074
100075
100076
100077
100078
100079
100080
100081
100082
100083
100084
100085
100086
100087
100088
100089
100090
100091
100092
100093
100094
100095
100096
100097
100098
100099
100100
100101
100102
100103
100104
100105
100106
100107
100108
100109
100110
100112
101992
101993
101994
101995
101996
101997
101998
101999
102000
102001
102002
102003
102004
102005
102006
102007
102008
102009
102010
102011
102012
102013
102014
102015
102016
102017
102018
102019
102020
102021
102022
102023
102024
102025
102026
102027
102028
102029
102031
103911
103912
103913
103914
103915
103916
103917
103918
103919
103920
103921
103922
103923
103924
103925
103926
103927
103928
103929
103930
103931
103932
103933
103934
103935
103936
103937
103938
103939
103940
103941
103942
103943
103944
103945
103946
103947
103948
103950
105830
105831
105832
105833
105834
105835
105836
105837
105838
105839
105840
105841
105842
105843
105844
105845
105846
105847
105848
105849
105850
105851
105852
105853
105854
105855
105856
105857
105858
105859
105860
105861
105862
105863
105864
105865
105866
105867
105869
107749
107750
107751
107752
107753
107754
107755
107756
107757
107758
107759
107760
107761
107762
107763
107764
107765
107766
107767
107768
107769
107770
107771
107772
107773
107774
107775
107776
107777
107778
107779
107780
107781
107782
107783
107784
107785
107786
107788
109668
109669
109670
109671
109672
109673
109674
109675
109676
109677
109678
109679
109680
109681
109682
109683
109684
109685
109686
109687
109688
109689
109690
109691
109692
109693
109694
109695
109696
109697
109698
109699
109700
109701
109702
109703
109704
109705
109707
111587
111588
111589
111590
111591
111592
111593
111594
111595
111596
111597
111598
111599
111600
111601
111602
111603
111604
111605
111606
111607
111608
111609
111610
111611
111612
111613
111614
111615
111616
111617
111618
111619
111620
111621
111622
111623
111624
111626
113506
113507
113508
113509
113510
113511
113512
113513
113514
113515
113516
113517
113518
113519
113520
113521
113522
113523
113524
113525
113526
113527
113528
113529
113530
113531
113532
113533
113534
113535
113536
113537
113538
113539
113540
113541
113542
113543
113545
115425
115426
115427
115428
115429
115430
115431
115432
115433
115434
115435
115436
115437
115438
115439
115440
115441
115442
115443
115444
115445
115446
115447
115448
115449
115450
115451
115452
115453
115454
115455
115456
115457
115458
115459
115460
115461
115462
115464
117344
117345
117346
117347
117348
117349
117350
117351
117352
117353
117354
117355
117356
117357
117358
117359
117360
117361
117362
117363
117364
117365
117366
117367
117368
117369
117370
117371
117372
117373
117374
117375
117376
117377
117378
117379
117380
117381
117383
119263
119264
119265
119266
119267
119268
119269
119270
119271
119272
119273
119274
119275
119276
119277
119278
119279
119280
119281
119282
119283
119284
119285
119286
119287
119288
119289
119290
119291
119292
119293
119294
119295
119296
119297
119298
119299
119300
119302
121182
121183
121184
121185
121186
121187
121188
121189
121190
121191
121192
121193
121194
121195
121196
121197
121198
121199
121200
121201
121202
121203
121204
121205
121206
121207
121208
121209
121210
121211
121212
121213
121214
121215
121216
121217
121218
121219
121221
123101
123102
123103
123104
123105
123106
123107
123108
123109
123110
123111
123112
123113
123114
123115
123116
123117
123118
123119
123120
123121
123122
123123
123124
123125
123126
123127
123128
123129
123130
123131
123132
123133
123134
123135
123136
123137
123138
123140
125020
125021
125022
125023
125024
125025
125026
125027
125028
125029
125030
125031
125032
125033
125034
125035
125036
125037
125038
125039
125040
125041
125042
125043
125044
125045
125046
125047
125048
125049
125050
125051
125052
125053
125054
125055
125056
125057
125059
126939
126940
126941
126942
126943
126944
126945
126946
126947
126948
126949
126950
126951
126952
126953
126954
126955
126956
126957
126958
126959
126960
126961
126962
126963
126964
126965
126966
126967
126968
126969
126970
126971
126972
126973
126974
126975
126976
126978
128858
128859
128860
128861
128862
128863
128864
128865
128866
128867
128868
128869
128870
128871
128872
128873
128874
128875
128876
128877
128878
128879
128880
128881
128882
128883
128884
128885
128886
128887
128888
128889
128890
128891
128892
128893
128894
128895
128897
130777
130778
130779
130780
130781
130782
130783
130784
130785
130786
130787
130788
130789
130790
130791
130792
130793
130794
130795
130796
130797
130798
130799
130800
130801
130802
130803
130804
130805
130806
130807
130808
130809
130810
130811
130812
130813
130814
130816
132696
132697
132698
132699
132700
132701
132702
132703
132704
132705
132706
132707
132708
132709
132710
132711
132712
132713
132714
132715
132716
132717
132718
132719
132720
132721
132722
132723
132724
132725
132726
132727
132728
132729
132730
132731
132732
132733
132735
134615
134616
134617
134618
134619
134620
134621
134622
134623
134624
134625
134626
134627
134628
134629
134630
134631
134632
134633
134634
134635
134636
134637
134638
134639
134640
134641
134642
134643
134644
134645
134646
134647
134648
134649
134650
134651
134652
134654
136534
136535
136536
136537
136538
136539
136540
136541
136542
136543
136544
136545
136546
136547
136548
136549
136550
136551
136552
136553
136554
136555
136556
136557
136558
136559
136560
136561
136562
136563
136564
136565
136566
136567
136568
136569
136570
136571
136573
138453
138454
138455
138456
138457
138458
138459
138460
138461
138462
138463
138464
138465
138466
138467
138468
138469
138470
138471
138472
138473
138474
138475
138476
138477
138478
138479
138480
138481
138482
138483
138484
138485
138486
138487
138488
138489
138490
138492
140372
140373
140374
140375
140376
140377
140378
140379
140380
140381
140382
140383
140384
140385
140386
140387
140388
140389
140390
140391
140392
140393
140394
140395
140396
140397
140398
140399
140400
140401
140402
140403
140404
140405
140406
140407
140408
140409
140411
142291
142292
142293
142294
142295
142296
142297
142298
142299
142300
142301
142302
142303
142304
142305
142306
142307
142308
142309
142310
142311
142312
142313
142314
142315
142316
142317
142318
142319
142320
142321
142322
142323
142324
142325
142326
142327
142328
142330
144210
144211
144212
144213
144214
144215
144216
144217
144218
144219
144220
144221
144222
144223
144224
144225
144226
144227
144228
144229
144230
144231
144232
144233
144234
144235
144236
144237
144238
144239
144240
144241
144242
144243
144244
144245
144246
144247
144249
146129
146130
146131
146132
146133
146134
146135
146136
146137
146138
146139
146140
146141
146142
146143
146144
146145
146146
146147
146148
146149
146150
146151
146152
146153
146154
146155
146156
146157
146158
146159
146160
146161
146162
146163
146164
146165
146166
146168
148048
148049
148050
148051
148052
148053
148054
148055
148056
148057
148058
148059
148060
148061
148062
148063
148064
148065
148066
148067
148068
148069
148070
148071
148072
148073
148074
148075
148076
148077
148078
148079
148080
148081
148082
148083
148084
148085
148087
149967
149968
149969
149970
149971
149972
149973
149974
149975
149976
149977
149978
149979
149980
149981
149982
149983
149984
149985
149986
149987
149988
149989
149990
149991
149992
149993
149994
149995
149996
149997
149998
149999
150000
150001
150002
150003
150004
150006
151752
151753
151754
151755
151756
151757
151758
151759
151760
151761
151762
151763
151764
151765
151766
151767
151768
151769
151770
153797
153798
153799
153800
153801
153802
153803
153804
153805
153806
153807
153808
153809
153810
153811
153812
153813
153814
153815
153816
154757
154758
154759
154760
154761
154762
154763
154764
154765
154766
154767
154768
154769
154770
154771
154772
154773
154774
154775
154776
155717
155718
155719
155720
155721
155722
155723
155724
155725
155726
155727
155728
155729
155730
155731
155732
155733
155734
155735
155736
156677
156678
156679
156680
156681
156682
156683
156684
156685
156686
156687
156688
156689
156690
156691
156692
156693
156694
156695
156696
157637
157638
157639
157640
157641
157642
157643
157644
157645
157646
157647
157648
157649
157650
157651
157652
157653
157654
157655
157656
158597
158598
158599
158600
158601
158602
158603
158604
158605
158606
158607
158608
158609
158610
158611
158612
158613
158614
158615
158616
159557
159558
159559
159560
159561
159562
159563
159564
159565
159566
159567
159568
159569
159570
159571
159572
159573
159574
159575
159576
160517
160518
160519
160520
160521
160522
160523
160524
160525
160526
160527
160528
160529
160530
160531
160532
160533
160534
160535
160536
161477
161478
161479
161480
161481
161482
161483
161484
161485
161486
161487
161488
161489
161490
161491
161492
161493
161494
161495
161496
162437
162438
162439
162440
162441
162442
162443
162444
162445
162446
162447
162448
162449
162450
162451
162452
162453
162454
162455
162456
163397
163398
163399
163400
163401
163402
163403
163404
163405
163406
163407
163408
163409
163410
163411
163412
163413
163414
163415
163416
164357
164358
164359
164360
164361
164362
164363
164364
164365
164366
164367
164368
164369
164370
164371
164372
164373
164374
164375
164376
165317
165318
165319
165320
165321
165322
165323
165324
165325
165326
165327
165328
165329
165330
165331
165332
165333
165334
165335
165336
166277
166278
166279
166280
166281
166282
166283
166284
166285
166286
166287
166288
166289
166290
166291
166292
166293
166294
166295
166296
167237
167238
167239
167240
167241
167242
167243
167244
167245
167246
167247
167248
167249
167250
167251
167252
167253
167254
167255
167256
168197
168198
168199
168200
168201
168202
168203
168204
168205
168206
168207
168208
168209
168210
168211
168212
168213
168214
168215
168216
169157
169158
169159
169160
169161
169162
169163
169164
169165
169166
169167
169168
169169
169170
169171
169172
169173
169174
169175
169176
170117
170118
170119
170120
170121
170122
170123
170124
170125
170126
170127
170128
170129
170130
170131
170132
170133
170134
170135
170136
171077
171078
171079
171080
171081
171082
171083
171084
171085
171086
171087
171088
171089
171090
171091
171092
171093
171094
171095
171096
172037
172038
172039
172040
172041
172042
172043
172044
172045
172046
172047
172048
172049
172050
172051
172052
172053
172054
172055
172056
172997
172998
172999
173000
173001
173002
173003
173004
173005
173006
173007
173008
173009
173010
173011
173012
173013
173014
173015
173016
173957
173958
173959
173960
173961
173962
173963
173964
173965
173966
173967
173968
173969
173970
173971
173972
173973
173974
173975
173976
174917
174918
174919
174920
174921
174922
174923
174924
174925
174926
174927
174928
174929
174930
174931
174932
174933
174934
174935
174936
175877
175878
175879
175880
175881
175882
175883
175884
175885
175886
175887
175888
175889
175890
175891
175892
175893
175894
175895
175896
176837
176838
176839
176840
176841
176842
176843
176844
176845
176846
176847
176848
176849
176850
176851
176852
176853
176854
176855
176856
177797
177798
177799
177800
177801
177802
177803
177804
177805
177806
177807
177808
177809
177810
177811
177812
177813
177814
177815
177816
178757
178758
178759
178760
178761
178762
178763
178764
178765
178766
178767
178768
178769
178770
178771
178772
178773
178774
178775
178776
179716
179717
179718
179719
179720
179721
179722
179723
179724
179725
179726
179727
179728
179729
179730
179731
179732
179733
179734
179735
179736
180676
180677
180678
180679
180680
180681
180682
180683
180684
180685
180686
180687
180688
180689
180690
180691
180692
180693
180694
180695
180696
181636
181637
181638
181639
181640
181641
181642
181643
181644
181645
181646
181647
181648
181649
181650
181651
181652
181653
181654
181655
181656
182596
182597
182598
182599
182600
182601
182602
182603
182604
182605
182606
182607
182608
182609
182610
182611
182612
182613
182614
182615
182616
183556
183557
183558
183559
183560
183561
183562
183563
183564
183565
183566
183567
183568
183569
183570
183571
183572
183573
183574
183575
183576
184516
184517
184518
184519
184520
184521
184522
184523
184524
184525
184526
184527
184528
184529
184530
184531
184532
184533
184534
184535
184536
185476
185477
185478
185479
185480
185481
185482
185483
185484
185485
185486
185487
185488
185489
185490
185491
185492
185493
185494
185495
185496
186436
186437
186438
186439
186440
186441
186442
186443
186444
186445
186446
186447
186448
186449
186450
186451
186452
186453
186454
186455
186456
187396
187397
187398
187399
187400
187401
187402
187403
187404
187405
187406
187407
187408
187409
187410
187411
187412
187413
187414
187415
187416
188356
188357
188358
188359
188360
188361
188362
188363
188364
188365
188366
188367
188368
188369
188370
188371
188372
188373
188374
188375
188376
189316
189317
189318
189319
189320
189321
189322
189323
189324
189325
189326
189327
189328
189329
189330
189331
189332
189333
189334
189335
189336
190276
190277
190278
190279
190280
190281
190282
190283
190284
190285
190286
190287
190288
190289
190290
190291
190292
190293
190294
190295
190296
191236
191237
191238
191239
191240
191241
191242
191243
191244
191245
191246
191247
191248
191249
191250
191251
191252
191253
191254
191255
192196
192197
192198
192199
192200
192201
192202
192203
192204
192205
192206
192207
192208
192209
192210
192211
192212
192213
192214
192215
193156
193157
193158
193159
193160
193161
193162
193163
193164
193165
193166
193167
193168
193169
193170
193171
193172
193173
193174
193175
194116
194117
194118
194119
194120
194121
194122
194123
194124
194125
194126
194127
194128
194129
194130
194131
194132
194133
194134
194135
195076
195077
195078
195079
195080
195081
195082
195083
195084
195085
195086
195087
195088
195089
195090
195091
195092
195093
195094
195095
196036
196037
196038
196039
196040
196041
196042
196043
196044
196045
196046
196047
196048
196049
196050
196051
196052
196053
196054
196055
196996
196997
196998
196999
197000
197001
197002
197003
197004
197005
197006
197007
197008
197009
197010
197011
197012
197013
197014
197015
197956
197957
197958
197959
197960
197961
197962
197963
197964
197965
197966
197967
197968
197969
197970
197971
197972
197973
197974
197975
198916
198917
198918
198919
198920
198921
198922
198923
198924
198925
198926
198927
198928
198929
198930
198931
198932
198933
198934
198935
199876
199877
199878
199879
199880
199881
199882
199883
199884
199885
199886
199887
199888
199889
199890
199891
199892
199893
199894
199895
200836
200837
200838
200839
200840
200841
200842
200843
200844
200845
200846
200847
200848
200849
200850
200851
200852
200853
200854
200855
201796
201797
201798
201799
201800
201801
201802
201803
201804
201805
201806
201807
201808
201809
201810
201811
201812
201813
201814
201815
202756
202757
202758
202759
202760
202761
202762
202763
202764
202765
202766
202767
202768
202769
202770
202771
202772
202773
202774
202775
203716
203717
203718
203719
203720
203721
203722
203723
203724
203725
203726
203727
203728
203729
203730
203731
203732
203733
203734
203735
204676
204677
204678
204679
204680
204681
204682
204683
204684
204685
204686
204687
204688
204689
204690
204691
204692
204693
204694
204695
205636
205637
205638
205639
205640
205641
205642
205643
205644
205645
205646
205647
205648
205649
205650
205651
205652
205653
205654
205655
206596
206597
206598
206599
206600
206601
206602
206603
206604
206605
206606
206607
206608
206609
206610
206611
206612
206613
206614
206615
207556
207557
207558
207559
207560
207561
207562
207563
207564
207565
207566
207567
207568
207569
207570
207571
207572
207573
207574
207575
208516
208517
208518
208519
208520
208521
208522
208523
208524
208525
208526
208527
208528
208529
208530
208531
208532
208533
208534
208535
209476
209477
209478
209479
209480
209481
209482
209483
209484
209485
209486
209487
209488
209489
209490
209491
209492
209493
209494
209495
210436
210437
210438
210439
210440
210441
210442
210443
210444
210445
210446
210447
210448
210449
210450
210451
210452
210453
210454
210455
211396
211397
211398
211399
211400
211401
211402
211403
211404
211405
211406
211407
211408
211409
211410
211411
211412
211413
211414
211415
212356
212357
212358
212359
212360
212361
212362
212363
212364
212365
212366
212367
212368
212369
212370
212371
212372
212373
212374
212375
213316
213317
213318
213319
213320
213321
213322
213323
213324
213325
213326
213327
213328
213329
213330
213331
213332
213333
213334
213335
214276
214277
214278
214279
214280
214281
214282
214283
214284
214285
214286
214287
214288
214289
214290
214291
214292
214293
214294
214295
215236
215237
215238
215239
215240
215241
215242
215243
215244
215245
215246
215247
215248
215249
215250
215251
215252
215253
215254
215255
216196
216197
216198
216199
216200
216201
216202
216203
216204
216205
216206
216207
216208
216209
216210
216211
216212
216213
216214
216215
217156
217157
217158
217159
217160
217161
217162
217163
217164
217165
217166
217167
217168
217169
217170
217171
217172
217173
217174
217175
218116
218117
218118
218119
218120
218121
218122
218123
218124
218125
218126
218127
218128
218129
218130
218131
218132
218133
218134
218135
219076
219077
219078
219079
219080
219081
219082
219083
219084
219085
219086
219087
219088
219089
219090
219091
219092
219093
219094
219095
220036
220037
220038
220039
220040
220041
220042
220043
220044
220045
220046
220047
220048
220049
220050
220051
220052
220053
220054
220055
220996
220997
220998
220999
221000
221001
221002
221003
221004
221005
221006
221007
221008
221009
221010
221011
221012
221013
221014
221015
221956
221957
221958
221959
221960
221961
221962
221963
221964
221965
221966
221967
221968
221969
221970
221971
221972
221973
221974
221975
222916
222917
222918
222919
222920
222921
222922
222923
222924
222925
222926
222927
222928
222929
222930
222931
222932
222933
222934
222935
223876
223877
223878
223879
223880
223881
223882
223883
223884
223885
223886
223887
223888
223889
223890
223891
223892
223893
223894
223895
224836
224837
224838
224839
224840
224841
224842
224843
224844
224845
224846
224847
224848
224849
224850
224851
224852
224853
224854
224855
225796
225797
225798
225799
225800
225801
225802
225803
225804
225805
225806
225807
225808
225809
225810
225811
225812
225813
225814
225815
226756
226757
226758
226759
226760
226761
226762
226763
226764
226765
226766
226767
226768
226769
226770
226771
226772
226773
226774
226775
227716
227717
227718
227719
227720
227721
227722
227723
227724
227725
227726
227727
227728
227729
227730
227731
227732
227733
227734
227735
228676
228677
228678
228679
228680
228681
228682
228683
228684
228685
228686
228687
228688
228689
228690
228691
228692
228693
228694
228695
229636
229637
229638
229639
229640
229641
229642
229643
229644
229645
229646
229647
229648
229649
229650
229651
229652
229653
229654
229655
231134
231135
231136
231137
231138
231139
231140
231141
231142
231143
231144
231145
231146
231147
231148
231149
231150
231151
231152
231153
232094
232095
232096
232097
232098
232099
232100
232101
232102
232103
232104
232105
232106
232107
232108
232109
232110
232111
232112
232113
233054
233055
233056
233057
233058
233059
233060
233061
233062
233063
233064
233065
233066
233067
233068
233069
233070
233071
233072
233073
234014
234015
234016
234017
234018
234019
234020
234021
234022
234023
234024
234025
234026
234027
234028
234029
234030
234031
234032
234033
234974
234975
234976
234977
234978
234979
234980
234981
234982
234983
234984
234985
234986
234987
234988
234989
234990
234991
234992
234993
235934
235935
235936
235937
235938
235939
235940
235941
235942
235943
235944
235945
235946
235947
235948
235949
235950
235951
235952
235953
236894
236895
236896
236897
236898
236899
236900
236901
236902
236903
236904
236905
236906
236907
236908
236909
236910
236911
236912
236913
237854
237855
237856
237857
237858
237859
237860
237861
237862
237863
237864
237865
237866
237867
237868
237869
237870
237871
237872
237873
238814
238815
238816
238817
238818
238819
238820
238821
238822
238823
238824
238825
238826
238827
238828
238829
238830
238831
238832
238833
239774
239775
239776
239777
239778
239779
239780
239781
239782
239783
239784
239785
239786
239787
239788
239789
239790
239791
239792
239793
240734
240735
240736
240737
240738
240739
240740
240741
240742
240743
240744
240745
240746
240747
240748
240749
240750
240751
240752
240753
241694
241695
241696
241697
241698
241699
241700
241701
241702
241703
241704
241705
241706
241707
241708
241709
241710
241711
241712
241713
242654
242655
242656
242657
242658
242659
242660
242661
242662
242663
242664
242665
242666
242667
242668
242669
242670
242671
242672
242673
243614
243615
243616
243617
243618
243619
243620
243621
243622
243623
243624
243625
243626
243627
243628
243629
243630
243631
243632
243633
244574
244575
244576
244577
244578
244579
244580
244581
244582
244583
244584
244585
244586
244587
244588
244589
244590
244591
244592
244593
245534
245535
245536
245537
245538
245539
245540
245541
245542
245543
245544
245545
245546
245547
245548
245549
245550
245551
245552
245553
246494
246495
246496
246497
246498
246499
246500
246501
246502
246503
246504
246505
246506
246507
246508
246509
246510
246511
246512
246513
247454
247455
247456
247457
247458
247459
247460
247461
247462
247463
247464
247465
247466
247467
247468
247469
247470
247471
247472
247473
248414
248415
248416
248417
248418
248419
248420
248421
248422
248423
248424
248425
248426
248427
248428
248429
248430
248431
248432
248433
249374
249375
249376
249377
249378
249379
249380
249381
249382
249383
249384
249385
249386
249387
249388
249389
249390
249391
249392
249393
250334
250335
250336
250337
250338
250339
250340
250341
250342
250343
250344
250345
250346
250347
250348
250349
250350
250351
250352
250353
251294
251295
251296
251297
251298
251299
251300
251301
251302
251303
251304
251305
251306
251307
251308
251309
251310
251311
251312
251313
252254
252255
252256
252257
252258
252259
252260
252261
252262
252263
252264
252265
252266
252267
252268
252269
252270
252271
252272
252273
253214
253215
253216
253217
253218
253219
253220
253221
253222
253223
253224
253225
253226
253227
253228
253229
253230
253231
253232
253233
254174
254175
254176
254177
254178
254179
254180
254181
254182
254183
254184
254185
254186
254187
254188
254189
254190
254191
254192
254193
255134
255135
255136
255137
255138
255139
255140
255141
255142
255143
255144
255145
255146
255147
255148
255149
255150
255151
255152
255153
256094
256095
256096
256097
256098
256099
256100
256101
256102
256103
256104
256105
256106
256107
256108
256109
256110
256111
256112
256113
257053
257054
257055
257056
257057
257058
257059
257060
257061
257062
257063
257064
257065
257066
257067
257068
257069
257070
257071
257072
257073
258013
258014
258015
258016
258017
258018
258019
258020
258021
258022
258023
258024
258025
258026
258027
258028
258029
258030
258031
258032
258033
258973
258974
258975
258976
258977
258978
258979
258980
258981
258982
258983
258984
258985
258986
258987
258988
258989
258990
258991
258992
258993
259933
259934
259935
259936
259937
259938
259939
259940
259941
259942
259943
259944
259945
259946
259947
259948
259949
259950
259951
259952
259953
260893
260894
260895
260896
260897
260898
260899
260900
260901
260902
260903
260904
260905
260906
260907
260908
260909
260910
260911
260912
260913
261853
261854
261855
261856
261857
261858
261859
261860
261861
261862
261863
261864
261865
261866
261867
261868
261869
261870
261871
261872
261873
262813
262814
262815
262816
262817
262818
262819
262820
262821
262822
262823
262824
262825
262826
262827
262828
262829
262830
262831
262832
262833
263773
263774
263775
263776
263777
263778
263779
263780
263781
263782
263783
263784
263785
263786
263787
263788
263789
263790
263791
263792
263793
264733
264734
264735
264736
264737
264738
264739
264740
264741
264742
264743
264744
264745
264746
264747
264748
264749
264750
264751
264752
264753
265693
265694
265695
265696
265697
265698
265699
265700
265701
265702
265703
265704
265705
265706
265707
265708
265709
265710
265711
265712
265713
266653
266654
266655
266656
266657
266658
266659
266660
266661
266662
266663
266664
266665
266666
266667
266668
266669
266670
266671
266672
266673
267613
267614
267615
267616
267617
267618
267619
267620
267621
267622
267623
267624
267625
267626
267627
267628
267629
267630
267631
267632
267633
268573
268574
268575
268576
268577
268578
268579
268580
268581
268582
268583
268584
268585
268586
268587
268588
268589
268590
268591
268592
269533
269534
269535
269536
269537
269538
269539
269540
269541
269542
269543
269544
269545
269546
269547
269548
269549
269550
269551
269552
270493
270494
270495
270496
270497
270498
270499
270500
270501
270502
270503
270504
270505
270506
270507
270508
270509
270510
270511
270512
271453
271454
271455
271456
271457
271458
271459
271460
271461
271462
271463
271464
271465
271466
271467
271468
271469
271470
271471
271472
272413
272414
272415
272416
272417
272418
272419
272420
272421
272422
272423
272424
272425
272426
272427
272428
272429
272430
272431
272432
273373
273374
273375
273376
273377
273378
273379
273380
273381
273382
273383
273384
273385
273386
273387
273388
273389
273390
273391
273392
274333
274334
274335
274336
274337
274338
274339
274340
274341
274342
274343
274344
274345
274346
274347
274348
274349
274350
274351
274352
275293
275294
275295
275296
275297
275298
275299
275300
275301
275302
275303
275304
275305
275306
275307
275308
275309
275310
275311
275312
276253
276254
276255
276256
276257
276258
276259
276260
276261
276262
276263
276264
276265
276266
276267
276268
276269
276270
276271
276272
277213
277214
277215
277216
277217
277218
277219
277220
277221
277222
277223
277224
277225
277226
277227
277228
277229
277230
277231
277232
278173
278174
278175
278176
278177
278178
278179
278180
278181
278182
278183
278184
278185
278186
278187
278188
278189
278190
278191
278192
279133
279134
279135
279136
279137
279138
279139
279140
279141
279142
279143
279144
279145
279146
279147
279148
279149
279150
279151
279152
280093
280094
280095
280096
280097
280098
280099
280100
280101
280102
280103
280104
280105
280106
280107
280108
280109
280110
280111
280112
281053
281054
281055
281056
281057
281058
281059
281060
281061
281062
281063
281064
281065
281066
281067
281068
281069
281070
281071
281072
282013
282014
282015
282016
282017
282018
282019
282020
282021
282022
282023
282024
282025
282026
282027
282028
282029
282030
282031
282032
282973
282974
282975
282976
282977
282978
282979
282980
282981
282982
282983
282984
282985
282986
282987
282988
282989
282990
282991
282992
283933
283934
283935
283936
283937
283938
283939
283940
283941
283942
283943
283944
283945
283946
283947
283948
283949
283950
283951
283952
284893
284894
284895
284896
284897
284898
284899
284900
284901
284902
284903
284904
284905
284906
284907
284908
284909
284910
284911
284912
285853
285854
285855
285856
285857
285858
285859
285860
285861
285862
285863
285864
285865
285866
285867
285868
285869
285870
285871
285872
286813
286814
286815
286816
286817
286818
286819
286820
286821
286822
286823
286824
286825
286826
286827
286828
286829
286830
286831
286832
287773
287774
287775
287776
287777
287778
287779
287780
287781
287782
287783
287784
287785
287786
287787
287788
287789
287790
287791
287792
288733
288734
288735
288736
288737
288738
288739
288740
288741
288742
288743
288744
288745
288746
288747
288748
288749
288750
288751
288752
289693
289694
289695
289696
289697
289698
289699
289700
289701
289702
289703
289704
289705
289706
289707
289708
289709
289710
289711
289712
290653
290654
290655
290656
290657
290658
290659
290660
290661
290662
290663
290664
290665
290666
290667
290668
290669
290670
290671
290672
291613
291614
291615
291616
291617
291618
291619
291620
291621
291622
291623
291624
291625
291626
291627
291628
291629
291630
291631
291632
292573
292574
292575
292576
292577
292578
292579
292580
292581
292582
292583
292584
292585
292586
292587
292588
292589
292590
292591
292592
293533
293534
293535
293536
293537
293538
293539
293540
293541
293542
293543
293544
293545
293546
293547
293548
293549
293550
293551
293552
294493
294494
294495
294496
294497
294498
294499
294500
294501
294502
294503
294504
294505
294506
294507
294508
294509
294510
294511
294512
295453
295454
295455
295456
295457
295458
295459
295460
295461
295462
295463
295464
295465
295466
295467
295468
295469
295470
295471
295472
296413
296414
296415
296416
296417
296418
296419
296420
296421
296422
296423
296424
296425
296426
296427
296428
296429
296430
296431
296432
297373
297374
297375
297376
297377
297378
297379
297380
297381
297382
297383
297384
297385
297386
297387
297388
297389
297390
297391
297392
298333
298334
298335
298336
298337
298338
298339
298340
298341
298342
298343
298344
298345
298346
298347
298348
298349
298350
298351
298352
299293
299294
299295
299296
299297
299298
299299
299300
299301
299302
299303
299304
299305
299306
299307
299308
299309
299310
299311
299312
300253
300254
300255
300256
300257
300258
300259
300260
300261
300262
300263
300264
300265
300266
300267
300268
300269
300270
300271
300272
301213
301214
301215
301216
301217
301218
301219
301220
301221
301222
301223
301224
301225
301226
301227
301228
301229
301230
301231
301232
302173
302174
302175
302176
302177
302178
302179
302180
302181
302182
302183
302184
302185
302186
302187
302188
302189
302190
302191
302192
303133
303134
303135
303136
303137
303138
303139
303140
303141
303142
303143
303144
303145
303146
303147
303148
303149
303150
303151
303152
304093
304094
304095
304096
304097
304098
304099
304100
304101
304102
304103
304104
304105
304106
304107
304108
304109
304110
304111
304112
305053
305054
305055
305056
305057
305058
305059
305060
305061
305062
305063
305064
305065
305066
305067
305068
305069
305070
305071
305072
306013
306014
306015
306016
306017
306018
306019
306020
306021
306022
306023
306024
306025
306026
306027
306028
306029
306030
306031
306032
306973
306974
306975
306976
306977
306978
306979
306980
306981
306982
306983
306984
306985
306986
306987
306988
306989
306990
306991
306992
308630
308631
308632
308633
308634
308635
308636
308637
308638
308639
308640
308641
308642
308643
308644
308645
308646
308647
308648
308649
-270
-2190
-4110
-6030
-7950
-9870
-11790
-13709
-15628
-17547
-19466
-21385
-23304
-25223
-27142
-29061
-30980
-32899
-34818
-36737
-38656
-40575
-42494
-44413
-46332
-48251
-50170
-50171
-52087
-54006
-55925
-57844
-59763
-61682
-63601
-65520
-67439
-69358
-71277
-73196
-75116
-77036
-78956
-80876
-82796
-84716
-86636
-88556
-90476
-92395
-94314
-96233
-98152
-100071
-101990
-103909
-105828
-107747
-109666
-111585
-113504
-115423
-117342
-119261
-121180
-123099
-125018
-126937
-128856
-130775
-132694
-134613
-136532
-138451
-140370
-142289
-144208
-146127
-148046
-149965
-151751
310
2230
4150
6070
7990
9910
11830
13749
15668
17587
19506
21425
23344
25263
27182
29101
31020
32939
34858
36777
38696
40615
42534
44453
46372
48291
50210
52129
54048
55967
57886
59805
61724
63643
65562
67481
69400
71319
73238
73239
75156
77076
78996
80916
82836
84756
86676
88596
90516
92435
94354
96273
98192
100111
102030
103949
105868
107787
109706
111625
113544
115463
117382
119301
121220
123139
125058
126977
128896
130815
132734
134653
136572
138491
140410
142329
144248
146167
148086
150005
151771
)


// ************************************************************************* //
