/*--------------------------------*- C++ -*----------------------------------*\
| =========                 |                                                 |
| \\      /  F ield         | OpenFOAM: The Open Source CFD Toolbox           |
|  \\    /   O peration     | Version:  2.3.0                                 |
|   \\  /    A nd           | Web:      www.OpenFOAM.org                      |
|    \\/     M anipulation  |                                                 |
\*---------------------------------------------------------------------------*/
FoamFile
{
    version     2.0;
    format      ascii;
    class       labelList;
    location    "constant/polyMesh";
    object      pointProcAddressing;
}
// * * * * * * * * * * * * * * * * * * * * * * * * * * * * * * * * * * * * * //


3407
(
135
136
137
138
139
140
141
142
143
144
145
146
147
148
149
150
151
152
153
154
155
1096
1097
1098
1099
1100
1101
1102
1103
1104
1105
1106
1107
1108
1109
1110
1111
1112
1113
1114
1115
1116
2057
2058
2059
2060
2061
2062
2063
2064
2065
2066
2067
2068
2069
2070
2071
2072
2073
2074
2075
2076
2077
3018
3019
3020
3021
3022
3023
3024
3025
3026
3027
3028
3029
3030
3031
3032
3033
3034
3035
3036
3037
3038
3979
3980
3981
3982
3983
3984
3985
3986
3987
3988
3989
3990
3991
3992
3993
3994
3995
3996
3997
3998
3999
4940
4941
4942
4943
4944
4945
4946
4947
4948
4949
4950
4951
4952
4953
4954
4955
4956
4957
4958
4959
4960
5901
5902
5903
5904
5905
5906
5907
5908
5909
5910
5911
5912
5913
5914
5915
5916
5917
5918
5919
5920
5921
6862
6863
6864
6865
6866
6867
6868
6869
6870
6871
6872
6873
6874
6875
6876
6877
6878
6879
6880
6881
6882
7823
7824
7825
7826
7827
7828
7829
7830
7831
7832
7833
7834
7835
7836
7837
7838
7839
7840
7841
7842
7843
8784
8785
8786
8787
8788
8789
8790
8791
8792
8793
8794
8795
8796
8797
8798
8799
8800
8801
8802
8803
8804
9745
9746
9747
9748
9749
9750
9751
9752
9753
9754
9755
9756
9757
9758
9759
9760
9761
9762
9763
9764
9765
10706
10707
10708
10709
10710
10711
10712
10713
10714
10715
10716
10717
10718
10719
10720
10721
10722
10723
10724
10725
10726
11667
11668
11669
11670
11671
11672
11673
11674
11675
11676
11677
11678
11679
11680
11681
11682
11683
11684
11685
11686
11687
12628
12629
12630
12631
12632
12633
12634
12635
12636
12637
12638
12639
12640
12641
12642
12643
12644
12645
12646
12647
12648
13589
13590
13591
13592
13593
13594
13595
13596
13597
13598
13599
13600
13601
13602
13603
13604
13605
13606
13607
13608
13609
14550
14551
14552
14553
14554
14555
14556
14557
14558
14559
14560
14561
14562
14563
14564
14565
14566
14567
14568
14569
14570
15511
15512
15513
15514
15515
15516
15517
15518
15519
15520
15521
15522
15523
15524
15525
15526
15527
15528
15529
15530
15531
16472
16473
16474
16475
16476
16477
16478
16479
16480
16481
16482
16483
16484
16485
16486
16487
16488
16489
16490
16491
16492
17433
17434
17435
17436
17437
17438
17439
17440
17441
17442
17443
17444
17445
17446
17447
17448
17449
17450
17451
17452
17453
18394
18395
18396
18397
18398
18399
18400
18401
18402
18403
18404
18405
18406
18407
18408
18409
18410
18411
18412
18413
18414
19355
19356
19357
19358
19359
19360
19361
19362
19363
19364
19365
19366
19367
19368
19369
19370
19371
19372
19373
19374
19375
20316
20317
20318
20319
20320
20321
20322
20323
20324
20325
20326
20327
20328
20329
20330
20331
20332
20333
20334
20335
20336
21277
21278
21279
21280
21281
21282
21283
21284
21285
21286
21287
21288
21289
21290
21291
21292
21293
21294
21295
21296
21297
22238
22239
22240
22241
22242
22243
22244
22245
22246
22247
22248
22249
22250
22251
22252
22253
22254
22255
22256
22257
22258
23199
23200
23201
23202
23203
23204
23205
23206
23207
23208
23209
23210
23211
23212
23213
23214
23215
23216
23217
23218
23219
24160
24161
24162
24163
24164
24165
24166
24167
24168
24169
24170
24171
24172
24173
24174
24175
24176
24177
24178
24179
24180
25120
25121
25122
25123
25124
25125
25126
25127
25128
25129
25130
25131
25132
25133
25134
25135
25136
25137
25138
25139
25140
25141
26081
26082
26083
26084
26085
26086
26087
26088
26089
26090
26091
26092
26093
26094
26095
26096
26097
26098
26099
26100
26101
26102
27042
27043
27044
27045
27046
27047
27048
27049
27050
27051
27052
27053
27054
27055
27056
27057
27058
27059
27060
27061
27062
27063
28003
28004
28005
28006
28007
28008
28009
28010
28011
28012
28013
28014
28015
28016
28017
28018
28019
28020
28021
28022
28023
28024
28964
28965
28966
28967
28968
28969
28970
28971
28972
28973
28974
28975
28976
28977
28978
28979
28980
28981
28982
28983
28984
28985
29925
29926
29927
29928
29929
29930
29931
29932
29933
29934
29935
29936
29937
29938
29939
29940
29941
29942
29943
29944
29945
29946
30886
30887
30888
30889
30890
30891
30892
30893
30894
30895
30896
30897
30898
30899
30900
30901
30902
30903
30904
30905
30906
30907
31847
31848
31849
31850
31851
31852
31853
31854
31855
31856
31857
31858
31859
31860
31861
31862
31863
31864
31865
31866
31867
31868
32808
32809
32810
32811
32812
32813
32814
32815
32816
32817
32818
32819
32820
32821
32822
32823
32824
32825
32826
32827
32828
32829
33769
33770
33771
33772
33773
33774
33775
33776
33777
33778
33779
33780
33781
33782
33783
33784
33785
33786
33787
33788
33789
33790
34730
34731
34732
34733
34734
34735
34736
34737
34738
34739
34740
34741
34742
34743
34744
34745
34746
34747
34748
34749
34750
34751
35691
35692
35693
35694
35695
35696
35697
35698
35699
35700
35701
35702
35703
35704
35705
35706
35707
35708
35709
35710
35711
35712
36652
36653
36654
36655
36656
36657
36658
36659
36660
36661
36662
36663
36664
36665
36666
36667
36668
36669
36670
36671
36672
36673
37613
37614
37615
37616
37617
37618
37619
37620
37621
37622
37623
37624
37625
37626
37627
37628
37629
37630
37631
37632
37633
38574
38575
38576
38577
38578
38579
38580
38581
38582
38583
38584
38585
38586
38587
38588
38589
38590
38591
38592
38593
38594
39535
39536
39537
39538
39539
39540
39541
39542
39543
39544
39545
39546
39547
39548
39549
39550
39551
39552
39553
39554
39555
40496
40497
40498
40499
40500
40501
40502
40503
40504
40505
40506
40507
40508
40509
40510
40511
40512
40513
40514
40515
40516
41457
41458
41459
41460
41461
41462
41463
41464
41465
41466
41467
41468
41469
41470
41471
41472
41473
41474
41475
41476
41477
42418
42419
42420
42421
42422
42423
42424
42425
42426
42427
42428
42429
42430
42431
42432
42433
42434
42435
42436
42437
42438
43379
43380
43381
43382
43383
43384
43385
43386
43387
43388
43389
43390
43391
43392
43393
43394
43395
43396
43397
43398
43399
44340
44341
44342
44343
44344
44345
44346
44347
44348
44349
44350
44351
44352
44353
44354
44355
44356
44357
44358
44359
44360
45301
45302
45303
45304
45305
45306
45307
45308
45309
45310
45311
45312
45313
45314
45315
45316
45317
45318
45319
45320
45321
46262
46263
46264
46265
46266
46267
46268
46269
46270
46271
46272
46273
46274
46275
46276
46277
46278
46279
46280
46281
46282
47223
47224
47225
47226
47227
47228
47229
47230
47231
47232
47233
47234
47235
47236
47237
47238
47239
47240
47241
47242
47243
48184
48185
48186
48187
48188
48189
48190
48191
48192
48193
48194
48195
48196
48197
48198
48199
48200
48201
48202
48203
48204
49145
49146
49147
49148
49149
49150
49151
49152
49153
49154
49155
49156
49157
49158
49159
49160
49161
49162
49163
49164
49165
50106
50107
50108
50109
50110
50111
50112
50113
50114
50115
50116
50117
50118
50119
50120
50121
50122
50123
50124
50125
50126
51067
51068
51069
51070
51071
51072
51073
51074
51075
51076
51077
51078
51079
51080
51081
51082
51083
51084
51085
51086
51087
52028
52029
52030
52031
52032
52033
52034
52035
52036
52037
52038
52039
52040
52041
52042
52043
52044
52045
52046
52047
52048
52989
52990
52991
52992
52993
52994
52995
52996
52997
52998
52999
53000
53001
53002
53003
53004
53005
53006
53007
53008
53009
53950
53951
53952
53953
53954
53955
53956
53957
53958
53959
53960
53961
53962
53963
53964
53965
53966
53967
53968
53969
53970
54911
54912
54913
54914
54915
54916
54917
54918
54919
54920
54921
54922
54923
54924
54925
54926
54927
54928
54929
54930
54931
55872
55873
55874
55875
55876
55877
55878
55879
55880
55881
55882
55883
55884
55885
55886
55887
55888
55889
55890
55891
55892
56833
56834
56835
56836
56837
56838
56839
56840
56841
56842
56843
56844
56845
56846
56847
56848
56849
56850
56851
56852
56853
57794
57795
57796
57797
57798
57799
57800
57801
57802
57803
57804
57805
57806
57807
57808
57809
57810
57811
57812
57813
57814
58755
58756
58757
58758
58759
58760
58761
58762
58763
58764
58765
58766
58767
58768
58769
58770
58771
58772
58773
58774
58775
59716
59717
59718
59719
59720
59721
59722
59723
59724
59725
59726
59727
59728
59729
59730
59731
59732
59733
59734
59735
59736
60677
60678
60679
60680
60681
60682
60683
60684
60685
60686
60687
60688
60689
60690
60691
60692
60693
60694
60695
60696
60697
61638
61639
61640
61641
61642
61643
61644
61645
61646
61647
61648
61649
61650
61651
61652
61653
61654
61655
61656
61657
61658
62599
62600
62601
62602
62603
62604
62605
62606
62607
62608
62609
62610
62611
62612
62613
62614
62615
62616
62617
62618
62619
63560
63561
63562
63563
63564
63565
63566
63567
63568
63569
63570
63571
63572
63573
63574
63575
63576
63577
63578
63579
63580
64521
64522
64523
64524
64525
64526
64527
64528
64529
64530
64531
64532
64533
64534
64535
64536
64537
64538
64539
64540
64541
65482
65483
65484
65485
65486
65487
65488
65489
65490
65491
65492
65493
65494
65495
65496
65497
65498
65499
65500
65501
65502
66443
66444
66445
66446
66447
66448
66449
66450
66451
66452
66453
66454
66455
66456
66457
66458
66459
66460
66461
66462
66463
67404
67405
67406
67407
67408
67409
67410
67411
67412
67413
67414
67415
67416
67417
67418
67419
67420
67421
67422
67423
67424
68365
68366
68367
68368
68369
68370
68371
68372
68373
68374
68375
68376
68377
68378
68379
68380
68381
68382
68383
68384
68385
69326
69327
69328
69329
69330
69331
69332
69333
69334
69335
69336
69337
69338
69339
69340
69341
69342
69343
69344
69345
69346
70287
70288
70289
70290
70291
70292
70293
70294
70295
70296
70297
70298
70299
70300
70301
70302
70303
70304
70305
70306
70307
71248
71249
71250
71251
71252
71253
71254
71255
71256
71257
71258
71259
71260
71261
71262
71263
71264
71265
71266
71267
71268
72209
72210
72211
72212
72213
72214
72215
72216
72217
72218
72219
72220
72221
72222
72223
72224
72225
72226
72227
72228
72229
73170
73171
73172
73173
73174
73175
73176
73177
73178
73179
73180
73181
73182
73183
73184
73185
73186
73187
73188
73189
73190
74131
74132
74133
74134
74135
74136
74137
74138
74139
74140
74141
74142
74143
74144
74145
74146
74147
74148
74149
74150
74151
75092
75093
75094
75095
75096
75097
75098
75099
75100
75101
75102
75103
75104
75105
75106
75107
75108
75109
75110
75111
75112
76053
76054
76055
76056
76057
76058
76059
76060
76061
76062
76063
76064
76065
76066
76067
76068
76069
76070
76071
76072
76073
77579
77580
77581
77582
77583
77584
77585
77586
77587
77588
77589
77590
77591
77592
77593
77594
77595
77596
77597
77598
77599
78540
78541
78542
78543
78544
78545
78546
78547
78548
78549
78550
78551
78552
78553
78554
78555
78556
78557
78558
78559
78560
79501
79502
79503
79504
79505
79506
79507
79508
79509
79510
79511
79512
79513
79514
79515
79516
79517
79518
79519
79520
79521
80462
80463
80464
80465
80466
80467
80468
80469
80470
80471
80472
80473
80474
80475
80476
80477
80478
80479
80480
80481
80482
81423
81424
81425
81426
81427
81428
81429
81430
81431
81432
81433
81434
81435
81436
81437
81438
81439
81440
81441
81442
81443
82384
82385
82386
82387
82388
82389
82390
82391
82392
82393
82394
82395
82396
82397
82398
82399
82400
82401
82402
82403
82404
83345
83346
83347
83348
83349
83350
83351
83352
83353
83354
83355
83356
83357
83358
83359
83360
83361
83362
83363
83364
83365
84306
84307
84308
84309
84310
84311
84312
84313
84314
84315
84316
84317
84318
84319
84320
84321
84322
84323
84324
84325
84326
85267
85268
85269
85270
85271
85272
85273
85274
85275
85276
85277
85278
85279
85280
85281
85282
85283
85284
85285
85286
85287
86228
86229
86230
86231
86232
86233
86234
86235
86236
86237
86238
86239
86240
86241
86242
86243
86244
86245
86246
86247
86248
87189
87190
87191
87192
87193
87194
87195
87196
87197
87198
87199
87200
87201
87202
87203
87204
87205
87206
87207
87208
87209
88150
88151
88152
88153
88154
88155
88156
88157
88158
88159
88160
88161
88162
88163
88164
88165
88166
88167
88168
88169
88170
89111
89112
89113
89114
89115
89116
89117
89118
89119
89120
89121
89122
89123
89124
89125
89126
89127
89128
89129
89130
89131
90072
90073
90074
90075
90076
90077
90078
90079
90080
90081
90082
90083
90084
90085
90086
90087
90088
90089
90090
90091
90092
91033
91034
91035
91036
91037
91038
91039
91040
91041
91042
91043
91044
91045
91046
91047
91048
91049
91050
91051
91052
91053
91994
91995
91996
91997
91998
91999
92000
92001
92002
92003
92004
92005
92006
92007
92008
92009
92010
92011
92012
92013
92014
92955
92956
92957
92958
92959
92960
92961
92962
92963
92964
92965
92966
92967
92968
92969
92970
92971
92972
92973
92974
92975
93916
93917
93918
93919
93920
93921
93922
93923
93924
93925
93926
93927
93928
93929
93930
93931
93932
93933
93934
93935
93936
94877
94878
94879
94880
94881
94882
94883
94884
94885
94886
94887
94888
94889
94890
94891
94892
94893
94894
94895
94896
94897
95838
95839
95840
95841
95842
95843
95844
95845
95846
95847
95848
95849
95850
95851
95852
95853
95854
95855
95856
95857
95858
96799
96800
96801
96802
96803
96804
96805
96806
96807
96808
96809
96810
96811
96812
96813
96814
96815
96816
96817
96818
96819
97760
97761
97762
97763
97764
97765
97766
97767
97768
97769
97770
97771
97772
97773
97774
97775
97776
97777
97778
97779
97780
98721
98722
98723
98724
98725
98726
98727
98728
98729
98730
98731
98732
98733
98734
98735
98736
98737
98738
98739
98740
98741
99682
99683
99684
99685
99686
99687
99688
99689
99690
99691
99692
99693
99694
99695
99696
99697
99698
99699
99700
99701
99702
100643
100644
100645
100646
100647
100648
100649
100650
100651
100652
100653
100654
100655
100656
100657
100658
100659
100660
100661
100662
100663
101604
101605
101606
101607
101608
101609
101610
101611
101612
101613
101614
101615
101616
101617
101618
101619
101620
101621
101622
101623
101624
102564
102565
102566
102567
102568
102569
102570
102571
102572
102573
102574
102575
102576
102577
102578
102579
102580
102581
102582
102583
102584
102585
103525
103526
103527
103528
103529
103530
103531
103532
103533
103534
103535
103536
103537
103538
103539
103540
103541
103542
103543
103544
103545
103546
104486
104487
104488
104489
104490
104491
104492
104493
104494
104495
104496
104497
104498
104499
104500
104501
104502
104503
104504
104505
104506
104507
105447
105448
105449
105450
105451
105452
105453
105454
105455
105456
105457
105458
105459
105460
105461
105462
105463
105464
105465
105466
105467
105468
106408
106409
106410
106411
106412
106413
106414
106415
106416
106417
106418
106419
106420
106421
106422
106423
106424
106425
106426
106427
106428
106429
107369
107370
107371
107372
107373
107374
107375
107376
107377
107378
107379
107380
107381
107382
107383
107384
107385
107386
107387
107388
107389
107390
108330
108331
108332
108333
108334
108335
108336
108337
108338
108339
108340
108341
108342
108343
108344
108345
108346
108347
108348
108349
108350
108351
109291
109292
109293
109294
109295
109296
109297
109298
109299
109300
109301
109302
109303
109304
109305
109306
109307
109308
109309
109310
109311
109312
110252
110253
110254
110255
110256
110257
110258
110259
110260
110261
110262
110263
110264
110265
110266
110267
110268
110269
110270
110271
110272
110273
111213
111214
111215
111216
111217
111218
111219
111220
111221
111222
111223
111224
111225
111226
111227
111228
111229
111230
111231
111232
111233
111234
112174
112175
112176
112177
112178
112179
112180
112181
112182
112183
112184
112185
112186
112187
112188
112189
112190
112191
112192
112193
112194
112195
113135
113136
113137
113138
113139
113140
113141
113142
113143
113144
113145
113146
113147
113148
113149
113150
113151
113152
113153
113154
113155
113156
114096
114097
114098
114099
114100
114101
114102
114103
114104
114105
114106
114107
114108
114109
114110
114111
114112
114113
114114
114115
114116
114117
115057
115058
115059
115060
115061
115062
115063
115064
115065
115066
115067
115068
115069
115070
115071
115072
115073
115074
115075
115076
115077
116018
116019
116020
116021
116022
116023
116024
116025
116026
116027
116028
116029
116030
116031
116032
116033
116034
116035
116036
116037
116038
116979
116980
116981
116982
116983
116984
116985
116986
116987
116988
116989
116990
116991
116992
116993
116994
116995
116996
116997
116998
116999
117940
117941
117942
117943
117944
117945
117946
117947
117948
117949
117950
117951
117952
117953
117954
117955
117956
117957
117958
117959
117960
118901
118902
118903
118904
118905
118906
118907
118908
118909
118910
118911
118912
118913
118914
118915
118916
118917
118918
118919
118920
118921
119862
119863
119864
119865
119866
119867
119868
119869
119870
119871
119872
119873
119874
119875
119876
119877
119878
119879
119880
119881
119882
120823
120824
120825
120826
120827
120828
120829
120830
120831
120832
120833
120834
120835
120836
120837
120838
120839
120840
120841
120842
120843
121784
121785
121786
121787
121788
121789
121790
121791
121792
121793
121794
121795
121796
121797
121798
121799
121800
121801
121802
121803
121804
122745
122746
122747
122748
122749
122750
122751
122752
122753
122754
122755
122756
122757
122758
122759
122760
122761
122762
122763
122764
122765
123706
123707
123708
123709
123710
123711
123712
123713
123714
123715
123716
123717
123718
123719
123720
123721
123722
123723
123724
123725
123726
124667
124668
124669
124670
124671
124672
124673
124674
124675
124676
124677
124678
124679
124680
124681
124682
124683
124684
124685
124686
124687
125628
125629
125630
125631
125632
125633
125634
125635
125636
125637
125638
125639
125640
125641
125642
125643
125644
125645
125646
125647
125648
126589
126590
126591
126592
126593
126594
126595
126596
126597
126598
126599
126600
126601
126602
126603
126604
126605
126606
126607
126608
126609
127550
127551
127552
127553
127554
127555
127556
127557
127558
127559
127560
127561
127562
127563
127564
127565
127566
127567
127568
127569
127570
128511
128512
128513
128514
128515
128516
128517
128518
128519
128520
128521
128522
128523
128524
128525
128526
128527
128528
128529
128530
128531
129472
129473
129474
129475
129476
129477
129478
129479
129480
129481
129482
129483
129484
129485
129486
129487
129488
129489
129490
129491
129492
130433
130434
130435
130436
130437
130438
130439
130440
130441
130442
130443
130444
130445
130446
130447
130448
130449
130450
130451
130452
130453
131394
131395
131396
131397
131398
131399
131400
131401
131402
131403
131404
131405
131406
131407
131408
131409
131410
131411
131412
131413
131414
132355
132356
132357
132358
132359
132360
132361
132362
132363
132364
132365
132366
132367
132368
132369
132370
132371
132372
132373
132374
132375
133316
133317
133318
133319
133320
133321
133322
133323
133324
133325
133326
133327
133328
133329
133330
133331
133332
133333
133334
133335
133336
134277
134278
134279
134280
134281
134282
134283
134284
134285
134286
134287
134288
134289
134290
134291
134292
134293
134294
134295
134296
134297
135238
135239
135240
135241
135242
135243
135244
135245
135246
135247
135248
135249
135250
135251
135252
135253
135254
135255
135256
135257
135258
136199
136200
136201
136202
136203
136204
136205
136206
136207
136208
136209
136210
136211
136212
136213
136214
136215
136216
136217
136218
136219
137160
137161
137162
137163
137164
137165
137166
137167
137168
137169
137170
137171
137172
137173
137174
137175
137176
137177
137178
137179
137180
138121
138122
138123
138124
138125
138126
138127
138128
138129
138130
138131
138132
138133
138134
138135
138136
138137
138138
138139
138140
138141
139082
139083
139084
139085
139086
139087
139088
139089
139090
139091
139092
139093
139094
139095
139096
139097
139098
139099
139100
139101
139102
140043
140044
140045
140046
140047
140048
140049
140050
140051
140052
140053
140054
140055
140056
140057
140058
140059
140060
140061
140062
140063
141004
141005
141006
141007
141008
141009
141010
141011
141012
141013
141014
141015
141016
141017
141018
141019
141020
141021
141022
141023
141024
141965
141966
141967
141968
141969
141970
141971
141972
141973
141974
141975
141976
141977
141978
141979
141980
141981
141982
141983
141984
141985
142926
142927
142928
142929
142930
142931
142932
142933
142934
142935
142936
142937
142938
142939
142940
142941
142942
142943
142944
142945
142946
143887
143888
143889
143890
143891
143892
143893
143894
143895
143896
143897
143898
143899
143900
143901
143902
143903
143904
143905
143906
143907
144848
144849
144850
144851
144852
144853
144854
144855
144856
144857
144858
144859
144860
144861
144862
144863
144864
144865
144866
144867
144868
145809
145810
145811
145812
145813
145814
145815
145816
145817
145818
145819
145820
145821
145822
145823
145824
145825
145826
145827
145828
145829
146770
146771
146772
146773
146774
146775
146776
146777
146778
146779
146780
146781
146782
146783
146784
146785
146786
146787
146788
146789
146790
147731
147732
147733
147734
147735
147736
147737
147738
147739
147740
147741
147742
147743
147744
147745
147746
147747
147748
147749
147750
147751
148692
148693
148694
148695
148696
148697
148698
148699
148700
148701
148702
148703
148704
148705
148706
148707
148708
148709
148710
148711
148712
149653
149654
149655
149656
149657
149658
149659
149660
149661
149662
149663
149664
149665
149666
149667
149668
149669
149670
149671
149672
149673
150614
150615
150616
150617
150618
150619
150620
150621
150622
150623
150624
150625
150626
150627
150628
150629
150630
150631
150632
150633
150634
151575
151576
151577
151578
151579
151580
151581
151582
151583
151584
151585
151586
151587
151588
151589
151590
151591
151592
151593
151594
151595
152536
152537
152538
152539
152540
152541
152542
152543
152544
152545
152546
152547
152548
152549
152550
152551
152552
152553
152554
152555
152556
153497
153498
153499
153500
153501
153502
153503
153504
153505
153506
153507
153508
153509
153510
153511
153512
153513
153514
153515
153516
153517
155065
155066
155067
155068
155069
155070
155071
155072
155073
155074
155075
155076
155077
155078
155079
155080
155081
155082
155083
155084
155085
)


// ************************************************************************* //
