/*--------------------------------*- C++ -*----------------------------------*\
| =========                 |                                                 |
| \\      /  F ield         | OpenFOAM: The Open Source CFD Toolbox           |
|  \\    /   O peration     | Version:  2.3.0                                 |
|   \\  /    A nd           | Web:      www.OpenFOAM.org                      |
|    \\/     M anipulation  |                                                 |
\*---------------------------------------------------------------------------*/
FoamFile
{
    version     2.0;
    format      ascii;
    class       labelList;
    location    "constant/polyMesh";
    object      faceProcAddressing;
}
// * * * * * * * * * * * * * * * * * * * * * * * * * * * * * * * * * * * * * //


6525
(
1158
1159
1160
1161
1162
1163
1164
1165
1166
1167
1168
1169
1170
1171
1172
1173
1174
1175
1176
1177
1178
1179
1180
1181
1182
1183
1184
1185
1186
1187
1188
1189
1190
1191
1192
1193
1194
1195
1197
3078
3079
3080
3081
3082
3083
3084
3085
3086
3087
3088
3089
3090
3091
3092
3093
3094
3095
3096
3097
3098
3099
3100
3101
3102
3103
3104
3105
3106
3107
3108
3109
3110
3111
3112
3113
3114
3115
3117
4998
4999
5000
5001
5002
5003
5004
5005
5006
5007
5008
5009
5010
5011
5012
5013
5014
5015
5016
5017
5018
5019
5020
5021
5022
5023
5024
5025
5026
5027
5028
5029
5030
5031
5032
5033
5034
5035
5037
6918
6919
6920
6921
6922
6923
6924
6925
6926
6927
6928
6929
6930
6931
6932
6933
6934
6935
6936
6937
6938
6939
6940
6941
6942
6943
6944
6945
6946
6947
6948
6949
6950
6951
6952
6953
6954
6955
6957
8838
8839
8840
8841
8842
8843
8844
8845
8846
8847
8848
8849
8850
8851
8852
8853
8854
8855
8856
8857
8858
8859
8860
8861
8862
8863
8864
8865
8866
8867
8868
8869
8870
8871
8872
8873
8874
8875
8877
10758
10759
10760
10761
10762
10763
10764
10765
10766
10767
10768
10769
10770
10771
10772
10773
10774
10775
10776
10777
10778
10779
10780
10781
10782
10783
10784
10785
10786
10787
10788
10789
10790
10791
10792
10793
10794
10795
10797
12678
12679
12680
12681
12682
12683
12684
12685
12686
12687
12688
12689
12690
12691
12692
12693
12694
12695
12696
12697
12698
12699
12700
12701
12702
12703
12704
12705
12706
12707
12708
12709
12710
12711
12712
12713
12714
12715
12717
14597
14598
14599
14600
14601
14602
14603
14604
14605
14606
14607
14608
14609
14610
14611
14612
14613
14614
14615
14616
14617
14618
14619
14620
14621
14622
14623
14624
14625
14626
14627
14628
14629
14630
14631
14632
14633
14634
14636
16516
16517
16518
16519
16520
16521
16522
16523
16524
16525
16526
16527
16528
16529
16530
16531
16532
16533
16534
16535
16536
16537
16538
16539
16540
16541
16542
16543
16544
16545
16546
16547
16548
16549
16550
16551
16552
16553
16555
18435
18436
18437
18438
18439
18440
18441
18442
18443
18444
18445
18446
18447
18448
18449
18450
18451
18452
18453
18454
18455
18456
18457
18458
18459
18460
18461
18462
18463
18464
18465
18466
18467
18468
18469
18470
18471
18472
18474
20354
20355
20356
20357
20358
20359
20360
20361
20362
20363
20364
20365
20366
20367
20368
20369
20370
20371
20372
20373
20374
20375
20376
20377
20378
20379
20380
20381
20382
20383
20384
20385
20386
20387
20388
20389
20390
20391
20393
22273
22274
22275
22276
22277
22278
22279
22280
22281
22282
22283
22284
22285
22286
22287
22288
22289
22290
22291
22292
22293
22294
22295
22296
22297
22298
22299
22300
22301
22302
22303
22304
22305
22306
22307
22308
22309
22310
22312
24192
24193
24194
24195
24196
24197
24198
24199
24200
24201
24202
24203
24204
24205
24206
24207
24208
24209
24210
24211
24212
24213
24214
24215
24216
24217
24218
24219
24220
24221
24222
24223
24224
24225
24226
24227
24228
24229
24231
26111
26112
26113
26114
26115
26116
26117
26118
26119
26120
26121
26122
26123
26124
26125
26126
26127
26128
26129
26130
26131
26132
26133
26134
26135
26136
26137
26138
26139
26140
26141
26142
26143
26144
26145
26146
26147
26148
26150
28030
28031
28032
28033
28034
28035
28036
28037
28038
28039
28040
28041
28042
28043
28044
28045
28046
28047
28048
28049
28050
28051
28052
28053
28054
28055
28056
28057
28058
28059
28060
28061
28062
28063
28064
28065
28066
28067
28069
29949
29950
29951
29952
29953
29954
29955
29956
29957
29958
29959
29960
29961
29962
29963
29964
29965
29966
29967
29968
29969
29970
29971
29972
29973
29974
29975
29976
29977
29978
29979
29980
29981
29982
29983
29984
29985
29986
29988
31868
31869
31870
31871
31872
31873
31874
31875
31876
31877
31878
31879
31880
31881
31882
31883
31884
31885
31886
31887
31888
31889
31890
31891
31892
31893
31894
31895
31896
31897
31898
31899
31900
31901
31902
31903
31904
31905
31907
33787
33788
33789
33790
33791
33792
33793
33794
33795
33796
33797
33798
33799
33800
33801
33802
33803
33804
33805
33806
33807
33808
33809
33810
33811
33812
33813
33814
33815
33816
33817
33818
33819
33820
33821
33822
33823
33824
33826
35706
35707
35708
35709
35710
35711
35712
35713
35714
35715
35716
35717
35718
35719
35720
35721
35722
35723
35724
35725
35726
35727
35728
35729
35730
35731
35732
35733
35734
35735
35736
35737
35738
35739
35740
35741
35742
35743
35745
37625
37626
37627
37628
37629
37630
37631
37632
37633
37634
37635
37636
37637
37638
37639
37640
37641
37642
37643
37644
37645
37646
37647
37648
37649
37650
37651
37652
37653
37654
37655
37656
37657
37658
37659
37660
37661
37662
37664
39544
39545
39546
39547
39548
39549
39550
39551
39552
39553
39554
39555
39556
39557
39558
39559
39560
39561
39562
39563
39564
39565
39566
39567
39568
39569
39570
39571
39572
39573
39574
39575
39576
39577
39578
39579
39580
39581
39583
41463
41464
41465
41466
41467
41468
41469
41470
41471
41472
41473
41474
41475
41476
41477
41478
41479
41480
41481
41482
41483
41484
41485
41486
41487
41488
41489
41490
41491
41492
41493
41494
41495
41496
41497
41498
41499
41500
41502
43382
43383
43384
43385
43386
43387
43388
43389
43390
43391
43392
43393
43394
43395
43396
43397
43398
43399
43400
43401
43402
43403
43404
43405
43406
43407
43408
43409
43410
43411
43412
43413
43414
43415
43416
43417
43418
43419
43421
45301
45302
45303
45304
45305
45306
45307
45308
45309
45310
45311
45312
45313
45314
45315
45316
45317
45318
45319
45320
45321
45322
45323
45324
45325
45326
45327
45328
45329
45330
45331
45332
45333
45334
45335
45336
45337
45338
45340
47220
47221
47222
47223
47224
47225
47226
47227
47228
47229
47230
47231
47232
47233
47234
47235
47236
47237
47238
47239
47240
47241
47242
47243
47244
47245
47246
47247
47248
47249
47250
47251
47252
47253
47254
47255
47256
47257
47259
49139
49140
49141
49142
49143
49144
49145
49146
49147
49148
49149
49150
49151
49152
49153
49154
49155
49156
49157
49158
49159
49160
49161
49162
49163
49164
49165
49166
49167
49168
49169
49170
49171
49172
49173
49174
49175
49176
49178
51058
51059
51060
51061
51062
51063
51064
51065
51066
51067
51068
51069
51070
51071
51072
51073
51074
51075
51076
51077
51078
51079
51080
51081
51082
51083
51084
51085
51086
51087
51088
51089
51090
51091
51092
51093
51094
51095
51097
52977
52978
52979
52980
52981
52982
52983
52984
52985
52986
52987
52988
52989
52990
52991
52992
52993
52994
52995
52996
52997
52998
52999
53000
53001
53002
53003
53004
53005
53006
53007
53008
53009
53010
53011
53012
53013
53014
53016
54896
54897
54898
54899
54900
54901
54902
54903
54904
54905
54906
54907
54908
54909
54910
54911
54912
54913
54914
54915
54916
54917
54918
54919
54920
54921
54922
54923
54924
54925
54926
54927
54928
54929
54930
54931
54932
54933
54935
56815
56816
56817
56818
56819
56820
56821
56822
56823
56824
56825
56826
56827
56828
56829
56830
56831
56832
56833
56834
56835
56836
56837
56838
56839
56840
56841
56842
56843
56844
56845
56846
56847
56848
56849
56850
56851
56852
56854
58734
58735
58736
58737
58738
58739
58740
58741
58742
58743
58744
58745
58746
58747
58748
58749
58750
58751
58752
58753
58754
58755
58756
58757
58758
58759
58760
58761
58762
58763
58764
58765
58766
58767
58768
58769
58770
58771
58773
60651
60652
60653
60654
60655
60656
60657
60658
60659
60660
60661
60662
60663
60664
60665
60666
60667
60668
60669
60670
60671
60672
60673
60674
60675
60676
60677
60678
60679
60680
60681
60682
60683
60684
60685
60686
60687
60688
60689
60690
60692
62570
62571
62572
62573
62574
62575
62576
62577
62578
62579
62580
62581
62582
62583
62584
62585
62586
62587
62588
62589
62590
62591
62592
62593
62594
62595
62596
62597
62598
62599
62600
62601
62602
62603
62604
62605
62606
62607
62608
62609
62611
64489
64490
64491
64492
64493
64494
64495
64496
64497
64498
64499
64500
64501
64502
64503
64504
64505
64506
64507
64508
64509
64510
64511
64512
64513
64514
64515
64516
64517
64518
64519
64520
64521
64522
64523
64524
64525
64526
64527
64528
64530
66408
66409
66410
66411
66412
66413
66414
66415
66416
66417
66418
66419
66420
66421
66422
66423
66424
66425
66426
66427
66428
66429
66430
66431
66432
66433
66434
66435
66436
66437
66438
66439
66440
66441
66442
66443
66444
66445
66446
66447
66449
68327
68328
68329
68330
68331
68332
68333
68334
68335
68336
68337
68338
68339
68340
68341
68342
68343
68344
68345
68346
68347
68348
68349
68350
68351
68352
68353
68354
68355
68356
68357
68358
68359
68360
68361
68362
68363
68364
68365
68366
68368
70246
70247
70248
70249
70250
70251
70252
70253
70254
70255
70256
70257
70258
70259
70260
70261
70262
70263
70264
70265
70266
70267
70268
70269
70270
70271
70272
70273
70274
70275
70276
70277
70278
70279
70280
70281
70282
70283
70284
70285
70287
72165
72166
72167
72168
72169
72170
72171
72172
72173
72174
72175
72176
72177
72178
72179
72180
72181
72182
72183
72184
72185
72186
72187
72188
72189
72190
72191
72192
72193
72194
72195
72196
72197
72198
72199
72200
72201
72202
72203
72204
72206
74084
74085
74086
74087
74088
74089
74090
74091
74092
74093
74094
74095
74096
74097
74098
74099
74100
74101
74102
74103
74104
74105
74106
74107
74108
74109
74110
74111
74112
74113
74114
74115
74116
74117
74118
74119
74120
74121
74122
74123
74125
76004
76005
76006
76007
76008
76009
76010
76011
76012
76013
76014
76015
76016
76017
76018
76019
76020
76021
76022
76023
76024
76025
76026
76027
76028
76029
76030
76031
76032
76033
76034
76035
76036
76037
76038
76039
76040
76041
76042
76043
76045
77924
77925
77926
77927
77928
77929
77930
77931
77932
77933
77934
77935
77936
77937
77938
77939
77940
77941
77942
77943
77944
77945
77946
77947
77948
77949
77950
77951
77952
77953
77954
77955
77956
77957
77958
77959
77960
77961
77962
77963
77965
79844
79845
79846
79847
79848
79849
79850
79851
79852
79853
79854
79855
79856
79857
79858
79859
79860
79861
79862
79863
79864
79865
79866
79867
79868
79869
79870
79871
79872
79873
79874
79875
79876
79877
79878
79879
79880
79881
79882
79883
81764
81765
81766
81767
81768
81769
81770
81771
81772
81773
81774
81775
81776
81777
81778
81779
81780
81781
81782
81783
81784
81785
81786
81787
81788
81789
81790
81791
81792
81793
81794
81795
81796
81797
81798
81799
81800
81801
81803
83684
83685
83686
83687
83688
83689
83690
83691
83692
83693
83694
83695
83696
83697
83698
83699
83700
83701
83702
83703
83704
83705
83706
83707
83708
83709
83710
83711
83712
83713
83714
83715
83716
83717
83718
83719
83720
83721
83723
85604
85605
85606
85607
85608
85609
85610
85611
85612
85613
85614
85615
85616
85617
85618
85619
85620
85621
85622
85623
85624
85625
85626
85627
85628
85629
85630
85631
85632
85633
85634
85635
85636
85637
85638
85639
85640
85641
85643
87524
87525
87526
87527
87528
87529
87530
87531
87532
87533
87534
87535
87536
87537
87538
87539
87540
87541
87542
87543
87544
87545
87546
87547
87548
87549
87550
87551
87552
87553
87554
87555
87556
87557
87558
87559
87560
87561
87563
89444
89445
89446
89447
89448
89449
89450
89451
89452
89453
89454
89455
89456
89457
89458
89459
89460
89461
89462
89463
89464
89465
89466
89467
89468
89469
89470
89471
89472
89473
89474
89475
89476
89477
89478
89479
89480
89481
89483
91364
91365
91366
91367
91368
91369
91370
91371
91372
91373
91374
91375
91376
91377
91378
91379
91380
91381
91382
91383
91384
91385
91386
91387
91388
91389
91390
91391
91392
91393
91394
91395
91396
91397
91398
91399
91400
91401
91403
93283
93284
93285
93286
93287
93288
93289
93290
93291
93292
93293
93294
93295
93296
93297
93298
93299
93300
93301
93302
93303
93304
93305
93306
93307
93308
93309
93310
93311
93312
93313
93314
93315
93316
93317
93318
93319
93320
93322
95202
95203
95204
95205
95206
95207
95208
95209
95210
95211
95212
95213
95214
95215
95216
95217
95218
95219
95220
95221
95222
95223
95224
95225
95226
95227
95228
95229
95230
95231
95232
95233
95234
95235
95236
95237
95238
95239
95241
97121
97122
97123
97124
97125
97126
97127
97128
97129
97130
97131
97132
97133
97134
97135
97136
97137
97138
97139
97140
97141
97142
97143
97144
97145
97146
97147
97148
97149
97150
97151
97152
97153
97154
97155
97156
97157
97158
97160
99040
99041
99042
99043
99044
99045
99046
99047
99048
99049
99050
99051
99052
99053
99054
99055
99056
99057
99058
99059
99060
99061
99062
99063
99064
99065
99066
99067
99068
99069
99070
99071
99072
99073
99074
99075
99076
99077
99079
100959
100960
100961
100962
100963
100964
100965
100966
100967
100968
100969
100970
100971
100972
100973
100974
100975
100976
100977
100978
100979
100980
100981
100982
100983
100984
100985
100986
100987
100988
100989
100990
100991
100992
100993
100994
100995
100996
100998
102878
102879
102880
102881
102882
102883
102884
102885
102886
102887
102888
102889
102890
102891
102892
102893
102894
102895
102896
102897
102898
102899
102900
102901
102902
102903
102904
102905
102906
102907
102908
102909
102910
102911
102912
102913
102914
102915
102917
104797
104798
104799
104800
104801
104802
104803
104804
104805
104806
104807
104808
104809
104810
104811
104812
104813
104814
104815
104816
104817
104818
104819
104820
104821
104822
104823
104824
104825
104826
104827
104828
104829
104830
104831
104832
104833
104834
104836
106716
106717
106718
106719
106720
106721
106722
106723
106724
106725
106726
106727
106728
106729
106730
106731
106732
106733
106734
106735
106736
106737
106738
106739
106740
106741
106742
106743
106744
106745
106746
106747
106748
106749
106750
106751
106752
106753
106755
108635
108636
108637
108638
108639
108640
108641
108642
108643
108644
108645
108646
108647
108648
108649
108650
108651
108652
108653
108654
108655
108656
108657
108658
108659
108660
108661
108662
108663
108664
108665
108666
108667
108668
108669
108670
108671
108672
108674
110554
110555
110556
110557
110558
110559
110560
110561
110562
110563
110564
110565
110566
110567
110568
110569
110570
110571
110572
110573
110574
110575
110576
110577
110578
110579
110580
110581
110582
110583
110584
110585
110586
110587
110588
110589
110590
110591
110593
112473
112474
112475
112476
112477
112478
112479
112480
112481
112482
112483
112484
112485
112486
112487
112488
112489
112490
112491
112492
112493
112494
112495
112496
112497
112498
112499
112500
112501
112502
112503
112504
112505
112506
112507
112508
112509
112510
112512
114392
114393
114394
114395
114396
114397
114398
114399
114400
114401
114402
114403
114404
114405
114406
114407
114408
114409
114410
114411
114412
114413
114414
114415
114416
114417
114418
114419
114420
114421
114422
114423
114424
114425
114426
114427
114428
114429
114431
116311
116312
116313
116314
116315
116316
116317
116318
116319
116320
116321
116322
116323
116324
116325
116326
116327
116328
116329
116330
116331
116332
116333
116334
116335
116336
116337
116338
116339
116340
116341
116342
116343
116344
116345
116346
116347
116348
116350
118230
118231
118232
118233
118234
118235
118236
118237
118238
118239
118240
118241
118242
118243
118244
118245
118246
118247
118248
118249
118250
118251
118252
118253
118254
118255
118256
118257
118258
118259
118260
118261
118262
118263
118264
118265
118266
118267
118269
120149
120150
120151
120152
120153
120154
120155
120156
120157
120158
120159
120160
120161
120162
120163
120164
120165
120166
120167
120168
120169
120170
120171
120172
120173
120174
120175
120176
120177
120178
120179
120180
120181
120182
120183
120184
120185
120186
120188
122068
122069
122070
122071
122072
122073
122074
122075
122076
122077
122078
122079
122080
122081
122082
122083
122084
122085
122086
122087
122088
122089
122090
122091
122092
122093
122094
122095
122096
122097
122098
122099
122100
122101
122102
122103
122104
122105
122107
123987
123988
123989
123990
123991
123992
123993
123994
123995
123996
123997
123998
123999
124000
124001
124002
124003
124004
124005
124006
124007
124008
124009
124010
124011
124012
124013
124014
124015
124016
124017
124018
124019
124020
124021
124022
124023
124024
124026
125906
125907
125908
125909
125910
125911
125912
125913
125914
125915
125916
125917
125918
125919
125920
125921
125922
125923
125924
125925
125926
125927
125928
125929
125930
125931
125932
125933
125934
125935
125936
125937
125938
125939
125940
125941
125942
125943
125945
127825
127826
127827
127828
127829
127830
127831
127832
127833
127834
127835
127836
127837
127838
127839
127840
127841
127842
127843
127844
127845
127846
127847
127848
127849
127850
127851
127852
127853
127854
127855
127856
127857
127858
127859
127860
127861
127862
127864
129744
129745
129746
129747
129748
129749
129750
129751
129752
129753
129754
129755
129756
129757
129758
129759
129760
129761
129762
129763
129764
129765
129766
129767
129768
129769
129770
129771
129772
129773
129774
129775
129776
129777
129778
129779
129780
129781
129783
131663
131664
131665
131666
131667
131668
131669
131670
131671
131672
131673
131674
131675
131676
131677
131678
131679
131680
131681
131682
131683
131684
131685
131686
131687
131688
131689
131690
131691
131692
131693
131694
131695
131696
131697
131698
131699
131700
131702
133582
133583
133584
133585
133586
133587
133588
133589
133590
133591
133592
133593
133594
133595
133596
133597
133598
133599
133600
133601
133602
133603
133604
133605
133606
133607
133608
133609
133610
133611
133612
133613
133614
133615
133616
133617
133618
133619
133621
135501
135502
135503
135504
135505
135506
135507
135508
135509
135510
135511
135512
135513
135514
135515
135516
135517
135518
135519
135520
135521
135522
135523
135524
135525
135526
135527
135528
135529
135530
135531
135532
135533
135534
135535
135536
135537
135538
135540
137420
137421
137422
137423
137424
137425
137426
137427
137428
137429
137430
137431
137432
137433
137434
137435
137436
137437
137438
137439
137440
137441
137442
137443
137444
137445
137446
137447
137448
137449
137450
137451
137452
137453
137454
137455
137456
137457
137459
139339
139340
139341
139342
139343
139344
139345
139346
139347
139348
139349
139350
139351
139352
139353
139354
139355
139356
139357
139358
139359
139360
139361
139362
139363
139364
139365
139366
139367
139368
139369
139370
139371
139372
139373
139374
139375
139376
139378
141258
141259
141260
141261
141262
141263
141264
141265
141266
141267
141268
141269
141270
141271
141272
141273
141274
141275
141276
141277
141278
141279
141280
141281
141282
141283
141284
141285
141286
141287
141288
141289
141290
141291
141292
141293
141294
141295
141297
143177
143178
143179
143180
143181
143182
143183
143184
143185
143186
143187
143188
143189
143190
143191
143192
143193
143194
143195
143196
143197
143198
143199
143200
143201
143202
143203
143204
143205
143206
143207
143208
143209
143210
143211
143212
143213
143214
143216
145096
145097
145098
145099
145100
145101
145102
145103
145104
145105
145106
145107
145108
145109
145110
145111
145112
145113
145114
145115
145116
145117
145118
145119
145120
145121
145122
145123
145124
145125
145126
145127
145128
145129
145130
145131
145132
145133
145135
147015
147016
147017
147018
147019
147020
147021
147022
147023
147024
147025
147026
147027
147028
147029
147030
147031
147032
147033
147034
147035
147036
147037
147038
147039
147040
147041
147042
147043
147044
147045
147046
147047
147048
147049
147050
147051
147052
147054
148934
148935
148936
148937
148938
148939
148940
148941
148942
148943
148944
148945
148946
148947
148948
148949
148950
148951
148952
148953
148954
148955
148956
148957
148958
148959
148960
148961
148962
148963
148964
148965
148966
148967
148968
148969
148970
148971
148973
150853
150854
150855
150856
150857
150858
150859
150860
150861
150862
150863
150864
150865
150866
150867
150868
150869
150870
150871
150872
150873
150874
150875
150876
150877
150878
150879
150880
150881
150882
150883
150884
150885
150886
150887
150888
150889
150890
150892
152195
152196
152197
152198
152199
152200
152201
152202
152203
152204
152205
152206
152207
152208
152209
152210
152211
152212
152213
154240
154241
154242
154243
154244
154245
154246
154247
154248
154249
154250
154251
154252
154253
154254
154255
154256
154257
154258
154259
155200
155201
155202
155203
155204
155205
155206
155207
155208
155209
155210
155211
155212
155213
155214
155215
155216
155217
155218
155219
156160
156161
156162
156163
156164
156165
156166
156167
156168
156169
156170
156171
156172
156173
156174
156175
156176
156177
156178
156179
157120
157121
157122
157123
157124
157125
157126
157127
157128
157129
157130
157131
157132
157133
157134
157135
157136
157137
157138
157139
158080
158081
158082
158083
158084
158085
158086
158087
158088
158089
158090
158091
158092
158093
158094
158095
158096
158097
158098
158099
159040
159041
159042
159043
159044
159045
159046
159047
159048
159049
159050
159051
159052
159053
159054
159055
159056
159057
159058
159059
160000
160001
160002
160003
160004
160005
160006
160007
160008
160009
160010
160011
160012
160013
160014
160015
160016
160017
160018
160019
160960
160961
160962
160963
160964
160965
160966
160967
160968
160969
160970
160971
160972
160973
160974
160975
160976
160977
160978
160979
161920
161921
161922
161923
161924
161925
161926
161927
161928
161929
161930
161931
161932
161933
161934
161935
161936
161937
161938
161939
162880
162881
162882
162883
162884
162885
162886
162887
162888
162889
162890
162891
162892
162893
162894
162895
162896
162897
162898
162899
163840
163841
163842
163843
163844
163845
163846
163847
163848
163849
163850
163851
163852
163853
163854
163855
163856
163857
163858
163859
164800
164801
164802
164803
164804
164805
164806
164807
164808
164809
164810
164811
164812
164813
164814
164815
164816
164817
164818
164819
165760
165761
165762
165763
165764
165765
165766
165767
165768
165769
165770
165771
165772
165773
165774
165775
165776
165777
165778
165779
166720
166721
166722
166723
166724
166725
166726
166727
166728
166729
166730
166731
166732
166733
166734
166735
166736
166737
166738
166739
167680
167681
167682
167683
167684
167685
167686
167687
167688
167689
167690
167691
167692
167693
167694
167695
167696
167697
167698
167699
168640
168641
168642
168643
168644
168645
168646
168647
168648
168649
168650
168651
168652
168653
168654
168655
168656
168657
168658
168659
169600
169601
169602
169603
169604
169605
169606
169607
169608
169609
169610
169611
169612
169613
169614
169615
169616
169617
169618
169619
170560
170561
170562
170563
170564
170565
170566
170567
170568
170569
170570
170571
170572
170573
170574
170575
170576
170577
170578
170579
171520
171521
171522
171523
171524
171525
171526
171527
171528
171529
171530
171531
171532
171533
171534
171535
171536
171537
171538
171539
172480
172481
172482
172483
172484
172485
172486
172487
172488
172489
172490
172491
172492
172493
172494
172495
172496
172497
172498
172499
173440
173441
173442
173443
173444
173445
173446
173447
173448
173449
173450
173451
173452
173453
173454
173455
173456
173457
173458
173459
174400
174401
174402
174403
174404
174405
174406
174407
174408
174409
174410
174411
174412
174413
174414
174415
174416
174417
174418
174419
175360
175361
175362
175363
175364
175365
175366
175367
175368
175369
175370
175371
175372
175373
175374
175375
175376
175377
175378
175379
176320
176321
176322
176323
176324
176325
176326
176327
176328
176329
176330
176331
176332
176333
176334
176335
176336
176337
176338
176339
177280
177281
177282
177283
177284
177285
177286
177287
177288
177289
177290
177291
177292
177293
177294
177295
177296
177297
177298
177299
178240
178241
178242
178243
178244
178245
178246
178247
178248
178249
178250
178251
178252
178253
178254
178255
178256
178257
178258
178259
179200
179201
179202
179203
179204
179205
179206
179207
179208
179209
179210
179211
179212
179213
179214
179215
179216
179217
179218
179219
180160
180161
180162
180163
180164
180165
180166
180167
180168
180169
180170
180171
180172
180173
180174
180175
180176
180177
180178
180179
181120
181121
181122
181123
181124
181125
181126
181127
181128
181129
181130
181131
181132
181133
181134
181135
181136
181137
181138
181139
182080
182081
182082
182083
182084
182085
182086
182087
182088
182089
182090
182091
182092
182093
182094
182095
182096
182097
182098
182099
183040
183041
183042
183043
183044
183045
183046
183047
183048
183049
183050
183051
183052
183053
183054
183055
183056
183057
183058
183059
183999
184000
184001
184002
184003
184004
184005
184006
184007
184008
184009
184010
184011
184012
184013
184014
184015
184016
184017
184018
184019
184959
184960
184961
184962
184963
184964
184965
184966
184967
184968
184969
184970
184971
184972
184973
184974
184975
184976
184977
184978
184979
185919
185920
185921
185922
185923
185924
185925
185926
185927
185928
185929
185930
185931
185932
185933
185934
185935
185936
185937
185938
185939
186879
186880
186881
186882
186883
186884
186885
186886
186887
186888
186889
186890
186891
186892
186893
186894
186895
186896
186897
186898
186899
187839
187840
187841
187842
187843
187844
187845
187846
187847
187848
187849
187850
187851
187852
187853
187854
187855
187856
187857
187858
187859
188799
188800
188801
188802
188803
188804
188805
188806
188807
188808
188809
188810
188811
188812
188813
188814
188815
188816
188817
188818
188819
189759
189760
189761
189762
189763
189764
189765
189766
189767
189768
189769
189770
189771
189772
189773
189774
189775
189776
189777
189778
189779
190719
190720
190721
190722
190723
190724
190725
190726
190727
190728
190729
190730
190731
190732
190733
190734
190735
190736
190737
190738
190739
191679
191680
191681
191682
191683
191684
191685
191686
191687
191688
191689
191690
191691
191692
191693
191694
191695
191696
191697
191698
191699
192639
192640
192641
192642
192643
192644
192645
192646
192647
192648
192649
192650
192651
192652
192653
192654
192655
192656
192657
192658
192659
193599
193600
193601
193602
193603
193604
193605
193606
193607
193608
193609
193610
193611
193612
193613
193614
193615
193616
193617
193618
193619
194559
194560
194561
194562
194563
194564
194565
194566
194567
194568
194569
194570
194571
194572
194573
194574
194575
194576
194577
194578
195519
195520
195521
195522
195523
195524
195525
195526
195527
195528
195529
195530
195531
195532
195533
195534
195535
195536
195537
195538
196479
196480
196481
196482
196483
196484
196485
196486
196487
196488
196489
196490
196491
196492
196493
196494
196495
196496
196497
196498
197439
197440
197441
197442
197443
197444
197445
197446
197447
197448
197449
197450
197451
197452
197453
197454
197455
197456
197457
197458
198399
198400
198401
198402
198403
198404
198405
198406
198407
198408
198409
198410
198411
198412
198413
198414
198415
198416
198417
198418
199359
199360
199361
199362
199363
199364
199365
199366
199367
199368
199369
199370
199371
199372
199373
199374
199375
199376
199377
199378
200319
200320
200321
200322
200323
200324
200325
200326
200327
200328
200329
200330
200331
200332
200333
200334
200335
200336
200337
200338
201279
201280
201281
201282
201283
201284
201285
201286
201287
201288
201289
201290
201291
201292
201293
201294
201295
201296
201297
201298
202239
202240
202241
202242
202243
202244
202245
202246
202247
202248
202249
202250
202251
202252
202253
202254
202255
202256
202257
202258
203199
203200
203201
203202
203203
203204
203205
203206
203207
203208
203209
203210
203211
203212
203213
203214
203215
203216
203217
203218
204159
204160
204161
204162
204163
204164
204165
204166
204167
204168
204169
204170
204171
204172
204173
204174
204175
204176
204177
204178
205119
205120
205121
205122
205123
205124
205125
205126
205127
205128
205129
205130
205131
205132
205133
205134
205135
205136
205137
205138
206079
206080
206081
206082
206083
206084
206085
206086
206087
206088
206089
206090
206091
206092
206093
206094
206095
206096
206097
206098
207039
207040
207041
207042
207043
207044
207045
207046
207047
207048
207049
207050
207051
207052
207053
207054
207055
207056
207057
207058
207999
208000
208001
208002
208003
208004
208005
208006
208007
208008
208009
208010
208011
208012
208013
208014
208015
208016
208017
208018
208959
208960
208961
208962
208963
208964
208965
208966
208967
208968
208969
208970
208971
208972
208973
208974
208975
208976
208977
208978
209919
209920
209921
209922
209923
209924
209925
209926
209927
209928
209929
209930
209931
209932
209933
209934
209935
209936
209937
209938
210879
210880
210881
210882
210883
210884
210885
210886
210887
210888
210889
210890
210891
210892
210893
210894
210895
210896
210897
210898
211839
211840
211841
211842
211843
211844
211845
211846
211847
211848
211849
211850
211851
211852
211853
211854
211855
211856
211857
211858
212799
212800
212801
212802
212803
212804
212805
212806
212807
212808
212809
212810
212811
212812
212813
212814
212815
212816
212817
212818
213759
213760
213761
213762
213763
213764
213765
213766
213767
213768
213769
213770
213771
213772
213773
213774
213775
213776
213777
213778
214719
214720
214721
214722
214723
214724
214725
214726
214727
214728
214729
214730
214731
214732
214733
214734
214735
214736
214737
214738
215679
215680
215681
215682
215683
215684
215685
215686
215687
215688
215689
215690
215691
215692
215693
215694
215695
215696
215697
215698
216639
216640
216641
216642
216643
216644
216645
216646
216647
216648
216649
216650
216651
216652
216653
216654
216655
216656
216657
216658
217599
217600
217601
217602
217603
217604
217605
217606
217607
217608
217609
217610
217611
217612
217613
217614
217615
217616
217617
217618
218559
218560
218561
218562
218563
218564
218565
218566
218567
218568
218569
218570
218571
218572
218573
218574
218575
218576
218577
218578
219519
219520
219521
219522
219523
219524
219525
219526
219527
219528
219529
219530
219531
219532
219533
219534
219535
219536
219537
219538
220479
220480
220481
220482
220483
220484
220485
220486
220487
220488
220489
220490
220491
220492
220493
220494
220495
220496
220497
220498
221439
221440
221441
221442
221443
221444
221445
221446
221447
221448
221449
221450
221451
221452
221453
221454
221455
221456
221457
221458
222399
222400
222401
222402
222403
222404
222405
222406
222407
222408
222409
222410
222411
222412
222413
222414
222415
222416
222417
222418
223359
223360
223361
223362
223363
223364
223365
223366
223367
223368
223369
223370
223371
223372
223373
223374
223375
223376
223377
223378
224319
224320
224321
224322
224323
224324
224325
224326
224327
224328
224329
224330
224331
224332
224333
224334
224335
224336
224337
224338
225279
225280
225281
225282
225283
225284
225285
225286
225287
225288
225289
225290
225291
225292
225293
225294
225295
225296
225297
225298
226239
226240
226241
226242
226243
226244
226245
226246
226247
226248
226249
226250
226251
226252
226253
226254
226255
226256
226257
226258
227199
227200
227201
227202
227203
227204
227205
227206
227207
227208
227209
227210
227211
227212
227213
227214
227215
227216
227217
227218
228159
228160
228161
228162
228163
228164
228165
228166
228167
228168
228169
228170
228171
228172
228173
228174
228175
228176
228177
228178
229119
229120
229121
229122
229123
229124
229125
229126
229127
229128
229129
229130
229131
229132
229133
229134
229135
229136
229137
229138
230079
230080
230081
230082
230083
230084
230085
230086
230087
230088
230089
230090
230091
230092
230093
230094
230095
230096
230097
230098
231577
231578
231579
231580
231581
231582
231583
231584
231585
231586
231587
231588
231589
231590
231591
231592
231593
231594
231595
231596
232537
232538
232539
232540
232541
232542
232543
232544
232545
232546
232547
232548
232549
232550
232551
232552
232553
232554
232555
232556
233497
233498
233499
233500
233501
233502
233503
233504
233505
233506
233507
233508
233509
233510
233511
233512
233513
233514
233515
233516
234457
234458
234459
234460
234461
234462
234463
234464
234465
234466
234467
234468
234469
234470
234471
234472
234473
234474
234475
234476
235417
235418
235419
235420
235421
235422
235423
235424
235425
235426
235427
235428
235429
235430
235431
235432
235433
235434
235435
235436
236377
236378
236379
236380
236381
236382
236383
236384
236385
236386
236387
236388
236389
236390
236391
236392
236393
236394
236395
236396
237337
237338
237339
237340
237341
237342
237343
237344
237345
237346
237347
237348
237349
237350
237351
237352
237353
237354
237355
237356
238297
238298
238299
238300
238301
238302
238303
238304
238305
238306
238307
238308
238309
238310
238311
238312
238313
238314
238315
238316
239257
239258
239259
239260
239261
239262
239263
239264
239265
239266
239267
239268
239269
239270
239271
239272
239273
239274
239275
239276
240217
240218
240219
240220
240221
240222
240223
240224
240225
240226
240227
240228
240229
240230
240231
240232
240233
240234
240235
240236
241177
241178
241179
241180
241181
241182
241183
241184
241185
241186
241187
241188
241189
241190
241191
241192
241193
241194
241195
241196
242137
242138
242139
242140
242141
242142
242143
242144
242145
242146
242147
242148
242149
242150
242151
242152
242153
242154
242155
242156
243097
243098
243099
243100
243101
243102
243103
243104
243105
243106
243107
243108
243109
243110
243111
243112
243113
243114
243115
243116
244057
244058
244059
244060
244061
244062
244063
244064
244065
244066
244067
244068
244069
244070
244071
244072
244073
244074
244075
244076
245017
245018
245019
245020
245021
245022
245023
245024
245025
245026
245027
245028
245029
245030
245031
245032
245033
245034
245035
245036
245977
245978
245979
245980
245981
245982
245983
245984
245985
245986
245987
245988
245989
245990
245991
245992
245993
245994
245995
245996
246937
246938
246939
246940
246941
246942
246943
246944
246945
246946
246947
246948
246949
246950
246951
246952
246953
246954
246955
246956
247897
247898
247899
247900
247901
247902
247903
247904
247905
247906
247907
247908
247909
247910
247911
247912
247913
247914
247915
247916
248857
248858
248859
248860
248861
248862
248863
248864
248865
248866
248867
248868
248869
248870
248871
248872
248873
248874
248875
248876
249817
249818
249819
249820
249821
249822
249823
249824
249825
249826
249827
249828
249829
249830
249831
249832
249833
249834
249835
249836
250777
250778
250779
250780
250781
250782
250783
250784
250785
250786
250787
250788
250789
250790
250791
250792
250793
250794
250795
250796
251737
251738
251739
251740
251741
251742
251743
251744
251745
251746
251747
251748
251749
251750
251751
251752
251753
251754
251755
251756
252697
252698
252699
252700
252701
252702
252703
252704
252705
252706
252707
252708
252709
252710
252711
252712
252713
252714
252715
252716
253657
253658
253659
253660
253661
253662
253663
253664
253665
253666
253667
253668
253669
253670
253671
253672
253673
253674
253675
253676
254617
254618
254619
254620
254621
254622
254623
254624
254625
254626
254627
254628
254629
254630
254631
254632
254633
254634
254635
254636
255577
255578
255579
255580
255581
255582
255583
255584
255585
255586
255587
255588
255589
255590
255591
255592
255593
255594
255595
255596
256537
256538
256539
256540
256541
256542
256543
256544
256545
256546
256547
256548
256549
256550
256551
256552
256553
256554
256555
256556
257497
257498
257499
257500
257501
257502
257503
257504
257505
257506
257507
257508
257509
257510
257511
257512
257513
257514
257515
257516
258457
258458
258459
258460
258461
258462
258463
258464
258465
258466
258467
258468
258469
258470
258471
258472
258473
258474
258475
258476
259417
259418
259419
259420
259421
259422
259423
259424
259425
259426
259427
259428
259429
259430
259431
259432
259433
259434
259435
259436
260377
260378
260379
260380
260381
260382
260383
260384
260385
260386
260387
260388
260389
260390
260391
260392
260393
260394
260395
260396
261336
261337
261338
261339
261340
261341
261342
261343
261344
261345
261346
261347
261348
261349
261350
261351
261352
261353
261354
261355
261356
262296
262297
262298
262299
262300
262301
262302
262303
262304
262305
262306
262307
262308
262309
262310
262311
262312
262313
262314
262315
262316
263256
263257
263258
263259
263260
263261
263262
263263
263264
263265
263266
263267
263268
263269
263270
263271
263272
263273
263274
263275
263276
264216
264217
264218
264219
264220
264221
264222
264223
264224
264225
264226
264227
264228
264229
264230
264231
264232
264233
264234
264235
264236
265176
265177
265178
265179
265180
265181
265182
265183
265184
265185
265186
265187
265188
265189
265190
265191
265192
265193
265194
265195
265196
266136
266137
266138
266139
266140
266141
266142
266143
266144
266145
266146
266147
266148
266149
266150
266151
266152
266153
266154
266155
266156
267096
267097
267098
267099
267100
267101
267102
267103
267104
267105
267106
267107
267108
267109
267110
267111
267112
267113
267114
267115
267116
268056
268057
268058
268059
268060
268061
268062
268063
268064
268065
268066
268067
268068
268069
268070
268071
268072
268073
268074
268075
268076
269016
269017
269018
269019
269020
269021
269022
269023
269024
269025
269026
269027
269028
269029
269030
269031
269032
269033
269034
269035
269036
269976
269977
269978
269979
269980
269981
269982
269983
269984
269985
269986
269987
269988
269989
269990
269991
269992
269993
269994
269995
269996
270936
270937
270938
270939
270940
270941
270942
270943
270944
270945
270946
270947
270948
270949
270950
270951
270952
270953
270954
270955
270956
271896
271897
271898
271899
271900
271901
271902
271903
271904
271905
271906
271907
271908
271909
271910
271911
271912
271913
271914
271915
272856
272857
272858
272859
272860
272861
272862
272863
272864
272865
272866
272867
272868
272869
272870
272871
272872
272873
272874
272875
273816
273817
273818
273819
273820
273821
273822
273823
273824
273825
273826
273827
273828
273829
273830
273831
273832
273833
273834
273835
274776
274777
274778
274779
274780
274781
274782
274783
274784
274785
274786
274787
274788
274789
274790
274791
274792
274793
274794
274795
275736
275737
275738
275739
275740
275741
275742
275743
275744
275745
275746
275747
275748
275749
275750
275751
275752
275753
275754
275755
276696
276697
276698
276699
276700
276701
276702
276703
276704
276705
276706
276707
276708
276709
276710
276711
276712
276713
276714
276715
277656
277657
277658
277659
277660
277661
277662
277663
277664
277665
277666
277667
277668
277669
277670
277671
277672
277673
277674
277675
278616
278617
278618
278619
278620
278621
278622
278623
278624
278625
278626
278627
278628
278629
278630
278631
278632
278633
278634
278635
279576
279577
279578
279579
279580
279581
279582
279583
279584
279585
279586
279587
279588
279589
279590
279591
279592
279593
279594
279595
280536
280537
280538
280539
280540
280541
280542
280543
280544
280545
280546
280547
280548
280549
280550
280551
280552
280553
280554
280555
281496
281497
281498
281499
281500
281501
281502
281503
281504
281505
281506
281507
281508
281509
281510
281511
281512
281513
281514
281515
282456
282457
282458
282459
282460
282461
282462
282463
282464
282465
282466
282467
282468
282469
282470
282471
282472
282473
282474
282475
283416
283417
283418
283419
283420
283421
283422
283423
283424
283425
283426
283427
283428
283429
283430
283431
283432
283433
283434
283435
284376
284377
284378
284379
284380
284381
284382
284383
284384
284385
284386
284387
284388
284389
284390
284391
284392
284393
284394
284395
285336
285337
285338
285339
285340
285341
285342
285343
285344
285345
285346
285347
285348
285349
285350
285351
285352
285353
285354
285355
286296
286297
286298
286299
286300
286301
286302
286303
286304
286305
286306
286307
286308
286309
286310
286311
286312
286313
286314
286315
287256
287257
287258
287259
287260
287261
287262
287263
287264
287265
287266
287267
287268
287269
287270
287271
287272
287273
287274
287275
288216
288217
288218
288219
288220
288221
288222
288223
288224
288225
288226
288227
288228
288229
288230
288231
288232
288233
288234
288235
289176
289177
289178
289179
289180
289181
289182
289183
289184
289185
289186
289187
289188
289189
289190
289191
289192
289193
289194
289195
290136
290137
290138
290139
290140
290141
290142
290143
290144
290145
290146
290147
290148
290149
290150
290151
290152
290153
290154
290155
291096
291097
291098
291099
291100
291101
291102
291103
291104
291105
291106
291107
291108
291109
291110
291111
291112
291113
291114
291115
292056
292057
292058
292059
292060
292061
292062
292063
292064
292065
292066
292067
292068
292069
292070
292071
292072
292073
292074
292075
293016
293017
293018
293019
293020
293021
293022
293023
293024
293025
293026
293027
293028
293029
293030
293031
293032
293033
293034
293035
293976
293977
293978
293979
293980
293981
293982
293983
293984
293985
293986
293987
293988
293989
293990
293991
293992
293993
293994
293995
294936
294937
294938
294939
294940
294941
294942
294943
294944
294945
294946
294947
294948
294949
294950
294951
294952
294953
294954
294955
295896
295897
295898
295899
295900
295901
295902
295903
295904
295905
295906
295907
295908
295909
295910
295911
295912
295913
295914
295915
296856
296857
296858
296859
296860
296861
296862
296863
296864
296865
296866
296867
296868
296869
296870
296871
296872
296873
296874
296875
297816
297817
297818
297819
297820
297821
297822
297823
297824
297825
297826
297827
297828
297829
297830
297831
297832
297833
297834
297835
298776
298777
298778
298779
298780
298781
298782
298783
298784
298785
298786
298787
298788
298789
298790
298791
298792
298793
298794
298795
299736
299737
299738
299739
299740
299741
299742
299743
299744
299745
299746
299747
299748
299749
299750
299751
299752
299753
299754
299755
300696
300697
300698
300699
300700
300701
300702
300703
300704
300705
300706
300707
300708
300709
300710
300711
300712
300713
300714
300715
301656
301657
301658
301659
301660
301661
301662
301663
301664
301665
301666
301667
301668
301669
301670
301671
301672
301673
301674
301675
302616
302617
302618
302619
302620
302621
302622
302623
302624
302625
302626
302627
302628
302629
302630
302631
302632
302633
302634
302635
303576
303577
303578
303579
303580
303581
303582
303583
303584
303585
303586
303587
303588
303589
303590
303591
303592
303593
303594
303595
304536
304537
304538
304539
304540
304541
304542
304543
304544
304545
304546
304547
304548
304549
304550
304551
304552
304553
304554
304555
305496
305497
305498
305499
305500
305501
305502
305503
305504
305505
305506
305507
305508
305509
305510
305511
305512
305513
305514
305515
306456
306457
306458
306459
306460
306461
306462
306463
306464
306465
306466
306467
306468
306469
306470
306471
306472
306473
306474
306475
307416
307417
307418
307419
307420
307421
307422
307423
307424
307425
307426
307427
307428
307429
307430
307431
307432
307433
307434
307435
309073
309074
309075
309076
309077
309078
309079
309080
309081
309082
309083
309084
309085
309086
309087
309088
309089
309090
309091
309092
-1156
-3076
-4996
-6916
-8836
-10756
-12676
-14595
-16514
-18433
-20352
-22271
-24190
-26109
-28028
-29947
-31866
-33785
-35704
-37623
-39542
-41461
-43380
-45299
-47218
-49137
-51056
-52975
-54894
-56813
-58732
-58733
-60649
-62568
-64487
-66406
-68325
-70244
-72163
-74082
-76002
-77922
-79842
-81762
-83682
-85602
-87522
-89442
-91362
-93281
-95200
-97119
-99038
-100957
-102876
-104795
-106714
-108633
-110552
-112471
-114390
-116309
-118228
-120147
-122066
-123985
-125904
-127823
-129742
-131661
-133580
-135499
-137418
-139337
-141256
-143175
-145094
-147013
-148932
-150851
-152194
1196
3116
5036
6956
8876
10796
12716
14635
16554
18473
20392
22311
24230
26149
28068
29987
31906
33825
35744
37663
39582
41501
43420
45339
47258
49177
51096
53015
54934
56853
58772
60691
62610
64529
66448
68367
70286
72205
74124
76044
77964
79884
79885
81802
83722
85642
87562
89482
91402
93321
95240
97159
99078
100997
102916
104835
106754
108673
110592
112511
114430
116349
118268
120187
122106
124025
125944
127863
129782
131701
133620
135539
137458
139377
141296
143215
145134
147053
148972
150891
152214
)


// ************************************************************************* //
