/*--------------------------------*- C++ -*----------------------------------*\
| =========                 |                                                 |
| \\      /  F ield         | OpenFOAM: The Open Source CFD Toolbox           |
|  \\    /   O peration     | Version:  2.3.0                                 |
|   \\  /    A nd           | Web:      www.OpenFOAM.org                      |
|    \\/     M anipulation  |                                                 |
\*---------------------------------------------------------------------------*/
FoamFile
{
    version     2.0;
    format      ascii;
    class       labelList;
    location    "constant/polyMesh";
    object      faceProcAddressing;
}
// * * * * * * * * * * * * * * * * * * * * * * * * * * * * * * * * * * * * * //


6529
(
312
313
314
315
316
317
318
319
320
321
322
323
324
325
326
327
328
329
330
331
332
333
334
335
336
337
338
339
340
341
342
343
344
345
346
347
348
349
351
2232
2233
2234
2235
2236
2237
2238
2239
2240
2241
2242
2243
2244
2245
2246
2247
2248
2249
2250
2251
2252
2253
2254
2255
2256
2257
2258
2259
2260
2261
2262
2263
2264
2265
2266
2267
2268
2269
2271
4152
4153
4154
4155
4156
4157
4158
4159
4160
4161
4162
4163
4164
4165
4166
4167
4168
4169
4170
4171
4172
4173
4174
4175
4176
4177
4178
4179
4180
4181
4182
4183
4184
4185
4186
4187
4188
4189
4191
6072
6073
6074
6075
6076
6077
6078
6079
6080
6081
6082
6083
6084
6085
6086
6087
6088
6089
6090
6091
6092
6093
6094
6095
6096
6097
6098
6099
6100
6101
6102
6103
6104
6105
6106
6107
6108
6109
6111
7992
7993
7994
7995
7996
7997
7998
7999
8000
8001
8002
8003
8004
8005
8006
8007
8008
8009
8010
8011
8012
8013
8014
8015
8016
8017
8018
8019
8020
8021
8022
8023
8024
8025
8026
8027
8028
8029
8031
9912
9913
9914
9915
9916
9917
9918
9919
9920
9921
9922
9923
9924
9925
9926
9927
9928
9929
9930
9931
9932
9933
9934
9935
9936
9937
9938
9939
9940
9941
9942
9943
9944
9945
9946
9947
9948
9949
9951
11832
11833
11834
11835
11836
11837
11838
11839
11840
11841
11842
11843
11844
11845
11846
11847
11848
11849
11850
11851
11852
11853
11854
11855
11856
11857
11858
11859
11860
11861
11862
11863
11864
11865
11866
11867
11868
11869
11871
13751
13752
13753
13754
13755
13756
13757
13758
13759
13760
13761
13762
13763
13764
13765
13766
13767
13768
13769
13770
13771
13772
13773
13774
13775
13776
13777
13778
13779
13780
13781
13782
13783
13784
13785
13786
13787
13788
13790
15670
15671
15672
15673
15674
15675
15676
15677
15678
15679
15680
15681
15682
15683
15684
15685
15686
15687
15688
15689
15690
15691
15692
15693
15694
15695
15696
15697
15698
15699
15700
15701
15702
15703
15704
15705
15706
15707
15709
17589
17590
17591
17592
17593
17594
17595
17596
17597
17598
17599
17600
17601
17602
17603
17604
17605
17606
17607
17608
17609
17610
17611
17612
17613
17614
17615
17616
17617
17618
17619
17620
17621
17622
17623
17624
17625
17626
17628
19508
19509
19510
19511
19512
19513
19514
19515
19516
19517
19518
19519
19520
19521
19522
19523
19524
19525
19526
19527
19528
19529
19530
19531
19532
19533
19534
19535
19536
19537
19538
19539
19540
19541
19542
19543
19544
19545
19547
21427
21428
21429
21430
21431
21432
21433
21434
21435
21436
21437
21438
21439
21440
21441
21442
21443
21444
21445
21446
21447
21448
21449
21450
21451
21452
21453
21454
21455
21456
21457
21458
21459
21460
21461
21462
21463
21464
21466
23346
23347
23348
23349
23350
23351
23352
23353
23354
23355
23356
23357
23358
23359
23360
23361
23362
23363
23364
23365
23366
23367
23368
23369
23370
23371
23372
23373
23374
23375
23376
23377
23378
23379
23380
23381
23382
23383
23385
25265
25266
25267
25268
25269
25270
25271
25272
25273
25274
25275
25276
25277
25278
25279
25280
25281
25282
25283
25284
25285
25286
25287
25288
25289
25290
25291
25292
25293
25294
25295
25296
25297
25298
25299
25300
25301
25302
25304
27184
27185
27186
27187
27188
27189
27190
27191
27192
27193
27194
27195
27196
27197
27198
27199
27200
27201
27202
27203
27204
27205
27206
27207
27208
27209
27210
27211
27212
27213
27214
27215
27216
27217
27218
27219
27220
27221
27223
29103
29104
29105
29106
29107
29108
29109
29110
29111
29112
29113
29114
29115
29116
29117
29118
29119
29120
29121
29122
29123
29124
29125
29126
29127
29128
29129
29130
29131
29132
29133
29134
29135
29136
29137
29138
29139
29140
29142
31022
31023
31024
31025
31026
31027
31028
31029
31030
31031
31032
31033
31034
31035
31036
31037
31038
31039
31040
31041
31042
31043
31044
31045
31046
31047
31048
31049
31050
31051
31052
31053
31054
31055
31056
31057
31058
31059
31061
32941
32942
32943
32944
32945
32946
32947
32948
32949
32950
32951
32952
32953
32954
32955
32956
32957
32958
32959
32960
32961
32962
32963
32964
32965
32966
32967
32968
32969
32970
32971
32972
32973
32974
32975
32976
32977
32978
32980
34860
34861
34862
34863
34864
34865
34866
34867
34868
34869
34870
34871
34872
34873
34874
34875
34876
34877
34878
34879
34880
34881
34882
34883
34884
34885
34886
34887
34888
34889
34890
34891
34892
34893
34894
34895
34896
34897
34899
36779
36780
36781
36782
36783
36784
36785
36786
36787
36788
36789
36790
36791
36792
36793
36794
36795
36796
36797
36798
36799
36800
36801
36802
36803
36804
36805
36806
36807
36808
36809
36810
36811
36812
36813
36814
36815
36816
36818
38698
38699
38700
38701
38702
38703
38704
38705
38706
38707
38708
38709
38710
38711
38712
38713
38714
38715
38716
38717
38718
38719
38720
38721
38722
38723
38724
38725
38726
38727
38728
38729
38730
38731
38732
38733
38734
38735
38737
40617
40618
40619
40620
40621
40622
40623
40624
40625
40626
40627
40628
40629
40630
40631
40632
40633
40634
40635
40636
40637
40638
40639
40640
40641
40642
40643
40644
40645
40646
40647
40648
40649
40650
40651
40652
40653
40654
40656
42536
42537
42538
42539
42540
42541
42542
42543
42544
42545
42546
42547
42548
42549
42550
42551
42552
42553
42554
42555
42556
42557
42558
42559
42560
42561
42562
42563
42564
42565
42566
42567
42568
42569
42570
42571
42572
42573
42575
44455
44456
44457
44458
44459
44460
44461
44462
44463
44464
44465
44466
44467
44468
44469
44470
44471
44472
44473
44474
44475
44476
44477
44478
44479
44480
44481
44482
44483
44484
44485
44486
44487
44488
44489
44490
44491
44492
44494
46374
46375
46376
46377
46378
46379
46380
46381
46382
46383
46384
46385
46386
46387
46388
46389
46390
46391
46392
46393
46394
46395
46396
46397
46398
46399
46400
46401
46402
46403
46404
46405
46406
46407
46408
46409
46410
46411
46413
48293
48294
48295
48296
48297
48298
48299
48300
48301
48302
48303
48304
48305
48306
48307
48308
48309
48310
48311
48312
48313
48314
48315
48316
48317
48318
48319
48320
48321
48322
48323
48324
48325
48326
48327
48328
48329
48330
48332
50212
50213
50214
50215
50216
50217
50218
50219
50220
50221
50222
50223
50224
50225
50226
50227
50228
50229
50230
50231
50232
50233
50234
50235
50236
50237
50238
50239
50240
50241
50242
50243
50244
50245
50246
50247
50248
50249
50251
52131
52132
52133
52134
52135
52136
52137
52138
52139
52140
52141
52142
52143
52144
52145
52146
52147
52148
52149
52150
52151
52152
52153
52154
52155
52156
52157
52158
52159
52160
52161
52162
52163
52164
52165
52166
52167
52168
52170
54050
54051
54052
54053
54054
54055
54056
54057
54058
54059
54060
54061
54062
54063
54064
54065
54066
54067
54068
54069
54070
54071
54072
54073
54074
54075
54076
54077
54078
54079
54080
54081
54082
54083
54084
54085
54086
54087
54089
55969
55970
55971
55972
55973
55974
55975
55976
55977
55978
55979
55980
55981
55982
55983
55984
55985
55986
55987
55988
55989
55990
55991
55992
55993
55994
55995
55996
55997
55998
55999
56000
56001
56002
56003
56004
56005
56006
56008
57888
57889
57890
57891
57892
57893
57894
57895
57896
57897
57898
57899
57900
57901
57902
57903
57904
57905
57906
57907
57908
57909
57910
57911
57912
57913
57914
57915
57916
57917
57918
57919
57920
57921
57922
57923
57924
57925
57927
59807
59808
59809
59810
59811
59812
59813
59814
59815
59816
59817
59818
59819
59820
59821
59822
59823
59824
59825
59826
59827
59828
59829
59830
59831
59832
59833
59834
59835
59836
59837
59838
59839
59840
59841
59842
59843
59844
59846
61726
61727
61728
61729
61730
61731
61732
61733
61734
61735
61736
61737
61738
61739
61740
61741
61742
61743
61744
61745
61746
61747
61748
61749
61750
61751
61752
61753
61754
61755
61756
61757
61758
61759
61760
61761
61762
61763
61765
63645
63646
63647
63648
63649
63650
63651
63652
63653
63654
63655
63656
63657
63658
63659
63660
63661
63662
63663
63664
63665
63666
63667
63668
63669
63670
63671
63672
63673
63674
63675
63676
63677
63678
63679
63680
63681
63682
63684
65564
65565
65566
65567
65568
65569
65570
65571
65572
65573
65574
65575
65576
65577
65578
65579
65580
65581
65582
65583
65584
65585
65586
65587
65588
65589
65590
65591
65592
65593
65594
65595
65596
65597
65598
65599
65600
65601
65603
67483
67484
67485
67486
67487
67488
67489
67490
67491
67492
67493
67494
67495
67496
67497
67498
67499
67500
67501
67502
67503
67504
67505
67506
67507
67508
67509
67510
67511
67512
67513
67514
67515
67516
67517
67518
67519
67520
67522
69402
69403
69404
69405
69406
69407
69408
69409
69410
69411
69412
69413
69414
69415
69416
69417
69418
69419
69420
69421
69422
69423
69424
69425
69426
69427
69428
69429
69430
69431
69432
69433
69434
69435
69436
69437
69438
69439
69441
71321
71322
71323
71324
71325
71326
71327
71328
71329
71330
71331
71332
71333
71334
71335
71336
71337
71338
71339
71340
71341
71342
71343
71344
71345
71346
71347
71348
71349
71350
71351
71352
71353
71354
71355
71356
71357
71358
71360
73240
73241
73242
73243
73244
73245
73246
73247
73248
73249
73250
73251
73252
73253
73254
73255
73256
73257
73258
73259
73260
73261
73262
73263
73264
73265
73266
73267
73268
73269
73270
73271
73272
73273
73274
73275
73276
73277
73279
75158
75159
75160
75161
75162
75163
75164
75165
75166
75167
75168
75169
75170
75171
75172
75173
75174
75175
75176
75177
75178
75179
75180
75181
75182
75183
75184
75185
75186
75187
75188
75189
75190
75191
75192
75193
75194
75195
75196
75197
75199
77078
77079
77080
77081
77082
77083
77084
77085
77086
77087
77088
77089
77090
77091
77092
77093
77094
77095
77096
77097
77098
77099
77100
77101
77102
77103
77104
77105
77106
77107
77108
77109
77110
77111
77112
77113
77114
77115
77116
77117
77119
78998
78999
79000
79001
79002
79003
79004
79005
79006
79007
79008
79009
79010
79011
79012
79013
79014
79015
79016
79017
79018
79019
79020
79021
79022
79023
79024
79025
79026
79027
79028
79029
79030
79031
79032
79033
79034
79035
79036
79037
79039
80918
80919
80920
80921
80922
80923
80924
80925
80926
80927
80928
80929
80930
80931
80932
80933
80934
80935
80936
80937
80938
80939
80940
80941
80942
80943
80944
80945
80946
80947
80948
80949
80950
80951
80952
80953
80954
80955
80956
80957
80959
82838
82839
82840
82841
82842
82843
82844
82845
82846
82847
82848
82849
82850
82851
82852
82853
82854
82855
82856
82857
82858
82859
82860
82861
82862
82863
82864
82865
82866
82867
82868
82869
82870
82871
82872
82873
82874
82875
82876
82877
82879
84758
84759
84760
84761
84762
84763
84764
84765
84766
84767
84768
84769
84770
84771
84772
84773
84774
84775
84776
84777
84778
84779
84780
84781
84782
84783
84784
84785
84786
84787
84788
84789
84790
84791
84792
84793
84794
84795
84796
84797
84799
86678
86679
86680
86681
86682
86683
86684
86685
86686
86687
86688
86689
86690
86691
86692
86693
86694
86695
86696
86697
86698
86699
86700
86701
86702
86703
86704
86705
86706
86707
86708
86709
86710
86711
86712
86713
86714
86715
86716
86717
86719
88598
88599
88600
88601
88602
88603
88604
88605
88606
88607
88608
88609
88610
88611
88612
88613
88614
88615
88616
88617
88618
88619
88620
88621
88622
88623
88624
88625
88626
88627
88628
88629
88630
88631
88632
88633
88634
88635
88636
88637
88639
90518
90519
90520
90521
90522
90523
90524
90525
90526
90527
90528
90529
90530
90531
90532
90533
90534
90535
90536
90537
90538
90539
90540
90541
90542
90543
90544
90545
90546
90547
90548
90549
90550
90551
90552
90553
90554
90555
90556
90557
90559
92437
92438
92439
92440
92441
92442
92443
92444
92445
92446
92447
92448
92449
92450
92451
92452
92453
92454
92455
92456
92457
92458
92459
92460
92461
92462
92463
92464
92465
92466
92467
92468
92469
92470
92471
92472
92473
92474
92475
92476
92478
94356
94357
94358
94359
94360
94361
94362
94363
94364
94365
94366
94367
94368
94369
94370
94371
94372
94373
94374
94375
94376
94377
94378
94379
94380
94381
94382
94383
94384
94385
94386
94387
94388
94389
94390
94391
94392
94393
94394
94395
94397
96275
96276
96277
96278
96279
96280
96281
96282
96283
96284
96285
96286
96287
96288
96289
96290
96291
96292
96293
96294
96295
96296
96297
96298
96299
96300
96301
96302
96303
96304
96305
96306
96307
96308
96309
96310
96311
96312
96313
96314
98194
98195
98196
98197
98198
98199
98200
98201
98202
98203
98204
98205
98206
98207
98208
98209
98210
98211
98212
98213
98214
98215
98216
98217
98218
98219
98220
98221
98222
98223
98224
98225
98226
98227
98228
98229
98230
98231
98233
100113
100114
100115
100116
100117
100118
100119
100120
100121
100122
100123
100124
100125
100126
100127
100128
100129
100130
100131
100132
100133
100134
100135
100136
100137
100138
100139
100140
100141
100142
100143
100144
100145
100146
100147
100148
100149
100150
100152
102032
102033
102034
102035
102036
102037
102038
102039
102040
102041
102042
102043
102044
102045
102046
102047
102048
102049
102050
102051
102052
102053
102054
102055
102056
102057
102058
102059
102060
102061
102062
102063
102064
102065
102066
102067
102068
102069
102071
103951
103952
103953
103954
103955
103956
103957
103958
103959
103960
103961
103962
103963
103964
103965
103966
103967
103968
103969
103970
103971
103972
103973
103974
103975
103976
103977
103978
103979
103980
103981
103982
103983
103984
103985
103986
103987
103988
103990
105870
105871
105872
105873
105874
105875
105876
105877
105878
105879
105880
105881
105882
105883
105884
105885
105886
105887
105888
105889
105890
105891
105892
105893
105894
105895
105896
105897
105898
105899
105900
105901
105902
105903
105904
105905
105906
105907
105909
107789
107790
107791
107792
107793
107794
107795
107796
107797
107798
107799
107800
107801
107802
107803
107804
107805
107806
107807
107808
107809
107810
107811
107812
107813
107814
107815
107816
107817
107818
107819
107820
107821
107822
107823
107824
107825
107826
107828
109708
109709
109710
109711
109712
109713
109714
109715
109716
109717
109718
109719
109720
109721
109722
109723
109724
109725
109726
109727
109728
109729
109730
109731
109732
109733
109734
109735
109736
109737
109738
109739
109740
109741
109742
109743
109744
109745
109747
111627
111628
111629
111630
111631
111632
111633
111634
111635
111636
111637
111638
111639
111640
111641
111642
111643
111644
111645
111646
111647
111648
111649
111650
111651
111652
111653
111654
111655
111656
111657
111658
111659
111660
111661
111662
111663
111664
111666
113546
113547
113548
113549
113550
113551
113552
113553
113554
113555
113556
113557
113558
113559
113560
113561
113562
113563
113564
113565
113566
113567
113568
113569
113570
113571
113572
113573
113574
113575
113576
113577
113578
113579
113580
113581
113582
113583
113585
115465
115466
115467
115468
115469
115470
115471
115472
115473
115474
115475
115476
115477
115478
115479
115480
115481
115482
115483
115484
115485
115486
115487
115488
115489
115490
115491
115492
115493
115494
115495
115496
115497
115498
115499
115500
115501
115502
115504
117384
117385
117386
117387
117388
117389
117390
117391
117392
117393
117394
117395
117396
117397
117398
117399
117400
117401
117402
117403
117404
117405
117406
117407
117408
117409
117410
117411
117412
117413
117414
117415
117416
117417
117418
117419
117420
117421
117423
119303
119304
119305
119306
119307
119308
119309
119310
119311
119312
119313
119314
119315
119316
119317
119318
119319
119320
119321
119322
119323
119324
119325
119326
119327
119328
119329
119330
119331
119332
119333
119334
119335
119336
119337
119338
119339
119340
119342
121222
121223
121224
121225
121226
121227
121228
121229
121230
121231
121232
121233
121234
121235
121236
121237
121238
121239
121240
121241
121242
121243
121244
121245
121246
121247
121248
121249
121250
121251
121252
121253
121254
121255
121256
121257
121258
121259
121261
123141
123142
123143
123144
123145
123146
123147
123148
123149
123150
123151
123152
123153
123154
123155
123156
123157
123158
123159
123160
123161
123162
123163
123164
123165
123166
123167
123168
123169
123170
123171
123172
123173
123174
123175
123176
123177
123178
123180
125060
125061
125062
125063
125064
125065
125066
125067
125068
125069
125070
125071
125072
125073
125074
125075
125076
125077
125078
125079
125080
125081
125082
125083
125084
125085
125086
125087
125088
125089
125090
125091
125092
125093
125094
125095
125096
125097
125099
126979
126980
126981
126982
126983
126984
126985
126986
126987
126988
126989
126990
126991
126992
126993
126994
126995
126996
126997
126998
126999
127000
127001
127002
127003
127004
127005
127006
127007
127008
127009
127010
127011
127012
127013
127014
127015
127016
127018
128898
128899
128900
128901
128902
128903
128904
128905
128906
128907
128908
128909
128910
128911
128912
128913
128914
128915
128916
128917
128918
128919
128920
128921
128922
128923
128924
128925
128926
128927
128928
128929
128930
128931
128932
128933
128934
128935
128937
130817
130818
130819
130820
130821
130822
130823
130824
130825
130826
130827
130828
130829
130830
130831
130832
130833
130834
130835
130836
130837
130838
130839
130840
130841
130842
130843
130844
130845
130846
130847
130848
130849
130850
130851
130852
130853
130854
130856
132736
132737
132738
132739
132740
132741
132742
132743
132744
132745
132746
132747
132748
132749
132750
132751
132752
132753
132754
132755
132756
132757
132758
132759
132760
132761
132762
132763
132764
132765
132766
132767
132768
132769
132770
132771
132772
132773
132775
134655
134656
134657
134658
134659
134660
134661
134662
134663
134664
134665
134666
134667
134668
134669
134670
134671
134672
134673
134674
134675
134676
134677
134678
134679
134680
134681
134682
134683
134684
134685
134686
134687
134688
134689
134690
134691
134692
134694
136574
136575
136576
136577
136578
136579
136580
136581
136582
136583
136584
136585
136586
136587
136588
136589
136590
136591
136592
136593
136594
136595
136596
136597
136598
136599
136600
136601
136602
136603
136604
136605
136606
136607
136608
136609
136610
136611
136613
138493
138494
138495
138496
138497
138498
138499
138500
138501
138502
138503
138504
138505
138506
138507
138508
138509
138510
138511
138512
138513
138514
138515
138516
138517
138518
138519
138520
138521
138522
138523
138524
138525
138526
138527
138528
138529
138530
138532
140412
140413
140414
140415
140416
140417
140418
140419
140420
140421
140422
140423
140424
140425
140426
140427
140428
140429
140430
140431
140432
140433
140434
140435
140436
140437
140438
140439
140440
140441
140442
140443
140444
140445
140446
140447
140448
140449
140451
142331
142332
142333
142334
142335
142336
142337
142338
142339
142340
142341
142342
142343
142344
142345
142346
142347
142348
142349
142350
142351
142352
142353
142354
142355
142356
142357
142358
142359
142360
142361
142362
142363
142364
142365
142366
142367
142368
142370
144250
144251
144252
144253
144254
144255
144256
144257
144258
144259
144260
144261
144262
144263
144264
144265
144266
144267
144268
144269
144270
144271
144272
144273
144274
144275
144276
144277
144278
144279
144280
144281
144282
144283
144284
144285
144286
144287
144289
146169
146170
146171
146172
146173
146174
146175
146176
146177
146178
146179
146180
146181
146182
146183
146184
146185
146186
146187
146188
146189
146190
146191
146192
146193
146194
146195
146196
146197
146198
146199
146200
146201
146202
146203
146204
146205
146206
146208
148088
148089
148090
148091
148092
148093
148094
148095
148096
148097
148098
148099
148100
148101
148102
148103
148104
148105
148106
148107
148108
148109
148110
148111
148112
148113
148114
148115
148116
148117
148118
148119
148120
148121
148122
148123
148124
148125
148127
150007
150008
150009
150010
150011
150012
150013
150014
150015
150016
150017
150018
150019
150020
150021
150022
150023
150024
150025
150026
150027
150028
150029
150030
150031
150032
150033
150034
150035
150036
150037
150038
150039
150040
150041
150042
150043
150044
150046
151772
151773
151774
151775
151776
151777
151778
151779
151780
151781
151782
151783
151784
151785
151786
151787
151788
151789
151790
153817
153818
153819
153820
153821
153822
153823
153824
153825
153826
153827
153828
153829
153830
153831
153832
153833
153834
153835
153836
154777
154778
154779
154780
154781
154782
154783
154784
154785
154786
154787
154788
154789
154790
154791
154792
154793
154794
154795
154796
155737
155738
155739
155740
155741
155742
155743
155744
155745
155746
155747
155748
155749
155750
155751
155752
155753
155754
155755
155756
156697
156698
156699
156700
156701
156702
156703
156704
156705
156706
156707
156708
156709
156710
156711
156712
156713
156714
156715
156716
157657
157658
157659
157660
157661
157662
157663
157664
157665
157666
157667
157668
157669
157670
157671
157672
157673
157674
157675
157676
158617
158618
158619
158620
158621
158622
158623
158624
158625
158626
158627
158628
158629
158630
158631
158632
158633
158634
158635
158636
159577
159578
159579
159580
159581
159582
159583
159584
159585
159586
159587
159588
159589
159590
159591
159592
159593
159594
159595
159596
160537
160538
160539
160540
160541
160542
160543
160544
160545
160546
160547
160548
160549
160550
160551
160552
160553
160554
160555
160556
161497
161498
161499
161500
161501
161502
161503
161504
161505
161506
161507
161508
161509
161510
161511
161512
161513
161514
161515
161516
162457
162458
162459
162460
162461
162462
162463
162464
162465
162466
162467
162468
162469
162470
162471
162472
162473
162474
162475
162476
163417
163418
163419
163420
163421
163422
163423
163424
163425
163426
163427
163428
163429
163430
163431
163432
163433
163434
163435
163436
164377
164378
164379
164380
164381
164382
164383
164384
164385
164386
164387
164388
164389
164390
164391
164392
164393
164394
164395
164396
165337
165338
165339
165340
165341
165342
165343
165344
165345
165346
165347
165348
165349
165350
165351
165352
165353
165354
165355
165356
166297
166298
166299
166300
166301
166302
166303
166304
166305
166306
166307
166308
166309
166310
166311
166312
166313
166314
166315
166316
167257
167258
167259
167260
167261
167262
167263
167264
167265
167266
167267
167268
167269
167270
167271
167272
167273
167274
167275
167276
168217
168218
168219
168220
168221
168222
168223
168224
168225
168226
168227
168228
168229
168230
168231
168232
168233
168234
168235
168236
169177
169178
169179
169180
169181
169182
169183
169184
169185
169186
169187
169188
169189
169190
169191
169192
169193
169194
169195
169196
170137
170138
170139
170140
170141
170142
170143
170144
170145
170146
170147
170148
170149
170150
170151
170152
170153
170154
170155
170156
171097
171098
171099
171100
171101
171102
171103
171104
171105
171106
171107
171108
171109
171110
171111
171112
171113
171114
171115
171116
172057
172058
172059
172060
172061
172062
172063
172064
172065
172066
172067
172068
172069
172070
172071
172072
172073
172074
172075
172076
173017
173018
173019
173020
173021
173022
173023
173024
173025
173026
173027
173028
173029
173030
173031
173032
173033
173034
173035
173036
173977
173978
173979
173980
173981
173982
173983
173984
173985
173986
173987
173988
173989
173990
173991
173992
173993
173994
173995
173996
174937
174938
174939
174940
174941
174942
174943
174944
174945
174946
174947
174948
174949
174950
174951
174952
174953
174954
174955
174956
175897
175898
175899
175900
175901
175902
175903
175904
175905
175906
175907
175908
175909
175910
175911
175912
175913
175914
175915
175916
176857
176858
176859
176860
176861
176862
176863
176864
176865
176866
176867
176868
176869
176870
176871
176872
176873
176874
176875
176876
177817
177818
177819
177820
177821
177822
177823
177824
177825
177826
177827
177828
177829
177830
177831
177832
177833
177834
177835
177836
178777
178778
178779
178780
178781
178782
178783
178784
178785
178786
178787
178788
178789
178790
178791
178792
178793
178794
178795
178796
179737
179738
179739
179740
179741
179742
179743
179744
179745
179746
179747
179748
179749
179750
179751
179752
179753
179754
179755
179756
180697
180698
180699
180700
180701
180702
180703
180704
180705
180706
180707
180708
180709
180710
180711
180712
180713
180714
180715
180716
181657
181658
181659
181660
181661
181662
181663
181664
181665
181666
181667
181668
181669
181670
181671
181672
181673
181674
181675
181676
182617
182618
182619
182620
182621
182622
182623
182624
182625
182626
182627
182628
182629
182630
182631
182632
182633
182634
182635
182636
183577
183578
183579
183580
183581
183582
183583
183584
183585
183586
183587
183588
183589
183590
183591
183592
183593
183594
183595
183596
184537
184538
184539
184540
184541
184542
184543
184544
184545
184546
184547
184548
184549
184550
184551
184552
184553
184554
184555
184556
185497
185498
185499
185500
185501
185502
185503
185504
185505
185506
185507
185508
185509
185510
185511
185512
185513
185514
185515
185516
186457
186458
186459
186460
186461
186462
186463
186464
186465
186466
186467
186468
186469
186470
186471
186472
186473
186474
186475
186476
187417
187418
187419
187420
187421
187422
187423
187424
187425
187426
187427
187428
187429
187430
187431
187432
187433
187434
187435
187436
188377
188378
188379
188380
188381
188382
188383
188384
188385
188386
188387
188388
188389
188390
188391
188392
188393
188394
188395
188396
189337
189338
189339
189340
189341
189342
189343
189344
189345
189346
189347
189348
189349
189350
189351
189352
189353
189354
189355
189356
190297
190298
190299
190300
190301
190302
190303
190304
190305
190306
190307
190308
190309
190310
190311
190312
190313
190314
190315
190316
191256
191257
191258
191259
191260
191261
191262
191263
191264
191265
191266
191267
191268
191269
191270
191271
191272
191273
191274
191275
191276
192216
192217
192218
192219
192220
192221
192222
192223
192224
192225
192226
192227
192228
192229
192230
192231
192232
192233
192234
192235
192236
193176
193177
193178
193179
193180
193181
193182
193183
193184
193185
193186
193187
193188
193189
193190
193191
193192
193193
193194
193195
193196
194136
194137
194138
194139
194140
194141
194142
194143
194144
194145
194146
194147
194148
194149
194150
194151
194152
194153
194154
194155
194156
195096
195097
195098
195099
195100
195101
195102
195103
195104
195105
195106
195107
195108
195109
195110
195111
195112
195113
195114
195115
195116
196056
196057
196058
196059
196060
196061
196062
196063
196064
196065
196066
196067
196068
196069
196070
196071
196072
196073
196074
196075
196076
197016
197017
197018
197019
197020
197021
197022
197023
197024
197025
197026
197027
197028
197029
197030
197031
197032
197033
197034
197035
197036
197976
197977
197978
197979
197980
197981
197982
197983
197984
197985
197986
197987
197988
197989
197990
197991
197992
197993
197994
197995
197996
198936
198937
198938
198939
198940
198941
198942
198943
198944
198945
198946
198947
198948
198949
198950
198951
198952
198953
198954
198955
198956
199896
199897
199898
199899
199900
199901
199902
199903
199904
199905
199906
199907
199908
199909
199910
199911
199912
199913
199914
199915
199916
200856
200857
200858
200859
200860
200861
200862
200863
200864
200865
200866
200867
200868
200869
200870
200871
200872
200873
200874
200875
200876
201816
201817
201818
201819
201820
201821
201822
201823
201824
201825
201826
201827
201828
201829
201830
201831
201832
201833
201834
201835
201836
202776
202777
202778
202779
202780
202781
202782
202783
202784
202785
202786
202787
202788
202789
202790
202791
202792
202793
202794
202795
203736
203737
203738
203739
203740
203741
203742
203743
203744
203745
203746
203747
203748
203749
203750
203751
203752
203753
203754
203755
204696
204697
204698
204699
204700
204701
204702
204703
204704
204705
204706
204707
204708
204709
204710
204711
204712
204713
204714
204715
205656
205657
205658
205659
205660
205661
205662
205663
205664
205665
205666
205667
205668
205669
205670
205671
205672
205673
205674
205675
206616
206617
206618
206619
206620
206621
206622
206623
206624
206625
206626
206627
206628
206629
206630
206631
206632
206633
206634
206635
207576
207577
207578
207579
207580
207581
207582
207583
207584
207585
207586
207587
207588
207589
207590
207591
207592
207593
207594
207595
208536
208537
208538
208539
208540
208541
208542
208543
208544
208545
208546
208547
208548
208549
208550
208551
208552
208553
208554
208555
209496
209497
209498
209499
209500
209501
209502
209503
209504
209505
209506
209507
209508
209509
209510
209511
209512
209513
209514
209515
210456
210457
210458
210459
210460
210461
210462
210463
210464
210465
210466
210467
210468
210469
210470
210471
210472
210473
210474
210475
211416
211417
211418
211419
211420
211421
211422
211423
211424
211425
211426
211427
211428
211429
211430
211431
211432
211433
211434
211435
212376
212377
212378
212379
212380
212381
212382
212383
212384
212385
212386
212387
212388
212389
212390
212391
212392
212393
212394
212395
213336
213337
213338
213339
213340
213341
213342
213343
213344
213345
213346
213347
213348
213349
213350
213351
213352
213353
213354
213355
214296
214297
214298
214299
214300
214301
214302
214303
214304
214305
214306
214307
214308
214309
214310
214311
214312
214313
214314
214315
215256
215257
215258
215259
215260
215261
215262
215263
215264
215265
215266
215267
215268
215269
215270
215271
215272
215273
215274
215275
216216
216217
216218
216219
216220
216221
216222
216223
216224
216225
216226
216227
216228
216229
216230
216231
216232
216233
216234
216235
217176
217177
217178
217179
217180
217181
217182
217183
217184
217185
217186
217187
217188
217189
217190
217191
217192
217193
217194
217195
218136
218137
218138
218139
218140
218141
218142
218143
218144
218145
218146
218147
218148
218149
218150
218151
218152
218153
218154
218155
219096
219097
219098
219099
219100
219101
219102
219103
219104
219105
219106
219107
219108
219109
219110
219111
219112
219113
219114
219115
220056
220057
220058
220059
220060
220061
220062
220063
220064
220065
220066
220067
220068
220069
220070
220071
220072
220073
220074
220075
221016
221017
221018
221019
221020
221021
221022
221023
221024
221025
221026
221027
221028
221029
221030
221031
221032
221033
221034
221035
221976
221977
221978
221979
221980
221981
221982
221983
221984
221985
221986
221987
221988
221989
221990
221991
221992
221993
221994
221995
222936
222937
222938
222939
222940
222941
222942
222943
222944
222945
222946
222947
222948
222949
222950
222951
222952
222953
222954
222955
223896
223897
223898
223899
223900
223901
223902
223903
223904
223905
223906
223907
223908
223909
223910
223911
223912
223913
223914
223915
224856
224857
224858
224859
224860
224861
224862
224863
224864
224865
224866
224867
224868
224869
224870
224871
224872
224873
224874
224875
225816
225817
225818
225819
225820
225821
225822
225823
225824
225825
225826
225827
225828
225829
225830
225831
225832
225833
225834
225835
226776
226777
226778
226779
226780
226781
226782
226783
226784
226785
226786
226787
226788
226789
226790
226791
226792
226793
226794
226795
227736
227737
227738
227739
227740
227741
227742
227743
227744
227745
227746
227747
227748
227749
227750
227751
227752
227753
227754
227755
228696
228697
228698
228699
228700
228701
228702
228703
228704
228705
228706
228707
228708
228709
228710
228711
228712
228713
228714
228715
229656
229657
229658
229659
229660
229661
229662
229663
229664
229665
229666
229667
229668
229669
229670
229671
229672
229673
229674
229675
231154
231155
231156
231157
231158
231159
231160
231161
231162
231163
231164
231165
231166
231167
231168
231169
231170
231171
231172
231173
232114
232115
232116
232117
232118
232119
232120
232121
232122
232123
232124
232125
232126
232127
232128
232129
232130
232131
232132
232133
233074
233075
233076
233077
233078
233079
233080
233081
233082
233083
233084
233085
233086
233087
233088
233089
233090
233091
233092
233093
234034
234035
234036
234037
234038
234039
234040
234041
234042
234043
234044
234045
234046
234047
234048
234049
234050
234051
234052
234053
234994
234995
234996
234997
234998
234999
235000
235001
235002
235003
235004
235005
235006
235007
235008
235009
235010
235011
235012
235013
235954
235955
235956
235957
235958
235959
235960
235961
235962
235963
235964
235965
235966
235967
235968
235969
235970
235971
235972
235973
236914
236915
236916
236917
236918
236919
236920
236921
236922
236923
236924
236925
236926
236927
236928
236929
236930
236931
236932
236933
237874
237875
237876
237877
237878
237879
237880
237881
237882
237883
237884
237885
237886
237887
237888
237889
237890
237891
237892
237893
238834
238835
238836
238837
238838
238839
238840
238841
238842
238843
238844
238845
238846
238847
238848
238849
238850
238851
238852
238853
239794
239795
239796
239797
239798
239799
239800
239801
239802
239803
239804
239805
239806
239807
239808
239809
239810
239811
239812
239813
240754
240755
240756
240757
240758
240759
240760
240761
240762
240763
240764
240765
240766
240767
240768
240769
240770
240771
240772
240773
241714
241715
241716
241717
241718
241719
241720
241721
241722
241723
241724
241725
241726
241727
241728
241729
241730
241731
241732
241733
242674
242675
242676
242677
242678
242679
242680
242681
242682
242683
242684
242685
242686
242687
242688
242689
242690
242691
242692
242693
243634
243635
243636
243637
243638
243639
243640
243641
243642
243643
243644
243645
243646
243647
243648
243649
243650
243651
243652
243653
244594
244595
244596
244597
244598
244599
244600
244601
244602
244603
244604
244605
244606
244607
244608
244609
244610
244611
244612
244613
245554
245555
245556
245557
245558
245559
245560
245561
245562
245563
245564
245565
245566
245567
245568
245569
245570
245571
245572
245573
246514
246515
246516
246517
246518
246519
246520
246521
246522
246523
246524
246525
246526
246527
246528
246529
246530
246531
246532
246533
247474
247475
247476
247477
247478
247479
247480
247481
247482
247483
247484
247485
247486
247487
247488
247489
247490
247491
247492
247493
248434
248435
248436
248437
248438
248439
248440
248441
248442
248443
248444
248445
248446
248447
248448
248449
248450
248451
248452
248453
249394
249395
249396
249397
249398
249399
249400
249401
249402
249403
249404
249405
249406
249407
249408
249409
249410
249411
249412
249413
250354
250355
250356
250357
250358
250359
250360
250361
250362
250363
250364
250365
250366
250367
250368
250369
250370
250371
250372
250373
251314
251315
251316
251317
251318
251319
251320
251321
251322
251323
251324
251325
251326
251327
251328
251329
251330
251331
251332
251333
252274
252275
252276
252277
252278
252279
252280
252281
252282
252283
252284
252285
252286
252287
252288
252289
252290
252291
252292
252293
253234
253235
253236
253237
253238
253239
253240
253241
253242
253243
253244
253245
253246
253247
253248
253249
253250
253251
253252
253253
254194
254195
254196
254197
254198
254199
254200
254201
254202
254203
254204
254205
254206
254207
254208
254209
254210
254211
254212
254213
255154
255155
255156
255157
255158
255159
255160
255161
255162
255163
255164
255165
255166
255167
255168
255169
255170
255171
255172
255173
256114
256115
256116
256117
256118
256119
256120
256121
256122
256123
256124
256125
256126
256127
256128
256129
256130
256131
256132
256133
257074
257075
257076
257077
257078
257079
257080
257081
257082
257083
257084
257085
257086
257087
257088
257089
257090
257091
257092
257093
258034
258035
258036
258037
258038
258039
258040
258041
258042
258043
258044
258045
258046
258047
258048
258049
258050
258051
258052
258053
258994
258995
258996
258997
258998
258999
259000
259001
259002
259003
259004
259005
259006
259007
259008
259009
259010
259011
259012
259013
259954
259955
259956
259957
259958
259959
259960
259961
259962
259963
259964
259965
259966
259967
259968
259969
259970
259971
259972
259973
260914
260915
260916
260917
260918
260919
260920
260921
260922
260923
260924
260925
260926
260927
260928
260929
260930
260931
260932
260933
261874
261875
261876
261877
261878
261879
261880
261881
261882
261883
261884
261885
261886
261887
261888
261889
261890
261891
261892
261893
262834
262835
262836
262837
262838
262839
262840
262841
262842
262843
262844
262845
262846
262847
262848
262849
262850
262851
262852
262853
263794
263795
263796
263797
263798
263799
263800
263801
263802
263803
263804
263805
263806
263807
263808
263809
263810
263811
263812
263813
264754
264755
264756
264757
264758
264759
264760
264761
264762
264763
264764
264765
264766
264767
264768
264769
264770
264771
264772
264773
265714
265715
265716
265717
265718
265719
265720
265721
265722
265723
265724
265725
265726
265727
265728
265729
265730
265731
265732
265733
266674
266675
266676
266677
266678
266679
266680
266681
266682
266683
266684
266685
266686
266687
266688
266689
266690
266691
266692
266693
267634
267635
267636
267637
267638
267639
267640
267641
267642
267643
267644
267645
267646
267647
267648
267649
267650
267651
267652
267653
268593
268594
268595
268596
268597
268598
268599
268600
268601
268602
268603
268604
268605
268606
268607
268608
268609
268610
268611
268612
268613
269553
269554
269555
269556
269557
269558
269559
269560
269561
269562
269563
269564
269565
269566
269567
269568
269569
269570
269571
269572
269573
270513
270514
270515
270516
270517
270518
270519
270520
270521
270522
270523
270524
270525
270526
270527
270528
270529
270530
270531
270532
270533
271473
271474
271475
271476
271477
271478
271479
271480
271481
271482
271483
271484
271485
271486
271487
271488
271489
271490
271491
271492
271493
272433
272434
272435
272436
272437
272438
272439
272440
272441
272442
272443
272444
272445
272446
272447
272448
272449
272450
272451
272452
272453
273393
273394
273395
273396
273397
273398
273399
273400
273401
273402
273403
273404
273405
273406
273407
273408
273409
273410
273411
273412
273413
274353
274354
274355
274356
274357
274358
274359
274360
274361
274362
274363
274364
274365
274366
274367
274368
274369
274370
274371
274372
274373
275313
275314
275315
275316
275317
275318
275319
275320
275321
275322
275323
275324
275325
275326
275327
275328
275329
275330
275331
275332
275333
276273
276274
276275
276276
276277
276278
276279
276280
276281
276282
276283
276284
276285
276286
276287
276288
276289
276290
276291
276292
276293
277233
277234
277235
277236
277237
277238
277239
277240
277241
277242
277243
277244
277245
277246
277247
277248
277249
277250
277251
277252
277253
278193
278194
278195
278196
278197
278198
278199
278200
278201
278202
278203
278204
278205
278206
278207
278208
278209
278210
278211
278212
278213
279153
279154
279155
279156
279157
279158
279159
279160
279161
279162
279163
279164
279165
279166
279167
279168
279169
279170
279171
279172
279173
280113
280114
280115
280116
280117
280118
280119
280120
280121
280122
280123
280124
280125
280126
280127
280128
280129
280130
280131
280132
281073
281074
281075
281076
281077
281078
281079
281080
281081
281082
281083
281084
281085
281086
281087
281088
281089
281090
281091
281092
282033
282034
282035
282036
282037
282038
282039
282040
282041
282042
282043
282044
282045
282046
282047
282048
282049
282050
282051
282052
282993
282994
282995
282996
282997
282998
282999
283000
283001
283002
283003
283004
283005
283006
283007
283008
283009
283010
283011
283012
283953
283954
283955
283956
283957
283958
283959
283960
283961
283962
283963
283964
283965
283966
283967
283968
283969
283970
283971
283972
284913
284914
284915
284916
284917
284918
284919
284920
284921
284922
284923
284924
284925
284926
284927
284928
284929
284930
284931
284932
285873
285874
285875
285876
285877
285878
285879
285880
285881
285882
285883
285884
285885
285886
285887
285888
285889
285890
285891
285892
286833
286834
286835
286836
286837
286838
286839
286840
286841
286842
286843
286844
286845
286846
286847
286848
286849
286850
286851
286852
287793
287794
287795
287796
287797
287798
287799
287800
287801
287802
287803
287804
287805
287806
287807
287808
287809
287810
287811
287812
288753
288754
288755
288756
288757
288758
288759
288760
288761
288762
288763
288764
288765
288766
288767
288768
288769
288770
288771
288772
289713
289714
289715
289716
289717
289718
289719
289720
289721
289722
289723
289724
289725
289726
289727
289728
289729
289730
289731
289732
290673
290674
290675
290676
290677
290678
290679
290680
290681
290682
290683
290684
290685
290686
290687
290688
290689
290690
290691
290692
291633
291634
291635
291636
291637
291638
291639
291640
291641
291642
291643
291644
291645
291646
291647
291648
291649
291650
291651
291652
292593
292594
292595
292596
292597
292598
292599
292600
292601
292602
292603
292604
292605
292606
292607
292608
292609
292610
292611
292612
293553
293554
293555
293556
293557
293558
293559
293560
293561
293562
293563
293564
293565
293566
293567
293568
293569
293570
293571
293572
294513
294514
294515
294516
294517
294518
294519
294520
294521
294522
294523
294524
294525
294526
294527
294528
294529
294530
294531
294532
295473
295474
295475
295476
295477
295478
295479
295480
295481
295482
295483
295484
295485
295486
295487
295488
295489
295490
295491
295492
296433
296434
296435
296436
296437
296438
296439
296440
296441
296442
296443
296444
296445
296446
296447
296448
296449
296450
296451
296452
297393
297394
297395
297396
297397
297398
297399
297400
297401
297402
297403
297404
297405
297406
297407
297408
297409
297410
297411
297412
298353
298354
298355
298356
298357
298358
298359
298360
298361
298362
298363
298364
298365
298366
298367
298368
298369
298370
298371
298372
299313
299314
299315
299316
299317
299318
299319
299320
299321
299322
299323
299324
299325
299326
299327
299328
299329
299330
299331
299332
300273
300274
300275
300276
300277
300278
300279
300280
300281
300282
300283
300284
300285
300286
300287
300288
300289
300290
300291
300292
301233
301234
301235
301236
301237
301238
301239
301240
301241
301242
301243
301244
301245
301246
301247
301248
301249
301250
301251
301252
302193
302194
302195
302196
302197
302198
302199
302200
302201
302202
302203
302204
302205
302206
302207
302208
302209
302210
302211
302212
303153
303154
303155
303156
303157
303158
303159
303160
303161
303162
303163
303164
303165
303166
303167
303168
303169
303170
303171
303172
304113
304114
304115
304116
304117
304118
304119
304120
304121
304122
304123
304124
304125
304126
304127
304128
304129
304130
304131
304132
305073
305074
305075
305076
305077
305078
305079
305080
305081
305082
305083
305084
305085
305086
305087
305088
305089
305090
305091
305092
306033
306034
306035
306036
306037
306038
306039
306040
306041
306042
306043
306044
306045
306046
306047
306048
306049
306050
306051
306052
306993
306994
306995
306996
306997
306998
306999
307000
307001
307002
307003
307004
307005
307006
307007
307008
307009
307010
307011
307012
308650
308651
308652
308653
308654
308655
308656
308657
308658
308659
308660
308661
308662
308663
308664
308665
308666
308667
308668
308669
-310
-2230
-4150
-6070
-7990
-9910
-11830
-13749
-15668
-17587
-19506
-21425
-23344
-25263
-27182
-29101
-31020
-32939
-34858
-36777
-38696
-40615
-42534
-44453
-46372
-48291
-50210
-52129
-54048
-55967
-57886
-59805
-61724
-63643
-65562
-67481
-69400
-71319
-73238
-73239
-75156
-77076
-78996
-80916
-82836
-84756
-86676
-88596
-90516
-92435
-94354
-96273
-98192
-100111
-102030
-103949
-105868
-107787
-109706
-111625
-113544
-115463
-117382
-119301
-121220
-123139
-125058
-126977
-128896
-130815
-132734
-134653
-136572
-138491
-140410
-142329
-144248
-146167
-148086
-150005
-151771
350
2270
4190
6110
8030
9950
11870
13789
15708
17627
19546
21465
23384
25303
27222
29141
31060
32979
34898
36817
38736
40655
42574
44493
46412
48331
50250
52169
54088
56007
57926
59845
61764
63683
65602
67521
69440
71359
73278
75198
77118
79038
80958
82878
84798
86718
88638
90558
92477
94396
96315
96316
98232
100151
102070
103989
105908
107827
109746
111665
113584
115503
117422
119341
121260
123179
125098
127017
128936
130855
132774
134693
136612
138531
140450
142369
144288
146207
148126
150045
151791
)


// ************************************************************************* //
