/*--------------------------------*- C++ -*----------------------------------*\
| =========                 |                                                 |
| \\      /  F ield         | OpenFOAM: The Open Source CFD Toolbox           |
|  \\    /   O peration     | Version:  2.3.0                                 |
|   \\  /    A nd           | Web:      www.OpenFOAM.org                      |
|    \\/     M anipulation  |                                                 |
\*---------------------------------------------------------------------------*/
FoamFile
{
    version     2.0;
    format      ascii;
    class       labelList;
    location    "constant/polyMesh";
    object      pointProcAddressing;
}
// * * * * * * * * * * * * * * * * * * * * * * * * * * * * * * * * * * * * * //


3407
(
155
156
157
158
159
160
161
162
163
164
165
166
167
168
169
170
171
172
173
174
175
1116
1117
1118
1119
1120
1121
1122
1123
1124
1125
1126
1127
1128
1129
1130
1131
1132
1133
1134
1135
1136
2077
2078
2079
2080
2081
2082
2083
2084
2085
2086
2087
2088
2089
2090
2091
2092
2093
2094
2095
2096
2097
3038
3039
3040
3041
3042
3043
3044
3045
3046
3047
3048
3049
3050
3051
3052
3053
3054
3055
3056
3057
3058
3999
4000
4001
4002
4003
4004
4005
4006
4007
4008
4009
4010
4011
4012
4013
4014
4015
4016
4017
4018
4019
4960
4961
4962
4963
4964
4965
4966
4967
4968
4969
4970
4971
4972
4973
4974
4975
4976
4977
4978
4979
4980
5921
5922
5923
5924
5925
5926
5927
5928
5929
5930
5931
5932
5933
5934
5935
5936
5937
5938
5939
5940
5941
6882
6883
6884
6885
6886
6887
6888
6889
6890
6891
6892
6893
6894
6895
6896
6897
6898
6899
6900
6901
6902
7843
7844
7845
7846
7847
7848
7849
7850
7851
7852
7853
7854
7855
7856
7857
7858
7859
7860
7861
7862
7863
8804
8805
8806
8807
8808
8809
8810
8811
8812
8813
8814
8815
8816
8817
8818
8819
8820
8821
8822
8823
8824
9765
9766
9767
9768
9769
9770
9771
9772
9773
9774
9775
9776
9777
9778
9779
9780
9781
9782
9783
9784
9785
10726
10727
10728
10729
10730
10731
10732
10733
10734
10735
10736
10737
10738
10739
10740
10741
10742
10743
10744
10745
10746
11687
11688
11689
11690
11691
11692
11693
11694
11695
11696
11697
11698
11699
11700
11701
11702
11703
11704
11705
11706
11707
12648
12649
12650
12651
12652
12653
12654
12655
12656
12657
12658
12659
12660
12661
12662
12663
12664
12665
12666
12667
12668
13609
13610
13611
13612
13613
13614
13615
13616
13617
13618
13619
13620
13621
13622
13623
13624
13625
13626
13627
13628
13629
14570
14571
14572
14573
14574
14575
14576
14577
14578
14579
14580
14581
14582
14583
14584
14585
14586
14587
14588
14589
14590
15531
15532
15533
15534
15535
15536
15537
15538
15539
15540
15541
15542
15543
15544
15545
15546
15547
15548
15549
15550
15551
16492
16493
16494
16495
16496
16497
16498
16499
16500
16501
16502
16503
16504
16505
16506
16507
16508
16509
16510
16511
16512
17453
17454
17455
17456
17457
17458
17459
17460
17461
17462
17463
17464
17465
17466
17467
17468
17469
17470
17471
17472
17473
18414
18415
18416
18417
18418
18419
18420
18421
18422
18423
18424
18425
18426
18427
18428
18429
18430
18431
18432
18433
18434
19375
19376
19377
19378
19379
19380
19381
19382
19383
19384
19385
19386
19387
19388
19389
19390
19391
19392
19393
19394
19395
20336
20337
20338
20339
20340
20341
20342
20343
20344
20345
20346
20347
20348
20349
20350
20351
20352
20353
20354
20355
20356
21297
21298
21299
21300
21301
21302
21303
21304
21305
21306
21307
21308
21309
21310
21311
21312
21313
21314
21315
21316
21317
22258
22259
22260
22261
22262
22263
22264
22265
22266
22267
22268
22269
22270
22271
22272
22273
22274
22275
22276
22277
22278
23219
23220
23221
23222
23223
23224
23225
23226
23227
23228
23229
23230
23231
23232
23233
23234
23235
23236
23237
23238
23239
24180
24181
24182
24183
24184
24185
24186
24187
24188
24189
24190
24191
24192
24193
24194
24195
24196
24197
24198
24199
24200
25141
25142
25143
25144
25145
25146
25147
25148
25149
25150
25151
25152
25153
25154
25155
25156
25157
25158
25159
25160
25161
26102
26103
26104
26105
26106
26107
26108
26109
26110
26111
26112
26113
26114
26115
26116
26117
26118
26119
26120
26121
26122
27063
27064
27065
27066
27067
27068
27069
27070
27071
27072
27073
27074
27075
27076
27077
27078
27079
27080
27081
27082
27083
28024
28025
28026
28027
28028
28029
28030
28031
28032
28033
28034
28035
28036
28037
28038
28039
28040
28041
28042
28043
28044
28985
28986
28987
28988
28989
28990
28991
28992
28993
28994
28995
28996
28997
28998
28999
29000
29001
29002
29003
29004
29005
29946
29947
29948
29949
29950
29951
29952
29953
29954
29955
29956
29957
29958
29959
29960
29961
29962
29963
29964
29965
29966
30907
30908
30909
30910
30911
30912
30913
30914
30915
30916
30917
30918
30919
30920
30921
30922
30923
30924
30925
30926
30927
31868
31869
31870
31871
31872
31873
31874
31875
31876
31877
31878
31879
31880
31881
31882
31883
31884
31885
31886
31887
31888
32829
32830
32831
32832
32833
32834
32835
32836
32837
32838
32839
32840
32841
32842
32843
32844
32845
32846
32847
32848
32849
33790
33791
33792
33793
33794
33795
33796
33797
33798
33799
33800
33801
33802
33803
33804
33805
33806
33807
33808
33809
33810
34751
34752
34753
34754
34755
34756
34757
34758
34759
34760
34761
34762
34763
34764
34765
34766
34767
34768
34769
34770
34771
35712
35713
35714
35715
35716
35717
35718
35719
35720
35721
35722
35723
35724
35725
35726
35727
35728
35729
35730
35731
35732
36672
36673
36674
36675
36676
36677
36678
36679
36680
36681
36682
36683
36684
36685
36686
36687
36688
36689
36690
36691
36692
36693
37633
37634
37635
37636
37637
37638
37639
37640
37641
37642
37643
37644
37645
37646
37647
37648
37649
37650
37651
37652
37653
37654
38594
38595
38596
38597
38598
38599
38600
38601
38602
38603
38604
38605
38606
38607
38608
38609
38610
38611
38612
38613
38614
38615
39555
39556
39557
39558
39559
39560
39561
39562
39563
39564
39565
39566
39567
39568
39569
39570
39571
39572
39573
39574
39575
39576
40516
40517
40518
40519
40520
40521
40522
40523
40524
40525
40526
40527
40528
40529
40530
40531
40532
40533
40534
40535
40536
40537
41477
41478
41479
41480
41481
41482
41483
41484
41485
41486
41487
41488
41489
41490
41491
41492
41493
41494
41495
41496
41497
41498
42438
42439
42440
42441
42442
42443
42444
42445
42446
42447
42448
42449
42450
42451
42452
42453
42454
42455
42456
42457
42458
42459
43399
43400
43401
43402
43403
43404
43405
43406
43407
43408
43409
43410
43411
43412
43413
43414
43415
43416
43417
43418
43419
43420
44360
44361
44362
44363
44364
44365
44366
44367
44368
44369
44370
44371
44372
44373
44374
44375
44376
44377
44378
44379
44380
44381
45321
45322
45323
45324
45325
45326
45327
45328
45329
45330
45331
45332
45333
45334
45335
45336
45337
45338
45339
45340
45341
45342
46282
46283
46284
46285
46286
46287
46288
46289
46290
46291
46292
46293
46294
46295
46296
46297
46298
46299
46300
46301
46302
46303
47243
47244
47245
47246
47247
47248
47249
47250
47251
47252
47253
47254
47255
47256
47257
47258
47259
47260
47261
47262
47263
47264
48204
48205
48206
48207
48208
48209
48210
48211
48212
48213
48214
48215
48216
48217
48218
48219
48220
48221
48222
48223
48224
48225
49165
49166
49167
49168
49169
49170
49171
49172
49173
49174
49175
49176
49177
49178
49179
49180
49181
49182
49183
49184
49185
50126
50127
50128
50129
50130
50131
50132
50133
50134
50135
50136
50137
50138
50139
50140
50141
50142
50143
50144
50145
50146
51087
51088
51089
51090
51091
51092
51093
51094
51095
51096
51097
51098
51099
51100
51101
51102
51103
51104
51105
51106
51107
52048
52049
52050
52051
52052
52053
52054
52055
52056
52057
52058
52059
52060
52061
52062
52063
52064
52065
52066
52067
52068
53009
53010
53011
53012
53013
53014
53015
53016
53017
53018
53019
53020
53021
53022
53023
53024
53025
53026
53027
53028
53029
53970
53971
53972
53973
53974
53975
53976
53977
53978
53979
53980
53981
53982
53983
53984
53985
53986
53987
53988
53989
53990
54931
54932
54933
54934
54935
54936
54937
54938
54939
54940
54941
54942
54943
54944
54945
54946
54947
54948
54949
54950
54951
55892
55893
55894
55895
55896
55897
55898
55899
55900
55901
55902
55903
55904
55905
55906
55907
55908
55909
55910
55911
55912
56853
56854
56855
56856
56857
56858
56859
56860
56861
56862
56863
56864
56865
56866
56867
56868
56869
56870
56871
56872
56873
57814
57815
57816
57817
57818
57819
57820
57821
57822
57823
57824
57825
57826
57827
57828
57829
57830
57831
57832
57833
57834
58775
58776
58777
58778
58779
58780
58781
58782
58783
58784
58785
58786
58787
58788
58789
58790
58791
58792
58793
58794
58795
59736
59737
59738
59739
59740
59741
59742
59743
59744
59745
59746
59747
59748
59749
59750
59751
59752
59753
59754
59755
59756
60697
60698
60699
60700
60701
60702
60703
60704
60705
60706
60707
60708
60709
60710
60711
60712
60713
60714
60715
60716
60717
61658
61659
61660
61661
61662
61663
61664
61665
61666
61667
61668
61669
61670
61671
61672
61673
61674
61675
61676
61677
61678
62619
62620
62621
62622
62623
62624
62625
62626
62627
62628
62629
62630
62631
62632
62633
62634
62635
62636
62637
62638
62639
63580
63581
63582
63583
63584
63585
63586
63587
63588
63589
63590
63591
63592
63593
63594
63595
63596
63597
63598
63599
63600
64541
64542
64543
64544
64545
64546
64547
64548
64549
64550
64551
64552
64553
64554
64555
64556
64557
64558
64559
64560
64561
65502
65503
65504
65505
65506
65507
65508
65509
65510
65511
65512
65513
65514
65515
65516
65517
65518
65519
65520
65521
65522
66463
66464
66465
66466
66467
66468
66469
66470
66471
66472
66473
66474
66475
66476
66477
66478
66479
66480
66481
66482
66483
67424
67425
67426
67427
67428
67429
67430
67431
67432
67433
67434
67435
67436
67437
67438
67439
67440
67441
67442
67443
67444
68385
68386
68387
68388
68389
68390
68391
68392
68393
68394
68395
68396
68397
68398
68399
68400
68401
68402
68403
68404
68405
69346
69347
69348
69349
69350
69351
69352
69353
69354
69355
69356
69357
69358
69359
69360
69361
69362
69363
69364
69365
69366
70307
70308
70309
70310
70311
70312
70313
70314
70315
70316
70317
70318
70319
70320
70321
70322
70323
70324
70325
70326
70327
71268
71269
71270
71271
71272
71273
71274
71275
71276
71277
71278
71279
71280
71281
71282
71283
71284
71285
71286
71287
71288
72229
72230
72231
72232
72233
72234
72235
72236
72237
72238
72239
72240
72241
72242
72243
72244
72245
72246
72247
72248
72249
73190
73191
73192
73193
73194
73195
73196
73197
73198
73199
73200
73201
73202
73203
73204
73205
73206
73207
73208
73209
73210
74151
74152
74153
74154
74155
74156
74157
74158
74159
74160
74161
74162
74163
74164
74165
74166
74167
74168
74169
74170
74171
75112
75113
75114
75115
75116
75117
75118
75119
75120
75121
75122
75123
75124
75125
75126
75127
75128
75129
75130
75131
75132
76073
76074
76075
76076
76077
76078
76079
76080
76081
76082
76083
76084
76085
76086
76087
76088
76089
76090
76091
76092
76093
77599
77600
77601
77602
77603
77604
77605
77606
77607
77608
77609
77610
77611
77612
77613
77614
77615
77616
77617
77618
77619
78560
78561
78562
78563
78564
78565
78566
78567
78568
78569
78570
78571
78572
78573
78574
78575
78576
78577
78578
78579
78580
79521
79522
79523
79524
79525
79526
79527
79528
79529
79530
79531
79532
79533
79534
79535
79536
79537
79538
79539
79540
79541
80482
80483
80484
80485
80486
80487
80488
80489
80490
80491
80492
80493
80494
80495
80496
80497
80498
80499
80500
80501
80502
81443
81444
81445
81446
81447
81448
81449
81450
81451
81452
81453
81454
81455
81456
81457
81458
81459
81460
81461
81462
81463
82404
82405
82406
82407
82408
82409
82410
82411
82412
82413
82414
82415
82416
82417
82418
82419
82420
82421
82422
82423
82424
83365
83366
83367
83368
83369
83370
83371
83372
83373
83374
83375
83376
83377
83378
83379
83380
83381
83382
83383
83384
83385
84326
84327
84328
84329
84330
84331
84332
84333
84334
84335
84336
84337
84338
84339
84340
84341
84342
84343
84344
84345
84346
85287
85288
85289
85290
85291
85292
85293
85294
85295
85296
85297
85298
85299
85300
85301
85302
85303
85304
85305
85306
85307
86248
86249
86250
86251
86252
86253
86254
86255
86256
86257
86258
86259
86260
86261
86262
86263
86264
86265
86266
86267
86268
87209
87210
87211
87212
87213
87214
87215
87216
87217
87218
87219
87220
87221
87222
87223
87224
87225
87226
87227
87228
87229
88170
88171
88172
88173
88174
88175
88176
88177
88178
88179
88180
88181
88182
88183
88184
88185
88186
88187
88188
88189
88190
89131
89132
89133
89134
89135
89136
89137
89138
89139
89140
89141
89142
89143
89144
89145
89146
89147
89148
89149
89150
89151
90092
90093
90094
90095
90096
90097
90098
90099
90100
90101
90102
90103
90104
90105
90106
90107
90108
90109
90110
90111
90112
91053
91054
91055
91056
91057
91058
91059
91060
91061
91062
91063
91064
91065
91066
91067
91068
91069
91070
91071
91072
91073
92014
92015
92016
92017
92018
92019
92020
92021
92022
92023
92024
92025
92026
92027
92028
92029
92030
92031
92032
92033
92034
92975
92976
92977
92978
92979
92980
92981
92982
92983
92984
92985
92986
92987
92988
92989
92990
92991
92992
92993
92994
92995
93936
93937
93938
93939
93940
93941
93942
93943
93944
93945
93946
93947
93948
93949
93950
93951
93952
93953
93954
93955
93956
94897
94898
94899
94900
94901
94902
94903
94904
94905
94906
94907
94908
94909
94910
94911
94912
94913
94914
94915
94916
94917
95858
95859
95860
95861
95862
95863
95864
95865
95866
95867
95868
95869
95870
95871
95872
95873
95874
95875
95876
95877
95878
96819
96820
96821
96822
96823
96824
96825
96826
96827
96828
96829
96830
96831
96832
96833
96834
96835
96836
96837
96838
96839
97780
97781
97782
97783
97784
97785
97786
97787
97788
97789
97790
97791
97792
97793
97794
97795
97796
97797
97798
97799
97800
98741
98742
98743
98744
98745
98746
98747
98748
98749
98750
98751
98752
98753
98754
98755
98756
98757
98758
98759
98760
98761
99702
99703
99704
99705
99706
99707
99708
99709
99710
99711
99712
99713
99714
99715
99716
99717
99718
99719
99720
99721
99722
100663
100664
100665
100666
100667
100668
100669
100670
100671
100672
100673
100674
100675
100676
100677
100678
100679
100680
100681
100682
100683
101624
101625
101626
101627
101628
101629
101630
101631
101632
101633
101634
101635
101636
101637
101638
101639
101640
101641
101642
101643
101644
102585
102586
102587
102588
102589
102590
102591
102592
102593
102594
102595
102596
102597
102598
102599
102600
102601
102602
102603
102604
102605
103546
103547
103548
103549
103550
103551
103552
103553
103554
103555
103556
103557
103558
103559
103560
103561
103562
103563
103564
103565
103566
104507
104508
104509
104510
104511
104512
104513
104514
104515
104516
104517
104518
104519
104520
104521
104522
104523
104524
104525
104526
104527
105468
105469
105470
105471
105472
105473
105474
105475
105476
105477
105478
105479
105480
105481
105482
105483
105484
105485
105486
105487
105488
106429
106430
106431
106432
106433
106434
106435
106436
106437
106438
106439
106440
106441
106442
106443
106444
106445
106446
106447
106448
106449
107390
107391
107392
107393
107394
107395
107396
107397
107398
107399
107400
107401
107402
107403
107404
107405
107406
107407
107408
107409
107410
108351
108352
108353
108354
108355
108356
108357
108358
108359
108360
108361
108362
108363
108364
108365
108366
108367
108368
108369
108370
108371
109312
109313
109314
109315
109316
109317
109318
109319
109320
109321
109322
109323
109324
109325
109326
109327
109328
109329
109330
109331
109332
110273
110274
110275
110276
110277
110278
110279
110280
110281
110282
110283
110284
110285
110286
110287
110288
110289
110290
110291
110292
110293
111234
111235
111236
111237
111238
111239
111240
111241
111242
111243
111244
111245
111246
111247
111248
111249
111250
111251
111252
111253
111254
112195
112196
112197
112198
112199
112200
112201
112202
112203
112204
112205
112206
112207
112208
112209
112210
112211
112212
112213
112214
112215
113156
113157
113158
113159
113160
113161
113162
113163
113164
113165
113166
113167
113168
113169
113170
113171
113172
113173
113174
113175
113176
114116
114117
114118
114119
114120
114121
114122
114123
114124
114125
114126
114127
114128
114129
114130
114131
114132
114133
114134
114135
114136
114137
115077
115078
115079
115080
115081
115082
115083
115084
115085
115086
115087
115088
115089
115090
115091
115092
115093
115094
115095
115096
115097
115098
116038
116039
116040
116041
116042
116043
116044
116045
116046
116047
116048
116049
116050
116051
116052
116053
116054
116055
116056
116057
116058
116059
116999
117000
117001
117002
117003
117004
117005
117006
117007
117008
117009
117010
117011
117012
117013
117014
117015
117016
117017
117018
117019
117020
117960
117961
117962
117963
117964
117965
117966
117967
117968
117969
117970
117971
117972
117973
117974
117975
117976
117977
117978
117979
117980
117981
118921
118922
118923
118924
118925
118926
118927
118928
118929
118930
118931
118932
118933
118934
118935
118936
118937
118938
118939
118940
118941
118942
119882
119883
119884
119885
119886
119887
119888
119889
119890
119891
119892
119893
119894
119895
119896
119897
119898
119899
119900
119901
119902
119903
120843
120844
120845
120846
120847
120848
120849
120850
120851
120852
120853
120854
120855
120856
120857
120858
120859
120860
120861
120862
120863
120864
121804
121805
121806
121807
121808
121809
121810
121811
121812
121813
121814
121815
121816
121817
121818
121819
121820
121821
121822
121823
121824
121825
122765
122766
122767
122768
122769
122770
122771
122772
122773
122774
122775
122776
122777
122778
122779
122780
122781
122782
122783
122784
122785
122786
123726
123727
123728
123729
123730
123731
123732
123733
123734
123735
123736
123737
123738
123739
123740
123741
123742
123743
123744
123745
123746
123747
124687
124688
124689
124690
124691
124692
124693
124694
124695
124696
124697
124698
124699
124700
124701
124702
124703
124704
124705
124706
124707
124708
125648
125649
125650
125651
125652
125653
125654
125655
125656
125657
125658
125659
125660
125661
125662
125663
125664
125665
125666
125667
125668
125669
126609
126610
126611
126612
126613
126614
126615
126616
126617
126618
126619
126620
126621
126622
126623
126624
126625
126626
126627
126628
126629
127570
127571
127572
127573
127574
127575
127576
127577
127578
127579
127580
127581
127582
127583
127584
127585
127586
127587
127588
127589
127590
128531
128532
128533
128534
128535
128536
128537
128538
128539
128540
128541
128542
128543
128544
128545
128546
128547
128548
128549
128550
128551
129492
129493
129494
129495
129496
129497
129498
129499
129500
129501
129502
129503
129504
129505
129506
129507
129508
129509
129510
129511
129512
130453
130454
130455
130456
130457
130458
130459
130460
130461
130462
130463
130464
130465
130466
130467
130468
130469
130470
130471
130472
130473
131414
131415
131416
131417
131418
131419
131420
131421
131422
131423
131424
131425
131426
131427
131428
131429
131430
131431
131432
131433
131434
132375
132376
132377
132378
132379
132380
132381
132382
132383
132384
132385
132386
132387
132388
132389
132390
132391
132392
132393
132394
132395
133336
133337
133338
133339
133340
133341
133342
133343
133344
133345
133346
133347
133348
133349
133350
133351
133352
133353
133354
133355
133356
134297
134298
134299
134300
134301
134302
134303
134304
134305
134306
134307
134308
134309
134310
134311
134312
134313
134314
134315
134316
134317
135258
135259
135260
135261
135262
135263
135264
135265
135266
135267
135268
135269
135270
135271
135272
135273
135274
135275
135276
135277
135278
136219
136220
136221
136222
136223
136224
136225
136226
136227
136228
136229
136230
136231
136232
136233
136234
136235
136236
136237
136238
136239
137180
137181
137182
137183
137184
137185
137186
137187
137188
137189
137190
137191
137192
137193
137194
137195
137196
137197
137198
137199
137200
138141
138142
138143
138144
138145
138146
138147
138148
138149
138150
138151
138152
138153
138154
138155
138156
138157
138158
138159
138160
138161
139102
139103
139104
139105
139106
139107
139108
139109
139110
139111
139112
139113
139114
139115
139116
139117
139118
139119
139120
139121
139122
140063
140064
140065
140066
140067
140068
140069
140070
140071
140072
140073
140074
140075
140076
140077
140078
140079
140080
140081
140082
140083
141024
141025
141026
141027
141028
141029
141030
141031
141032
141033
141034
141035
141036
141037
141038
141039
141040
141041
141042
141043
141044
141985
141986
141987
141988
141989
141990
141991
141992
141993
141994
141995
141996
141997
141998
141999
142000
142001
142002
142003
142004
142005
142946
142947
142948
142949
142950
142951
142952
142953
142954
142955
142956
142957
142958
142959
142960
142961
142962
142963
142964
142965
142966
143907
143908
143909
143910
143911
143912
143913
143914
143915
143916
143917
143918
143919
143920
143921
143922
143923
143924
143925
143926
143927
144868
144869
144870
144871
144872
144873
144874
144875
144876
144877
144878
144879
144880
144881
144882
144883
144884
144885
144886
144887
144888
145829
145830
145831
145832
145833
145834
145835
145836
145837
145838
145839
145840
145841
145842
145843
145844
145845
145846
145847
145848
145849
146790
146791
146792
146793
146794
146795
146796
146797
146798
146799
146800
146801
146802
146803
146804
146805
146806
146807
146808
146809
146810
147751
147752
147753
147754
147755
147756
147757
147758
147759
147760
147761
147762
147763
147764
147765
147766
147767
147768
147769
147770
147771
148712
148713
148714
148715
148716
148717
148718
148719
148720
148721
148722
148723
148724
148725
148726
148727
148728
148729
148730
148731
148732
149673
149674
149675
149676
149677
149678
149679
149680
149681
149682
149683
149684
149685
149686
149687
149688
149689
149690
149691
149692
149693
150634
150635
150636
150637
150638
150639
150640
150641
150642
150643
150644
150645
150646
150647
150648
150649
150650
150651
150652
150653
150654
151595
151596
151597
151598
151599
151600
151601
151602
151603
151604
151605
151606
151607
151608
151609
151610
151611
151612
151613
151614
151615
152556
152557
152558
152559
152560
152561
152562
152563
152564
152565
152566
152567
152568
152569
152570
152571
152572
152573
152574
152575
152576
153517
153518
153519
153520
153521
153522
153523
153524
153525
153526
153527
153528
153529
153530
153531
153532
153533
153534
153535
153536
153537
155085
155086
155087
155088
155089
155090
155091
155092
155093
155094
155095
155096
155097
155098
155099
155100
155101
155102
155103
155104
155105
)


// ************************************************************************* //
