/*--------------------------------*- C++ -*----------------------------------*\
| =========                 |                                                 |
| \\      /  F ield         | OpenFOAM: The Open Source CFD Toolbox           |
|  \\    /   O peration     | Version:  2.3.0                                 |
|   \\  /    A nd           | Web:      www.OpenFOAM.org                      |
|    \\/     M anipulation  |                                                 |
\*---------------------------------------------------------------------------*/
FoamFile
{
    version     2.0;
    format      ascii;
    class       labelList;
    location    "constant/polyMesh";
    object      faceProcAddressing;
}
// * * * * * * * * * * * * * * * * * * * * * * * * * * * * * * * * * * * * * //


6525
(
514
515
516
517
518
519
520
521
522
523
524
525
526
527
528
529
530
531
532
533
534
535
536
537
538
539
540
541
542
543
544
545
546
547
548
549
550
551
553
2434
2435
2436
2437
2438
2439
2440
2441
2442
2443
2444
2445
2446
2447
2448
2449
2450
2451
2452
2453
2454
2455
2456
2457
2458
2459
2460
2461
2462
2463
2464
2465
2466
2467
2468
2469
2470
2471
2473
4354
4355
4356
4357
4358
4359
4360
4361
4362
4363
4364
4365
4366
4367
4368
4369
4370
4371
4372
4373
4374
4375
4376
4377
4378
4379
4380
4381
4382
4383
4384
4385
4386
4387
4388
4389
4390
4391
4393
6274
6275
6276
6277
6278
6279
6280
6281
6282
6283
6284
6285
6286
6287
6288
6289
6290
6291
6292
6293
6294
6295
6296
6297
6298
6299
6300
6301
6302
6303
6304
6305
6306
6307
6308
6309
6310
6311
6313
8194
8195
8196
8197
8198
8199
8200
8201
8202
8203
8204
8205
8206
8207
8208
8209
8210
8211
8212
8213
8214
8215
8216
8217
8218
8219
8220
8221
8222
8223
8224
8225
8226
8227
8228
8229
8230
8231
8233
10114
10115
10116
10117
10118
10119
10120
10121
10122
10123
10124
10125
10126
10127
10128
10129
10130
10131
10132
10133
10134
10135
10136
10137
10138
10139
10140
10141
10142
10143
10144
10145
10146
10147
10148
10149
10150
10151
10153
12034
12035
12036
12037
12038
12039
12040
12041
12042
12043
12044
12045
12046
12047
12048
12049
12050
12051
12052
12053
12054
12055
12056
12057
12058
12059
12060
12061
12062
12063
12064
12065
12066
12067
12068
12069
12070
12071
12073
13953
13954
13955
13956
13957
13958
13959
13960
13961
13962
13963
13964
13965
13966
13967
13968
13969
13970
13971
13972
13973
13974
13975
13976
13977
13978
13979
13980
13981
13982
13983
13984
13985
13986
13987
13988
13989
13990
13992
15872
15873
15874
15875
15876
15877
15878
15879
15880
15881
15882
15883
15884
15885
15886
15887
15888
15889
15890
15891
15892
15893
15894
15895
15896
15897
15898
15899
15900
15901
15902
15903
15904
15905
15906
15907
15908
15909
15911
17791
17792
17793
17794
17795
17796
17797
17798
17799
17800
17801
17802
17803
17804
17805
17806
17807
17808
17809
17810
17811
17812
17813
17814
17815
17816
17817
17818
17819
17820
17821
17822
17823
17824
17825
17826
17827
17828
17830
19710
19711
19712
19713
19714
19715
19716
19717
19718
19719
19720
19721
19722
19723
19724
19725
19726
19727
19728
19729
19730
19731
19732
19733
19734
19735
19736
19737
19738
19739
19740
19741
19742
19743
19744
19745
19746
19747
19749
21629
21630
21631
21632
21633
21634
21635
21636
21637
21638
21639
21640
21641
21642
21643
21644
21645
21646
21647
21648
21649
21650
21651
21652
21653
21654
21655
21656
21657
21658
21659
21660
21661
21662
21663
21664
21665
21666
21668
23548
23549
23550
23551
23552
23553
23554
23555
23556
23557
23558
23559
23560
23561
23562
23563
23564
23565
23566
23567
23568
23569
23570
23571
23572
23573
23574
23575
23576
23577
23578
23579
23580
23581
23582
23583
23584
23585
23587
25467
25468
25469
25470
25471
25472
25473
25474
25475
25476
25477
25478
25479
25480
25481
25482
25483
25484
25485
25486
25487
25488
25489
25490
25491
25492
25493
25494
25495
25496
25497
25498
25499
25500
25501
25502
25503
25504
25506
27386
27387
27388
27389
27390
27391
27392
27393
27394
27395
27396
27397
27398
27399
27400
27401
27402
27403
27404
27405
27406
27407
27408
27409
27410
27411
27412
27413
27414
27415
27416
27417
27418
27419
27420
27421
27422
27423
27425
29303
29304
29305
29306
29307
29308
29309
29310
29311
29312
29313
29314
29315
29316
29317
29318
29319
29320
29321
29322
29323
29324
29325
29326
29327
29328
29329
29330
29331
29332
29333
29334
29335
29336
29337
29338
29339
29340
29341
29342
29344
31222
31223
31224
31225
31226
31227
31228
31229
31230
31231
31232
31233
31234
31235
31236
31237
31238
31239
31240
31241
31242
31243
31244
31245
31246
31247
31248
31249
31250
31251
31252
31253
31254
31255
31256
31257
31258
31259
31260
31261
31263
33141
33142
33143
33144
33145
33146
33147
33148
33149
33150
33151
33152
33153
33154
33155
33156
33157
33158
33159
33160
33161
33162
33163
33164
33165
33166
33167
33168
33169
33170
33171
33172
33173
33174
33175
33176
33177
33178
33179
33180
33182
35060
35061
35062
35063
35064
35065
35066
35067
35068
35069
35070
35071
35072
35073
35074
35075
35076
35077
35078
35079
35080
35081
35082
35083
35084
35085
35086
35087
35088
35089
35090
35091
35092
35093
35094
35095
35096
35097
35098
35099
35101
36979
36980
36981
36982
36983
36984
36985
36986
36987
36988
36989
36990
36991
36992
36993
36994
36995
36996
36997
36998
36999
37000
37001
37002
37003
37004
37005
37006
37007
37008
37009
37010
37011
37012
37013
37014
37015
37016
37017
37018
37020
38898
38899
38900
38901
38902
38903
38904
38905
38906
38907
38908
38909
38910
38911
38912
38913
38914
38915
38916
38917
38918
38919
38920
38921
38922
38923
38924
38925
38926
38927
38928
38929
38930
38931
38932
38933
38934
38935
38936
38937
38939
40817
40818
40819
40820
40821
40822
40823
40824
40825
40826
40827
40828
40829
40830
40831
40832
40833
40834
40835
40836
40837
40838
40839
40840
40841
40842
40843
40844
40845
40846
40847
40848
40849
40850
40851
40852
40853
40854
40855
40856
40858
42736
42737
42738
42739
42740
42741
42742
42743
42744
42745
42746
42747
42748
42749
42750
42751
42752
42753
42754
42755
42756
42757
42758
42759
42760
42761
42762
42763
42764
42765
42766
42767
42768
42769
42770
42771
42772
42773
42774
42775
42777
44655
44656
44657
44658
44659
44660
44661
44662
44663
44664
44665
44666
44667
44668
44669
44670
44671
44672
44673
44674
44675
44676
44677
44678
44679
44680
44681
44682
44683
44684
44685
44686
44687
44688
44689
44690
44691
44692
44693
44694
44696
46574
46575
46576
46577
46578
46579
46580
46581
46582
46583
46584
46585
46586
46587
46588
46589
46590
46591
46592
46593
46594
46595
46596
46597
46598
46599
46600
46601
46602
46603
46604
46605
46606
46607
46608
46609
46610
46611
46612
46613
46615
48493
48494
48495
48496
48497
48498
48499
48500
48501
48502
48503
48504
48505
48506
48507
48508
48509
48510
48511
48512
48513
48514
48515
48516
48517
48518
48519
48520
48521
48522
48523
48524
48525
48526
48527
48528
48529
48530
48531
48532
50412
50413
50414
50415
50416
50417
50418
50419
50420
50421
50422
50423
50424
50425
50426
50427
50428
50429
50430
50431
50432
50433
50434
50435
50436
50437
50438
50439
50440
50441
50442
50443
50444
50445
50446
50447
50448
50449
50451
52331
52332
52333
52334
52335
52336
52337
52338
52339
52340
52341
52342
52343
52344
52345
52346
52347
52348
52349
52350
52351
52352
52353
52354
52355
52356
52357
52358
52359
52360
52361
52362
52363
52364
52365
52366
52367
52368
52370
54250
54251
54252
54253
54254
54255
54256
54257
54258
54259
54260
54261
54262
54263
54264
54265
54266
54267
54268
54269
54270
54271
54272
54273
54274
54275
54276
54277
54278
54279
54280
54281
54282
54283
54284
54285
54286
54287
54289
56169
56170
56171
56172
56173
56174
56175
56176
56177
56178
56179
56180
56181
56182
56183
56184
56185
56186
56187
56188
56189
56190
56191
56192
56193
56194
56195
56196
56197
56198
56199
56200
56201
56202
56203
56204
56205
56206
56208
58088
58089
58090
58091
58092
58093
58094
58095
58096
58097
58098
58099
58100
58101
58102
58103
58104
58105
58106
58107
58108
58109
58110
58111
58112
58113
58114
58115
58116
58117
58118
58119
58120
58121
58122
58123
58124
58125
58127
60007
60008
60009
60010
60011
60012
60013
60014
60015
60016
60017
60018
60019
60020
60021
60022
60023
60024
60025
60026
60027
60028
60029
60030
60031
60032
60033
60034
60035
60036
60037
60038
60039
60040
60041
60042
60043
60044
60046
61926
61927
61928
61929
61930
61931
61932
61933
61934
61935
61936
61937
61938
61939
61940
61941
61942
61943
61944
61945
61946
61947
61948
61949
61950
61951
61952
61953
61954
61955
61956
61957
61958
61959
61960
61961
61962
61963
61965
63845
63846
63847
63848
63849
63850
63851
63852
63853
63854
63855
63856
63857
63858
63859
63860
63861
63862
63863
63864
63865
63866
63867
63868
63869
63870
63871
63872
63873
63874
63875
63876
63877
63878
63879
63880
63881
63882
63884
65764
65765
65766
65767
65768
65769
65770
65771
65772
65773
65774
65775
65776
65777
65778
65779
65780
65781
65782
65783
65784
65785
65786
65787
65788
65789
65790
65791
65792
65793
65794
65795
65796
65797
65798
65799
65800
65801
65803
67683
67684
67685
67686
67687
67688
67689
67690
67691
67692
67693
67694
67695
67696
67697
67698
67699
67700
67701
67702
67703
67704
67705
67706
67707
67708
67709
67710
67711
67712
67713
67714
67715
67716
67717
67718
67719
67720
67722
69602
69603
69604
69605
69606
69607
69608
69609
69610
69611
69612
69613
69614
69615
69616
69617
69618
69619
69620
69621
69622
69623
69624
69625
69626
69627
69628
69629
69630
69631
69632
69633
69634
69635
69636
69637
69638
69639
69641
71521
71522
71523
71524
71525
71526
71527
71528
71529
71530
71531
71532
71533
71534
71535
71536
71537
71538
71539
71540
71541
71542
71543
71544
71545
71546
71547
71548
71549
71550
71551
71552
71553
71554
71555
71556
71557
71558
71560
73440
73441
73442
73443
73444
73445
73446
73447
73448
73449
73450
73451
73452
73453
73454
73455
73456
73457
73458
73459
73460
73461
73462
73463
73464
73465
73466
73467
73468
73469
73470
73471
73472
73473
73474
73475
73476
73477
73479
75360
75361
75362
75363
75364
75365
75366
75367
75368
75369
75370
75371
75372
75373
75374
75375
75376
75377
75378
75379
75380
75381
75382
75383
75384
75385
75386
75387
75388
75389
75390
75391
75392
75393
75394
75395
75396
75397
75399
77280
77281
77282
77283
77284
77285
77286
77287
77288
77289
77290
77291
77292
77293
77294
77295
77296
77297
77298
77299
77300
77301
77302
77303
77304
77305
77306
77307
77308
77309
77310
77311
77312
77313
77314
77315
77316
77317
77319
79200
79201
79202
79203
79204
79205
79206
79207
79208
79209
79210
79211
79212
79213
79214
79215
79216
79217
79218
79219
79220
79221
79222
79223
79224
79225
79226
79227
79228
79229
79230
79231
79232
79233
79234
79235
79236
79237
79239
81120
81121
81122
81123
81124
81125
81126
81127
81128
81129
81130
81131
81132
81133
81134
81135
81136
81137
81138
81139
81140
81141
81142
81143
81144
81145
81146
81147
81148
81149
81150
81151
81152
81153
81154
81155
81156
81157
81159
83040
83041
83042
83043
83044
83045
83046
83047
83048
83049
83050
83051
83052
83053
83054
83055
83056
83057
83058
83059
83060
83061
83062
83063
83064
83065
83066
83067
83068
83069
83070
83071
83072
83073
83074
83075
83076
83077
83079
84960
84961
84962
84963
84964
84965
84966
84967
84968
84969
84970
84971
84972
84973
84974
84975
84976
84977
84978
84979
84980
84981
84982
84983
84984
84985
84986
84987
84988
84989
84990
84991
84992
84993
84994
84995
84996
84997
84999
86880
86881
86882
86883
86884
86885
86886
86887
86888
86889
86890
86891
86892
86893
86894
86895
86896
86897
86898
86899
86900
86901
86902
86903
86904
86905
86906
86907
86908
86909
86910
86911
86912
86913
86914
86915
86916
86917
86919
88800
88801
88802
88803
88804
88805
88806
88807
88808
88809
88810
88811
88812
88813
88814
88815
88816
88817
88818
88819
88820
88821
88822
88823
88824
88825
88826
88827
88828
88829
88830
88831
88832
88833
88834
88835
88836
88837
88839
90720
90721
90722
90723
90724
90725
90726
90727
90728
90729
90730
90731
90732
90733
90734
90735
90736
90737
90738
90739
90740
90741
90742
90743
90744
90745
90746
90747
90748
90749
90750
90751
90752
90753
90754
90755
90756
90757
90759
92639
92640
92641
92642
92643
92644
92645
92646
92647
92648
92649
92650
92651
92652
92653
92654
92655
92656
92657
92658
92659
92660
92661
92662
92663
92664
92665
92666
92667
92668
92669
92670
92671
92672
92673
92674
92675
92676
92678
94558
94559
94560
94561
94562
94563
94564
94565
94566
94567
94568
94569
94570
94571
94572
94573
94574
94575
94576
94577
94578
94579
94580
94581
94582
94583
94584
94585
94586
94587
94588
94589
94590
94591
94592
94593
94594
94595
94597
96477
96478
96479
96480
96481
96482
96483
96484
96485
96486
96487
96488
96489
96490
96491
96492
96493
96494
96495
96496
96497
96498
96499
96500
96501
96502
96503
96504
96505
96506
96507
96508
96509
96510
96511
96512
96513
96514
96516
98396
98397
98398
98399
98400
98401
98402
98403
98404
98405
98406
98407
98408
98409
98410
98411
98412
98413
98414
98415
98416
98417
98418
98419
98420
98421
98422
98423
98424
98425
98426
98427
98428
98429
98430
98431
98432
98433
98435
100315
100316
100317
100318
100319
100320
100321
100322
100323
100324
100325
100326
100327
100328
100329
100330
100331
100332
100333
100334
100335
100336
100337
100338
100339
100340
100341
100342
100343
100344
100345
100346
100347
100348
100349
100350
100351
100352
100354
102234
102235
102236
102237
102238
102239
102240
102241
102242
102243
102244
102245
102246
102247
102248
102249
102250
102251
102252
102253
102254
102255
102256
102257
102258
102259
102260
102261
102262
102263
102264
102265
102266
102267
102268
102269
102270
102271
102273
104153
104154
104155
104156
104157
104158
104159
104160
104161
104162
104163
104164
104165
104166
104167
104168
104169
104170
104171
104172
104173
104174
104175
104176
104177
104178
104179
104180
104181
104182
104183
104184
104185
104186
104187
104188
104189
104190
104192
106072
106073
106074
106075
106076
106077
106078
106079
106080
106081
106082
106083
106084
106085
106086
106087
106088
106089
106090
106091
106092
106093
106094
106095
106096
106097
106098
106099
106100
106101
106102
106103
106104
106105
106106
106107
106108
106109
106111
107991
107992
107993
107994
107995
107996
107997
107998
107999
108000
108001
108002
108003
108004
108005
108006
108007
108008
108009
108010
108011
108012
108013
108014
108015
108016
108017
108018
108019
108020
108021
108022
108023
108024
108025
108026
108027
108028
108030
109910
109911
109912
109913
109914
109915
109916
109917
109918
109919
109920
109921
109922
109923
109924
109925
109926
109927
109928
109929
109930
109931
109932
109933
109934
109935
109936
109937
109938
109939
109940
109941
109942
109943
109944
109945
109946
109947
109949
111829
111830
111831
111832
111833
111834
111835
111836
111837
111838
111839
111840
111841
111842
111843
111844
111845
111846
111847
111848
111849
111850
111851
111852
111853
111854
111855
111856
111857
111858
111859
111860
111861
111862
111863
111864
111865
111866
111868
113748
113749
113750
113751
113752
113753
113754
113755
113756
113757
113758
113759
113760
113761
113762
113763
113764
113765
113766
113767
113768
113769
113770
113771
113772
113773
113774
113775
113776
113777
113778
113779
113780
113781
113782
113783
113784
113785
113787
115667
115668
115669
115670
115671
115672
115673
115674
115675
115676
115677
115678
115679
115680
115681
115682
115683
115684
115685
115686
115687
115688
115689
115690
115691
115692
115693
115694
115695
115696
115697
115698
115699
115700
115701
115702
115703
115704
115706
117586
117587
117588
117589
117590
117591
117592
117593
117594
117595
117596
117597
117598
117599
117600
117601
117602
117603
117604
117605
117606
117607
117608
117609
117610
117611
117612
117613
117614
117615
117616
117617
117618
117619
117620
117621
117622
117623
117625
119505
119506
119507
119508
119509
119510
119511
119512
119513
119514
119515
119516
119517
119518
119519
119520
119521
119522
119523
119524
119525
119526
119527
119528
119529
119530
119531
119532
119533
119534
119535
119536
119537
119538
119539
119540
119541
119542
119544
121424
121425
121426
121427
121428
121429
121430
121431
121432
121433
121434
121435
121436
121437
121438
121439
121440
121441
121442
121443
121444
121445
121446
121447
121448
121449
121450
121451
121452
121453
121454
121455
121456
121457
121458
121459
121460
121461
121463
123343
123344
123345
123346
123347
123348
123349
123350
123351
123352
123353
123354
123355
123356
123357
123358
123359
123360
123361
123362
123363
123364
123365
123366
123367
123368
123369
123370
123371
123372
123373
123374
123375
123376
123377
123378
123379
123380
123382
125262
125263
125264
125265
125266
125267
125268
125269
125270
125271
125272
125273
125274
125275
125276
125277
125278
125279
125280
125281
125282
125283
125284
125285
125286
125287
125288
125289
125290
125291
125292
125293
125294
125295
125296
125297
125298
125299
125301
127181
127182
127183
127184
127185
127186
127187
127188
127189
127190
127191
127192
127193
127194
127195
127196
127197
127198
127199
127200
127201
127202
127203
127204
127205
127206
127207
127208
127209
127210
127211
127212
127213
127214
127215
127216
127217
127218
127220
129100
129101
129102
129103
129104
129105
129106
129107
129108
129109
129110
129111
129112
129113
129114
129115
129116
129117
129118
129119
129120
129121
129122
129123
129124
129125
129126
129127
129128
129129
129130
129131
129132
129133
129134
129135
129136
129137
129139
131019
131020
131021
131022
131023
131024
131025
131026
131027
131028
131029
131030
131031
131032
131033
131034
131035
131036
131037
131038
131039
131040
131041
131042
131043
131044
131045
131046
131047
131048
131049
131050
131051
131052
131053
131054
131055
131056
131058
132938
132939
132940
132941
132942
132943
132944
132945
132946
132947
132948
132949
132950
132951
132952
132953
132954
132955
132956
132957
132958
132959
132960
132961
132962
132963
132964
132965
132966
132967
132968
132969
132970
132971
132972
132973
132974
132975
132977
134857
134858
134859
134860
134861
134862
134863
134864
134865
134866
134867
134868
134869
134870
134871
134872
134873
134874
134875
134876
134877
134878
134879
134880
134881
134882
134883
134884
134885
134886
134887
134888
134889
134890
134891
134892
134893
134894
134896
136776
136777
136778
136779
136780
136781
136782
136783
136784
136785
136786
136787
136788
136789
136790
136791
136792
136793
136794
136795
136796
136797
136798
136799
136800
136801
136802
136803
136804
136805
136806
136807
136808
136809
136810
136811
136812
136813
136815
138695
138696
138697
138698
138699
138700
138701
138702
138703
138704
138705
138706
138707
138708
138709
138710
138711
138712
138713
138714
138715
138716
138717
138718
138719
138720
138721
138722
138723
138724
138725
138726
138727
138728
138729
138730
138731
138732
138734
140614
140615
140616
140617
140618
140619
140620
140621
140622
140623
140624
140625
140626
140627
140628
140629
140630
140631
140632
140633
140634
140635
140636
140637
140638
140639
140640
140641
140642
140643
140644
140645
140646
140647
140648
140649
140650
140651
140653
142533
142534
142535
142536
142537
142538
142539
142540
142541
142542
142543
142544
142545
142546
142547
142548
142549
142550
142551
142552
142553
142554
142555
142556
142557
142558
142559
142560
142561
142562
142563
142564
142565
142566
142567
142568
142569
142570
142572
144452
144453
144454
144455
144456
144457
144458
144459
144460
144461
144462
144463
144464
144465
144466
144467
144468
144469
144470
144471
144472
144473
144474
144475
144476
144477
144478
144479
144480
144481
144482
144483
144484
144485
144486
144487
144488
144489
144491
146371
146372
146373
146374
146375
146376
146377
146378
146379
146380
146381
146382
146383
146384
146385
146386
146387
146388
146389
146390
146391
146392
146393
146394
146395
146396
146397
146398
146399
146400
146401
146402
146403
146404
146405
146406
146407
146408
146410
148290
148291
148292
148293
148294
148295
148296
148297
148298
148299
148300
148301
148302
148303
148304
148305
148306
148307
148308
148309
148310
148311
148312
148313
148314
148315
148316
148317
148318
148319
148320
148321
148322
148323
148324
148325
148326
148327
148329
150209
150210
150211
150212
150213
150214
150215
150216
150217
150218
150219
150220
150221
150222
150223
150224
150225
150226
150227
150228
150229
150230
150231
150232
150233
150234
150235
150236
150237
150238
150239
150240
150241
150242
150243
150244
150245
150246
150248
151873
151874
151875
151876
151877
151878
151879
151880
151881
151882
151883
151884
151885
151886
151887
151888
151889
151890
151891
153918
153919
153920
153921
153922
153923
153924
153925
153926
153927
153928
153929
153930
153931
153932
153933
153934
153935
153936
153937
154878
154879
154880
154881
154882
154883
154884
154885
154886
154887
154888
154889
154890
154891
154892
154893
154894
154895
154896
154897
155838
155839
155840
155841
155842
155843
155844
155845
155846
155847
155848
155849
155850
155851
155852
155853
155854
155855
155856
155857
156798
156799
156800
156801
156802
156803
156804
156805
156806
156807
156808
156809
156810
156811
156812
156813
156814
156815
156816
156817
157758
157759
157760
157761
157762
157763
157764
157765
157766
157767
157768
157769
157770
157771
157772
157773
157774
157775
157776
157777
158718
158719
158720
158721
158722
158723
158724
158725
158726
158727
158728
158729
158730
158731
158732
158733
158734
158735
158736
158737
159678
159679
159680
159681
159682
159683
159684
159685
159686
159687
159688
159689
159690
159691
159692
159693
159694
159695
159696
159697
160638
160639
160640
160641
160642
160643
160644
160645
160646
160647
160648
160649
160650
160651
160652
160653
160654
160655
160656
160657
161598
161599
161600
161601
161602
161603
161604
161605
161606
161607
161608
161609
161610
161611
161612
161613
161614
161615
161616
161617
162558
162559
162560
162561
162562
162563
162564
162565
162566
162567
162568
162569
162570
162571
162572
162573
162574
162575
162576
162577
163518
163519
163520
163521
163522
163523
163524
163525
163526
163527
163528
163529
163530
163531
163532
163533
163534
163535
163536
163537
164478
164479
164480
164481
164482
164483
164484
164485
164486
164487
164488
164489
164490
164491
164492
164493
164494
164495
164496
164497
165438
165439
165440
165441
165442
165443
165444
165445
165446
165447
165448
165449
165450
165451
165452
165453
165454
165455
165456
165457
166398
166399
166400
166401
166402
166403
166404
166405
166406
166407
166408
166409
166410
166411
166412
166413
166414
166415
166416
166417
167358
167359
167360
167361
167362
167363
167364
167365
167366
167367
167368
167369
167370
167371
167372
167373
167374
167375
167376
167377
168317
168318
168319
168320
168321
168322
168323
168324
168325
168326
168327
168328
168329
168330
168331
168332
168333
168334
168335
168336
168337
169277
169278
169279
169280
169281
169282
169283
169284
169285
169286
169287
169288
169289
169290
169291
169292
169293
169294
169295
169296
169297
170237
170238
170239
170240
170241
170242
170243
170244
170245
170246
170247
170248
170249
170250
170251
170252
170253
170254
170255
170256
170257
171197
171198
171199
171200
171201
171202
171203
171204
171205
171206
171207
171208
171209
171210
171211
171212
171213
171214
171215
171216
171217
172157
172158
172159
172160
172161
172162
172163
172164
172165
172166
172167
172168
172169
172170
172171
172172
172173
172174
172175
172176
172177
173117
173118
173119
173120
173121
173122
173123
173124
173125
173126
173127
173128
173129
173130
173131
173132
173133
173134
173135
173136
173137
174077
174078
174079
174080
174081
174082
174083
174084
174085
174086
174087
174088
174089
174090
174091
174092
174093
174094
174095
174096
174097
175037
175038
175039
175040
175041
175042
175043
175044
175045
175046
175047
175048
175049
175050
175051
175052
175053
175054
175055
175056
175057
175997
175998
175999
176000
176001
176002
176003
176004
176005
176006
176007
176008
176009
176010
176011
176012
176013
176014
176015
176016
176017
176957
176958
176959
176960
176961
176962
176963
176964
176965
176966
176967
176968
176969
176970
176971
176972
176973
176974
176975
176976
176977
177917
177918
177919
177920
177921
177922
177923
177924
177925
177926
177927
177928
177929
177930
177931
177932
177933
177934
177935
177936
177937
178877
178878
178879
178880
178881
178882
178883
178884
178885
178886
178887
178888
178889
178890
178891
178892
178893
178894
178895
178896
179837
179838
179839
179840
179841
179842
179843
179844
179845
179846
179847
179848
179849
179850
179851
179852
179853
179854
179855
179856
180797
180798
180799
180800
180801
180802
180803
180804
180805
180806
180807
180808
180809
180810
180811
180812
180813
180814
180815
180816
181757
181758
181759
181760
181761
181762
181763
181764
181765
181766
181767
181768
181769
181770
181771
181772
181773
181774
181775
181776
182717
182718
182719
182720
182721
182722
182723
182724
182725
182726
182727
182728
182729
182730
182731
182732
182733
182734
182735
182736
183677
183678
183679
183680
183681
183682
183683
183684
183685
183686
183687
183688
183689
183690
183691
183692
183693
183694
183695
183696
184637
184638
184639
184640
184641
184642
184643
184644
184645
184646
184647
184648
184649
184650
184651
184652
184653
184654
184655
184656
185597
185598
185599
185600
185601
185602
185603
185604
185605
185606
185607
185608
185609
185610
185611
185612
185613
185614
185615
185616
186557
186558
186559
186560
186561
186562
186563
186564
186565
186566
186567
186568
186569
186570
186571
186572
186573
186574
186575
186576
187517
187518
187519
187520
187521
187522
187523
187524
187525
187526
187527
187528
187529
187530
187531
187532
187533
187534
187535
187536
188477
188478
188479
188480
188481
188482
188483
188484
188485
188486
188487
188488
188489
188490
188491
188492
188493
188494
188495
188496
189437
189438
189439
189440
189441
189442
189443
189444
189445
189446
189447
189448
189449
189450
189451
189452
189453
189454
189455
189456
190397
190398
190399
190400
190401
190402
190403
190404
190405
190406
190407
190408
190409
190410
190411
190412
190413
190414
190415
190416
191357
191358
191359
191360
191361
191362
191363
191364
191365
191366
191367
191368
191369
191370
191371
191372
191373
191374
191375
191376
192317
192318
192319
192320
192321
192322
192323
192324
192325
192326
192327
192328
192329
192330
192331
192332
192333
192334
192335
192336
193277
193278
193279
193280
193281
193282
193283
193284
193285
193286
193287
193288
193289
193290
193291
193292
193293
193294
193295
193296
194237
194238
194239
194240
194241
194242
194243
194244
194245
194246
194247
194248
194249
194250
194251
194252
194253
194254
194255
194256
195197
195198
195199
195200
195201
195202
195203
195204
195205
195206
195207
195208
195209
195210
195211
195212
195213
195214
195215
195216
196157
196158
196159
196160
196161
196162
196163
196164
196165
196166
196167
196168
196169
196170
196171
196172
196173
196174
196175
196176
197117
197118
197119
197120
197121
197122
197123
197124
197125
197126
197127
197128
197129
197130
197131
197132
197133
197134
197135
197136
198077
198078
198079
198080
198081
198082
198083
198084
198085
198086
198087
198088
198089
198090
198091
198092
198093
198094
198095
198096
199037
199038
199039
199040
199041
199042
199043
199044
199045
199046
199047
199048
199049
199050
199051
199052
199053
199054
199055
199056
199997
199998
199999
200000
200001
200002
200003
200004
200005
200006
200007
200008
200009
200010
200011
200012
200013
200014
200015
200016
200957
200958
200959
200960
200961
200962
200963
200964
200965
200966
200967
200968
200969
200970
200971
200972
200973
200974
200975
200976
201917
201918
201919
201920
201921
201922
201923
201924
201925
201926
201927
201928
201929
201930
201931
201932
201933
201934
201935
201936
202877
202878
202879
202880
202881
202882
202883
202884
202885
202886
202887
202888
202889
202890
202891
202892
202893
202894
202895
202896
203837
203838
203839
203840
203841
203842
203843
203844
203845
203846
203847
203848
203849
203850
203851
203852
203853
203854
203855
203856
204797
204798
204799
204800
204801
204802
204803
204804
204805
204806
204807
204808
204809
204810
204811
204812
204813
204814
204815
204816
205757
205758
205759
205760
205761
205762
205763
205764
205765
205766
205767
205768
205769
205770
205771
205772
205773
205774
205775
205776
206717
206718
206719
206720
206721
206722
206723
206724
206725
206726
206727
206728
206729
206730
206731
206732
206733
206734
206735
206736
207677
207678
207679
207680
207681
207682
207683
207684
207685
207686
207687
207688
207689
207690
207691
207692
207693
207694
207695
207696
208637
208638
208639
208640
208641
208642
208643
208644
208645
208646
208647
208648
208649
208650
208651
208652
208653
208654
208655
208656
209597
209598
209599
209600
209601
209602
209603
209604
209605
209606
209607
209608
209609
209610
209611
209612
209613
209614
209615
209616
210557
210558
210559
210560
210561
210562
210563
210564
210565
210566
210567
210568
210569
210570
210571
210572
210573
210574
210575
210576
211517
211518
211519
211520
211521
211522
211523
211524
211525
211526
211527
211528
211529
211530
211531
211532
211533
211534
211535
211536
212477
212478
212479
212480
212481
212482
212483
212484
212485
212486
212487
212488
212489
212490
212491
212492
212493
212494
212495
212496
213437
213438
213439
213440
213441
213442
213443
213444
213445
213446
213447
213448
213449
213450
213451
213452
213453
213454
213455
213456
214397
214398
214399
214400
214401
214402
214403
214404
214405
214406
214407
214408
214409
214410
214411
214412
214413
214414
214415
214416
215357
215358
215359
215360
215361
215362
215363
215364
215365
215366
215367
215368
215369
215370
215371
215372
215373
215374
215375
215376
216317
216318
216319
216320
216321
216322
216323
216324
216325
216326
216327
216328
216329
216330
216331
216332
216333
216334
216335
216336
217277
217278
217279
217280
217281
217282
217283
217284
217285
217286
217287
217288
217289
217290
217291
217292
217293
217294
217295
217296
218237
218238
218239
218240
218241
218242
218243
218244
218245
218246
218247
218248
218249
218250
218251
218252
218253
218254
218255
218256
219197
219198
219199
219200
219201
219202
219203
219204
219205
219206
219207
219208
219209
219210
219211
219212
219213
219214
219215
219216
220157
220158
220159
220160
220161
220162
220163
220164
220165
220166
220167
220168
220169
220170
220171
220172
220173
220174
220175
220176
221117
221118
221119
221120
221121
221122
221123
221124
221125
221126
221127
221128
221129
221130
221131
221132
221133
221134
221135
221136
222077
222078
222079
222080
222081
222082
222083
222084
222085
222086
222087
222088
222089
222090
222091
222092
222093
222094
222095
222096
223037
223038
223039
223040
223041
223042
223043
223044
223045
223046
223047
223048
223049
223050
223051
223052
223053
223054
223055
223056
223997
223998
223999
224000
224001
224002
224003
224004
224005
224006
224007
224008
224009
224010
224011
224012
224013
224014
224015
224016
224957
224958
224959
224960
224961
224962
224963
224964
224965
224966
224967
224968
224969
224970
224971
224972
224973
224974
224975
224976
225917
225918
225919
225920
225921
225922
225923
225924
225925
225926
225927
225928
225929
225930
225931
225932
225933
225934
225935
225936
226877
226878
226879
226880
226881
226882
226883
226884
226885
226886
226887
226888
226889
226890
226891
226892
226893
226894
226895
226896
227837
227838
227839
227840
227841
227842
227843
227844
227845
227846
227847
227848
227849
227850
227851
227852
227853
227854
227855
227856
228797
228798
228799
228800
228801
228802
228803
228804
228805
228806
228807
228808
228809
228810
228811
228812
228813
228814
228815
228816
229757
229758
229759
229760
229761
229762
229763
229764
229765
229766
229767
229768
229769
229770
229771
229772
229773
229774
229775
229776
231255
231256
231257
231258
231259
231260
231261
231262
231263
231264
231265
231266
231267
231268
231269
231270
231271
231272
231273
231274
232215
232216
232217
232218
232219
232220
232221
232222
232223
232224
232225
232226
232227
232228
232229
232230
232231
232232
232233
232234
233175
233176
233177
233178
233179
233180
233181
233182
233183
233184
233185
233186
233187
233188
233189
233190
233191
233192
233193
233194
234135
234136
234137
234138
234139
234140
234141
234142
234143
234144
234145
234146
234147
234148
234149
234150
234151
234152
234153
234154
235095
235096
235097
235098
235099
235100
235101
235102
235103
235104
235105
235106
235107
235108
235109
235110
235111
235112
235113
235114
236055
236056
236057
236058
236059
236060
236061
236062
236063
236064
236065
236066
236067
236068
236069
236070
236071
236072
236073
236074
237015
237016
237017
237018
237019
237020
237021
237022
237023
237024
237025
237026
237027
237028
237029
237030
237031
237032
237033
237034
237975
237976
237977
237978
237979
237980
237981
237982
237983
237984
237985
237986
237987
237988
237989
237990
237991
237992
237993
237994
238935
238936
238937
238938
238939
238940
238941
238942
238943
238944
238945
238946
238947
238948
238949
238950
238951
238952
238953
238954
239895
239896
239897
239898
239899
239900
239901
239902
239903
239904
239905
239906
239907
239908
239909
239910
239911
239912
239913
239914
240855
240856
240857
240858
240859
240860
240861
240862
240863
240864
240865
240866
240867
240868
240869
240870
240871
240872
240873
240874
241815
241816
241817
241818
241819
241820
241821
241822
241823
241824
241825
241826
241827
241828
241829
241830
241831
241832
241833
241834
242775
242776
242777
242778
242779
242780
242781
242782
242783
242784
242785
242786
242787
242788
242789
242790
242791
242792
242793
242794
243735
243736
243737
243738
243739
243740
243741
243742
243743
243744
243745
243746
243747
243748
243749
243750
243751
243752
243753
243754
244695
244696
244697
244698
244699
244700
244701
244702
244703
244704
244705
244706
244707
244708
244709
244710
244711
244712
244713
244714
245654
245655
245656
245657
245658
245659
245660
245661
245662
245663
245664
245665
245666
245667
245668
245669
245670
245671
245672
245673
245674
246614
246615
246616
246617
246618
246619
246620
246621
246622
246623
246624
246625
246626
246627
246628
246629
246630
246631
246632
246633
246634
247574
247575
247576
247577
247578
247579
247580
247581
247582
247583
247584
247585
247586
247587
247588
247589
247590
247591
247592
247593
247594
248534
248535
248536
248537
248538
248539
248540
248541
248542
248543
248544
248545
248546
248547
248548
248549
248550
248551
248552
248553
248554
249494
249495
249496
249497
249498
249499
249500
249501
249502
249503
249504
249505
249506
249507
249508
249509
249510
249511
249512
249513
249514
250454
250455
250456
250457
250458
250459
250460
250461
250462
250463
250464
250465
250466
250467
250468
250469
250470
250471
250472
250473
250474
251414
251415
251416
251417
251418
251419
251420
251421
251422
251423
251424
251425
251426
251427
251428
251429
251430
251431
251432
251433
251434
252374
252375
252376
252377
252378
252379
252380
252381
252382
252383
252384
252385
252386
252387
252388
252389
252390
252391
252392
252393
252394
253334
253335
253336
253337
253338
253339
253340
253341
253342
253343
253344
253345
253346
253347
253348
253349
253350
253351
253352
253353
253354
254294
254295
254296
254297
254298
254299
254300
254301
254302
254303
254304
254305
254306
254307
254308
254309
254310
254311
254312
254313
254314
255254
255255
255256
255257
255258
255259
255260
255261
255262
255263
255264
255265
255266
255267
255268
255269
255270
255271
255272
255273
255274
256214
256215
256216
256217
256218
256219
256220
256221
256222
256223
256224
256225
256226
256227
256228
256229
256230
256231
256232
256233
257174
257175
257176
257177
257178
257179
257180
257181
257182
257183
257184
257185
257186
257187
257188
257189
257190
257191
257192
257193
258134
258135
258136
258137
258138
258139
258140
258141
258142
258143
258144
258145
258146
258147
258148
258149
258150
258151
258152
258153
259094
259095
259096
259097
259098
259099
259100
259101
259102
259103
259104
259105
259106
259107
259108
259109
259110
259111
259112
259113
260054
260055
260056
260057
260058
260059
260060
260061
260062
260063
260064
260065
260066
260067
260068
260069
260070
260071
260072
260073
261014
261015
261016
261017
261018
261019
261020
261021
261022
261023
261024
261025
261026
261027
261028
261029
261030
261031
261032
261033
261974
261975
261976
261977
261978
261979
261980
261981
261982
261983
261984
261985
261986
261987
261988
261989
261990
261991
261992
261993
262934
262935
262936
262937
262938
262939
262940
262941
262942
262943
262944
262945
262946
262947
262948
262949
262950
262951
262952
262953
263894
263895
263896
263897
263898
263899
263900
263901
263902
263903
263904
263905
263906
263907
263908
263909
263910
263911
263912
263913
264854
264855
264856
264857
264858
264859
264860
264861
264862
264863
264864
264865
264866
264867
264868
264869
264870
264871
264872
264873
265814
265815
265816
265817
265818
265819
265820
265821
265822
265823
265824
265825
265826
265827
265828
265829
265830
265831
265832
265833
266774
266775
266776
266777
266778
266779
266780
266781
266782
266783
266784
266785
266786
266787
266788
266789
266790
266791
266792
266793
267734
267735
267736
267737
267738
267739
267740
267741
267742
267743
267744
267745
267746
267747
267748
267749
267750
267751
267752
267753
268694
268695
268696
268697
268698
268699
268700
268701
268702
268703
268704
268705
268706
268707
268708
268709
268710
268711
268712
268713
269654
269655
269656
269657
269658
269659
269660
269661
269662
269663
269664
269665
269666
269667
269668
269669
269670
269671
269672
269673
270614
270615
270616
270617
270618
270619
270620
270621
270622
270623
270624
270625
270626
270627
270628
270629
270630
270631
270632
270633
271574
271575
271576
271577
271578
271579
271580
271581
271582
271583
271584
271585
271586
271587
271588
271589
271590
271591
271592
271593
272534
272535
272536
272537
272538
272539
272540
272541
272542
272543
272544
272545
272546
272547
272548
272549
272550
272551
272552
272553
273494
273495
273496
273497
273498
273499
273500
273501
273502
273503
273504
273505
273506
273507
273508
273509
273510
273511
273512
273513
274454
274455
274456
274457
274458
274459
274460
274461
274462
274463
274464
274465
274466
274467
274468
274469
274470
274471
274472
274473
275414
275415
275416
275417
275418
275419
275420
275421
275422
275423
275424
275425
275426
275427
275428
275429
275430
275431
275432
275433
276374
276375
276376
276377
276378
276379
276380
276381
276382
276383
276384
276385
276386
276387
276388
276389
276390
276391
276392
276393
277334
277335
277336
277337
277338
277339
277340
277341
277342
277343
277344
277345
277346
277347
277348
277349
277350
277351
277352
277353
278294
278295
278296
278297
278298
278299
278300
278301
278302
278303
278304
278305
278306
278307
278308
278309
278310
278311
278312
278313
279254
279255
279256
279257
279258
279259
279260
279261
279262
279263
279264
279265
279266
279267
279268
279269
279270
279271
279272
279273
280214
280215
280216
280217
280218
280219
280220
280221
280222
280223
280224
280225
280226
280227
280228
280229
280230
280231
280232
280233
281174
281175
281176
281177
281178
281179
281180
281181
281182
281183
281184
281185
281186
281187
281188
281189
281190
281191
281192
281193
282134
282135
282136
282137
282138
282139
282140
282141
282142
282143
282144
282145
282146
282147
282148
282149
282150
282151
282152
282153
283094
283095
283096
283097
283098
283099
283100
283101
283102
283103
283104
283105
283106
283107
283108
283109
283110
283111
283112
283113
284054
284055
284056
284057
284058
284059
284060
284061
284062
284063
284064
284065
284066
284067
284068
284069
284070
284071
284072
284073
285014
285015
285016
285017
285018
285019
285020
285021
285022
285023
285024
285025
285026
285027
285028
285029
285030
285031
285032
285033
285974
285975
285976
285977
285978
285979
285980
285981
285982
285983
285984
285985
285986
285987
285988
285989
285990
285991
285992
285993
286934
286935
286936
286937
286938
286939
286940
286941
286942
286943
286944
286945
286946
286947
286948
286949
286950
286951
286952
286953
287894
287895
287896
287897
287898
287899
287900
287901
287902
287903
287904
287905
287906
287907
287908
287909
287910
287911
287912
287913
288854
288855
288856
288857
288858
288859
288860
288861
288862
288863
288864
288865
288866
288867
288868
288869
288870
288871
288872
288873
289814
289815
289816
289817
289818
289819
289820
289821
289822
289823
289824
289825
289826
289827
289828
289829
289830
289831
289832
289833
290774
290775
290776
290777
290778
290779
290780
290781
290782
290783
290784
290785
290786
290787
290788
290789
290790
290791
290792
290793
291734
291735
291736
291737
291738
291739
291740
291741
291742
291743
291744
291745
291746
291747
291748
291749
291750
291751
291752
291753
292694
292695
292696
292697
292698
292699
292700
292701
292702
292703
292704
292705
292706
292707
292708
292709
292710
292711
292712
292713
293654
293655
293656
293657
293658
293659
293660
293661
293662
293663
293664
293665
293666
293667
293668
293669
293670
293671
293672
293673
294614
294615
294616
294617
294618
294619
294620
294621
294622
294623
294624
294625
294626
294627
294628
294629
294630
294631
294632
294633
295574
295575
295576
295577
295578
295579
295580
295581
295582
295583
295584
295585
295586
295587
295588
295589
295590
295591
295592
295593
296534
296535
296536
296537
296538
296539
296540
296541
296542
296543
296544
296545
296546
296547
296548
296549
296550
296551
296552
296553
297494
297495
297496
297497
297498
297499
297500
297501
297502
297503
297504
297505
297506
297507
297508
297509
297510
297511
297512
297513
298454
298455
298456
298457
298458
298459
298460
298461
298462
298463
298464
298465
298466
298467
298468
298469
298470
298471
298472
298473
299414
299415
299416
299417
299418
299419
299420
299421
299422
299423
299424
299425
299426
299427
299428
299429
299430
299431
299432
299433
300374
300375
300376
300377
300378
300379
300380
300381
300382
300383
300384
300385
300386
300387
300388
300389
300390
300391
300392
300393
301334
301335
301336
301337
301338
301339
301340
301341
301342
301343
301344
301345
301346
301347
301348
301349
301350
301351
301352
301353
302294
302295
302296
302297
302298
302299
302300
302301
302302
302303
302304
302305
302306
302307
302308
302309
302310
302311
302312
302313
303254
303255
303256
303257
303258
303259
303260
303261
303262
303263
303264
303265
303266
303267
303268
303269
303270
303271
303272
303273
304214
304215
304216
304217
304218
304219
304220
304221
304222
304223
304224
304225
304226
304227
304228
304229
304230
304231
304232
304233
305174
305175
305176
305177
305178
305179
305180
305181
305182
305183
305184
305185
305186
305187
305188
305189
305190
305191
305192
305193
306134
306135
306136
306137
306138
306139
306140
306141
306142
306143
306144
306145
306146
306147
306148
306149
306150
306151
306152
306153
307094
307095
307096
307097
307098
307099
307100
307101
307102
307103
307104
307105
307106
307107
307108
307109
307110
307111
307112
307113
308751
308752
308753
308754
308755
308756
308757
308758
308759
308760
308761
308762
308763
308764
308765
308766
308767
308768
308769
308770
-512
-2432
-4352
-6272
-8192
-10112
-12032
-13951
-15870
-17789
-19708
-21627
-23546
-25465
-27384
-27385
-29301
-31220
-33139
-35058
-36977
-38896
-40815
-42734
-44653
-46572
-48491
-50410
-52329
-54248
-56167
-58086
-60005
-61924
-63843
-65762
-67681
-69600
-71519
-73438
-75358
-77278
-79198
-81118
-83038
-84958
-86878
-88798
-90718
-92637
-94556
-96475
-98394
-100313
-102232
-104151
-106070
-107989
-109908
-111827
-113746
-115665
-117584
-119503
-121422
-123341
-125260
-127179
-129098
-131017
-132936
-134855
-136774
-138693
-140612
-142531
-144450
-146369
-148288
-150207
-151872
552
2472
4392
6312
8232
10152
12072
13991
15910
17829
19748
21667
23586
25505
27424
29343
31262
33181
35100
37019
38938
40857
42776
44695
46614
48533
48534
50450
52369
54288
56207
58126
60045
61964
63883
65802
67721
69640
71559
73478
75398
77318
79238
81158
83078
84998
86918
88838
90758
92677
94596
96515
98434
100353
102272
104191
106110
108029
109948
111867
113786
115705
117624
119543
121462
123381
125300
127219
129138
131057
132976
134895
136814
138733
140652
142571
144490
146409
148328
150247
151892
)


// ************************************************************************* //
