/*--------------------------------*- C++ -*----------------------------------*\
| =========                 |                                                 |
| \\      /  F ield         | OpenFOAM: The Open Source CFD Toolbox           |
|  \\    /   O peration     | Version:  2.3.0                                 |
|   \\  /    A nd           | Web:      www.OpenFOAM.org                      |
|    \\/     M anipulation  |                                                 |
\*---------------------------------------------------------------------------*/
FoamFile
{
    version     2.0;
    format      ascii;
    class       labelList;
    location    "constant/polyMesh";
    object      faceProcAddressing;
}
// * * * * * * * * * * * * * * * * * * * * * * * * * * * * * * * * * * * * * //


6525
(
1682
1683
1684
1685
1686
1687
1688
1689
1690
1691
1692
1693
1694
1695
1696
1697
1698
1699
1700
1701
1702
1703
1704
1705
1706
1707
1708
1709
1710
1711
1712
1713
1714
1715
1716
1717
1718
1719
1721
3602
3603
3604
3605
3606
3607
3608
3609
3610
3611
3612
3613
3614
3615
3616
3617
3618
3619
3620
3621
3622
3623
3624
3625
3626
3627
3628
3629
3630
3631
3632
3633
3634
3635
3636
3637
3638
3639
3641
5522
5523
5524
5525
5526
5527
5528
5529
5530
5531
5532
5533
5534
5535
5536
5537
5538
5539
5540
5541
5542
5543
5544
5545
5546
5547
5548
5549
5550
5551
5552
5553
5554
5555
5556
5557
5558
5559
5561
7442
7443
7444
7445
7446
7447
7448
7449
7450
7451
7452
7453
7454
7455
7456
7457
7458
7459
7460
7461
7462
7463
7464
7465
7466
7467
7468
7469
7470
7471
7472
7473
7474
7475
7476
7477
7478
7479
7481
9362
9363
9364
9365
9366
9367
9368
9369
9370
9371
9372
9373
9374
9375
9376
9377
9378
9379
9380
9381
9382
9383
9384
9385
9386
9387
9388
9389
9390
9391
9392
9393
9394
9395
9396
9397
9398
9399
9401
11282
11283
11284
11285
11286
11287
11288
11289
11290
11291
11292
11293
11294
11295
11296
11297
11298
11299
11300
11301
11302
11303
11304
11305
11306
11307
11308
11309
11310
11311
11312
11313
11314
11315
11316
11317
11318
11319
11321
13202
13203
13204
13205
13206
13207
13208
13209
13210
13211
13212
13213
13214
13215
13216
13217
13218
13219
13220
13221
13222
13223
13224
13225
13226
13227
13228
13229
13230
13231
13232
13233
13234
13235
13236
13237
13238
13239
13241
15121
15122
15123
15124
15125
15126
15127
15128
15129
15130
15131
15132
15133
15134
15135
15136
15137
15138
15139
15140
15141
15142
15143
15144
15145
15146
15147
15148
15149
15150
15151
15152
15153
15154
15155
15156
15157
15158
15160
17040
17041
17042
17043
17044
17045
17046
17047
17048
17049
17050
17051
17052
17053
17054
17055
17056
17057
17058
17059
17060
17061
17062
17063
17064
17065
17066
17067
17068
17069
17070
17071
17072
17073
17074
17075
17076
17077
17079
18959
18960
18961
18962
18963
18964
18965
18966
18967
18968
18969
18970
18971
18972
18973
18974
18975
18976
18977
18978
18979
18980
18981
18982
18983
18984
18985
18986
18987
18988
18989
18990
18991
18992
18993
18994
18995
18996
18998
20878
20879
20880
20881
20882
20883
20884
20885
20886
20887
20888
20889
20890
20891
20892
20893
20894
20895
20896
20897
20898
20899
20900
20901
20902
20903
20904
20905
20906
20907
20908
20909
20910
20911
20912
20913
20914
20915
20917
22797
22798
22799
22800
22801
22802
22803
22804
22805
22806
22807
22808
22809
22810
22811
22812
22813
22814
22815
22816
22817
22818
22819
22820
22821
22822
22823
22824
22825
22826
22827
22828
22829
22830
22831
22832
22833
22834
22836
24716
24717
24718
24719
24720
24721
24722
24723
24724
24725
24726
24727
24728
24729
24730
24731
24732
24733
24734
24735
24736
24737
24738
24739
24740
24741
24742
24743
24744
24745
24746
24747
24748
24749
24750
24751
24752
24753
24755
26635
26636
26637
26638
26639
26640
26641
26642
26643
26644
26645
26646
26647
26648
26649
26650
26651
26652
26653
26654
26655
26656
26657
26658
26659
26660
26661
26662
26663
26664
26665
26666
26667
26668
26669
26670
26671
26672
26674
28552
28553
28554
28555
28556
28557
28558
28559
28560
28561
28562
28563
28564
28565
28566
28567
28568
28569
28570
28571
28572
28573
28574
28575
28576
28577
28578
28579
28580
28581
28582
28583
28584
28585
28586
28587
28588
28589
28590
28591
28593
30471
30472
30473
30474
30475
30476
30477
30478
30479
30480
30481
30482
30483
30484
30485
30486
30487
30488
30489
30490
30491
30492
30493
30494
30495
30496
30497
30498
30499
30500
30501
30502
30503
30504
30505
30506
30507
30508
30509
30510
30512
32390
32391
32392
32393
32394
32395
32396
32397
32398
32399
32400
32401
32402
32403
32404
32405
32406
32407
32408
32409
32410
32411
32412
32413
32414
32415
32416
32417
32418
32419
32420
32421
32422
32423
32424
32425
32426
32427
32428
32429
32431
34309
34310
34311
34312
34313
34314
34315
34316
34317
34318
34319
34320
34321
34322
34323
34324
34325
34326
34327
34328
34329
34330
34331
34332
34333
34334
34335
34336
34337
34338
34339
34340
34341
34342
34343
34344
34345
34346
34347
34348
34350
36228
36229
36230
36231
36232
36233
36234
36235
36236
36237
36238
36239
36240
36241
36242
36243
36244
36245
36246
36247
36248
36249
36250
36251
36252
36253
36254
36255
36256
36257
36258
36259
36260
36261
36262
36263
36264
36265
36266
36267
36269
38147
38148
38149
38150
38151
38152
38153
38154
38155
38156
38157
38158
38159
38160
38161
38162
38163
38164
38165
38166
38167
38168
38169
38170
38171
38172
38173
38174
38175
38176
38177
38178
38179
38180
38181
38182
38183
38184
38185
38186
38188
40066
40067
40068
40069
40070
40071
40072
40073
40074
40075
40076
40077
40078
40079
40080
40081
40082
40083
40084
40085
40086
40087
40088
40089
40090
40091
40092
40093
40094
40095
40096
40097
40098
40099
40100
40101
40102
40103
40104
40105
40107
41985
41986
41987
41988
41989
41990
41991
41992
41993
41994
41995
41996
41997
41998
41999
42000
42001
42002
42003
42004
42005
42006
42007
42008
42009
42010
42011
42012
42013
42014
42015
42016
42017
42018
42019
42020
42021
42022
42023
42024
42026
43904
43905
43906
43907
43908
43909
43910
43911
43912
43913
43914
43915
43916
43917
43918
43919
43920
43921
43922
43923
43924
43925
43926
43927
43928
43929
43930
43931
43932
43933
43934
43935
43936
43937
43938
43939
43940
43941
43942
43943
43945
45823
45824
45825
45826
45827
45828
45829
45830
45831
45832
45833
45834
45835
45836
45837
45838
45839
45840
45841
45842
45843
45844
45845
45846
45847
45848
45849
45850
45851
45852
45853
45854
45855
45856
45857
45858
45859
45860
45861
45862
45864
47742
47743
47744
47745
47746
47747
47748
47749
47750
47751
47752
47753
47754
47755
47756
47757
47758
47759
47760
47761
47762
47763
47764
47765
47766
47767
47768
47769
47770
47771
47772
47773
47774
47775
47776
47777
47778
47779
47780
47781
49661
49662
49663
49664
49665
49666
49667
49668
49669
49670
49671
49672
49673
49674
49675
49676
49677
49678
49679
49680
49681
49682
49683
49684
49685
49686
49687
49688
49689
49690
49691
49692
49693
49694
49695
49696
49697
49698
49700
51580
51581
51582
51583
51584
51585
51586
51587
51588
51589
51590
51591
51592
51593
51594
51595
51596
51597
51598
51599
51600
51601
51602
51603
51604
51605
51606
51607
51608
51609
51610
51611
51612
51613
51614
51615
51616
51617
51619
53499
53500
53501
53502
53503
53504
53505
53506
53507
53508
53509
53510
53511
53512
53513
53514
53515
53516
53517
53518
53519
53520
53521
53522
53523
53524
53525
53526
53527
53528
53529
53530
53531
53532
53533
53534
53535
53536
53538
55418
55419
55420
55421
55422
55423
55424
55425
55426
55427
55428
55429
55430
55431
55432
55433
55434
55435
55436
55437
55438
55439
55440
55441
55442
55443
55444
55445
55446
55447
55448
55449
55450
55451
55452
55453
55454
55455
55457
57337
57338
57339
57340
57341
57342
57343
57344
57345
57346
57347
57348
57349
57350
57351
57352
57353
57354
57355
57356
57357
57358
57359
57360
57361
57362
57363
57364
57365
57366
57367
57368
57369
57370
57371
57372
57373
57374
57376
59256
59257
59258
59259
59260
59261
59262
59263
59264
59265
59266
59267
59268
59269
59270
59271
59272
59273
59274
59275
59276
59277
59278
59279
59280
59281
59282
59283
59284
59285
59286
59287
59288
59289
59290
59291
59292
59293
59295
61175
61176
61177
61178
61179
61180
61181
61182
61183
61184
61185
61186
61187
61188
61189
61190
61191
61192
61193
61194
61195
61196
61197
61198
61199
61200
61201
61202
61203
61204
61205
61206
61207
61208
61209
61210
61211
61212
61214
63094
63095
63096
63097
63098
63099
63100
63101
63102
63103
63104
63105
63106
63107
63108
63109
63110
63111
63112
63113
63114
63115
63116
63117
63118
63119
63120
63121
63122
63123
63124
63125
63126
63127
63128
63129
63130
63131
63133
65013
65014
65015
65016
65017
65018
65019
65020
65021
65022
65023
65024
65025
65026
65027
65028
65029
65030
65031
65032
65033
65034
65035
65036
65037
65038
65039
65040
65041
65042
65043
65044
65045
65046
65047
65048
65049
65050
65052
66932
66933
66934
66935
66936
66937
66938
66939
66940
66941
66942
66943
66944
66945
66946
66947
66948
66949
66950
66951
66952
66953
66954
66955
66956
66957
66958
66959
66960
66961
66962
66963
66964
66965
66966
66967
66968
66969
66971
68851
68852
68853
68854
68855
68856
68857
68858
68859
68860
68861
68862
68863
68864
68865
68866
68867
68868
68869
68870
68871
68872
68873
68874
68875
68876
68877
68878
68879
68880
68881
68882
68883
68884
68885
68886
68887
68888
68890
70770
70771
70772
70773
70774
70775
70776
70777
70778
70779
70780
70781
70782
70783
70784
70785
70786
70787
70788
70789
70790
70791
70792
70793
70794
70795
70796
70797
70798
70799
70800
70801
70802
70803
70804
70805
70806
70807
70809
72689
72690
72691
72692
72693
72694
72695
72696
72697
72698
72699
72700
72701
72702
72703
72704
72705
72706
72707
72708
72709
72710
72711
72712
72713
72714
72715
72716
72717
72718
72719
72720
72721
72722
72723
72724
72725
72726
72728
74608
74609
74610
74611
74612
74613
74614
74615
74616
74617
74618
74619
74620
74621
74622
74623
74624
74625
74626
74627
74628
74629
74630
74631
74632
74633
74634
74635
74636
74637
74638
74639
74640
74641
74642
74643
74644
74645
74647
76528
76529
76530
76531
76532
76533
76534
76535
76536
76537
76538
76539
76540
76541
76542
76543
76544
76545
76546
76547
76548
76549
76550
76551
76552
76553
76554
76555
76556
76557
76558
76559
76560
76561
76562
76563
76564
76565
76567
78448
78449
78450
78451
78452
78453
78454
78455
78456
78457
78458
78459
78460
78461
78462
78463
78464
78465
78466
78467
78468
78469
78470
78471
78472
78473
78474
78475
78476
78477
78478
78479
78480
78481
78482
78483
78484
78485
78487
80368
80369
80370
80371
80372
80373
80374
80375
80376
80377
80378
80379
80380
80381
80382
80383
80384
80385
80386
80387
80388
80389
80390
80391
80392
80393
80394
80395
80396
80397
80398
80399
80400
80401
80402
80403
80404
80405
80407
82288
82289
82290
82291
82292
82293
82294
82295
82296
82297
82298
82299
82300
82301
82302
82303
82304
82305
82306
82307
82308
82309
82310
82311
82312
82313
82314
82315
82316
82317
82318
82319
82320
82321
82322
82323
82324
82325
82327
84208
84209
84210
84211
84212
84213
84214
84215
84216
84217
84218
84219
84220
84221
84222
84223
84224
84225
84226
84227
84228
84229
84230
84231
84232
84233
84234
84235
84236
84237
84238
84239
84240
84241
84242
84243
84244
84245
84247
86128
86129
86130
86131
86132
86133
86134
86135
86136
86137
86138
86139
86140
86141
86142
86143
86144
86145
86146
86147
86148
86149
86150
86151
86152
86153
86154
86155
86156
86157
86158
86159
86160
86161
86162
86163
86164
86165
86167
88048
88049
88050
88051
88052
88053
88054
88055
88056
88057
88058
88059
88060
88061
88062
88063
88064
88065
88066
88067
88068
88069
88070
88071
88072
88073
88074
88075
88076
88077
88078
88079
88080
88081
88082
88083
88084
88085
88087
89968
89969
89970
89971
89972
89973
89974
89975
89976
89977
89978
89979
89980
89981
89982
89983
89984
89985
89986
89987
89988
89989
89990
89991
89992
89993
89994
89995
89996
89997
89998
89999
90000
90001
90002
90003
90004
90005
90007
91888
91889
91890
91891
91892
91893
91894
91895
91896
91897
91898
91899
91900
91901
91902
91903
91904
91905
91906
91907
91908
91909
91910
91911
91912
91913
91914
91915
91916
91917
91918
91919
91920
91921
91922
91923
91924
91925
91927
93807
93808
93809
93810
93811
93812
93813
93814
93815
93816
93817
93818
93819
93820
93821
93822
93823
93824
93825
93826
93827
93828
93829
93830
93831
93832
93833
93834
93835
93836
93837
93838
93839
93840
93841
93842
93843
93844
93846
95726
95727
95728
95729
95730
95731
95732
95733
95734
95735
95736
95737
95738
95739
95740
95741
95742
95743
95744
95745
95746
95747
95748
95749
95750
95751
95752
95753
95754
95755
95756
95757
95758
95759
95760
95761
95762
95763
95765
97645
97646
97647
97648
97649
97650
97651
97652
97653
97654
97655
97656
97657
97658
97659
97660
97661
97662
97663
97664
97665
97666
97667
97668
97669
97670
97671
97672
97673
97674
97675
97676
97677
97678
97679
97680
97681
97682
97684
99564
99565
99566
99567
99568
99569
99570
99571
99572
99573
99574
99575
99576
99577
99578
99579
99580
99581
99582
99583
99584
99585
99586
99587
99588
99589
99590
99591
99592
99593
99594
99595
99596
99597
99598
99599
99600
99601
99603
101483
101484
101485
101486
101487
101488
101489
101490
101491
101492
101493
101494
101495
101496
101497
101498
101499
101500
101501
101502
101503
101504
101505
101506
101507
101508
101509
101510
101511
101512
101513
101514
101515
101516
101517
101518
101519
101520
101522
103402
103403
103404
103405
103406
103407
103408
103409
103410
103411
103412
103413
103414
103415
103416
103417
103418
103419
103420
103421
103422
103423
103424
103425
103426
103427
103428
103429
103430
103431
103432
103433
103434
103435
103436
103437
103438
103439
103441
105321
105322
105323
105324
105325
105326
105327
105328
105329
105330
105331
105332
105333
105334
105335
105336
105337
105338
105339
105340
105341
105342
105343
105344
105345
105346
105347
105348
105349
105350
105351
105352
105353
105354
105355
105356
105357
105358
105360
107240
107241
107242
107243
107244
107245
107246
107247
107248
107249
107250
107251
107252
107253
107254
107255
107256
107257
107258
107259
107260
107261
107262
107263
107264
107265
107266
107267
107268
107269
107270
107271
107272
107273
107274
107275
107276
107277
107279
109159
109160
109161
109162
109163
109164
109165
109166
109167
109168
109169
109170
109171
109172
109173
109174
109175
109176
109177
109178
109179
109180
109181
109182
109183
109184
109185
109186
109187
109188
109189
109190
109191
109192
109193
109194
109195
109196
109198
111078
111079
111080
111081
111082
111083
111084
111085
111086
111087
111088
111089
111090
111091
111092
111093
111094
111095
111096
111097
111098
111099
111100
111101
111102
111103
111104
111105
111106
111107
111108
111109
111110
111111
111112
111113
111114
111115
111117
112997
112998
112999
113000
113001
113002
113003
113004
113005
113006
113007
113008
113009
113010
113011
113012
113013
113014
113015
113016
113017
113018
113019
113020
113021
113022
113023
113024
113025
113026
113027
113028
113029
113030
113031
113032
113033
113034
113036
114916
114917
114918
114919
114920
114921
114922
114923
114924
114925
114926
114927
114928
114929
114930
114931
114932
114933
114934
114935
114936
114937
114938
114939
114940
114941
114942
114943
114944
114945
114946
114947
114948
114949
114950
114951
114952
114953
114955
116835
116836
116837
116838
116839
116840
116841
116842
116843
116844
116845
116846
116847
116848
116849
116850
116851
116852
116853
116854
116855
116856
116857
116858
116859
116860
116861
116862
116863
116864
116865
116866
116867
116868
116869
116870
116871
116872
116874
118754
118755
118756
118757
118758
118759
118760
118761
118762
118763
118764
118765
118766
118767
118768
118769
118770
118771
118772
118773
118774
118775
118776
118777
118778
118779
118780
118781
118782
118783
118784
118785
118786
118787
118788
118789
118790
118791
118793
120673
120674
120675
120676
120677
120678
120679
120680
120681
120682
120683
120684
120685
120686
120687
120688
120689
120690
120691
120692
120693
120694
120695
120696
120697
120698
120699
120700
120701
120702
120703
120704
120705
120706
120707
120708
120709
120710
120712
122592
122593
122594
122595
122596
122597
122598
122599
122600
122601
122602
122603
122604
122605
122606
122607
122608
122609
122610
122611
122612
122613
122614
122615
122616
122617
122618
122619
122620
122621
122622
122623
122624
122625
122626
122627
122628
122629
122631
124511
124512
124513
124514
124515
124516
124517
124518
124519
124520
124521
124522
124523
124524
124525
124526
124527
124528
124529
124530
124531
124532
124533
124534
124535
124536
124537
124538
124539
124540
124541
124542
124543
124544
124545
124546
124547
124548
124550
126430
126431
126432
126433
126434
126435
126436
126437
126438
126439
126440
126441
126442
126443
126444
126445
126446
126447
126448
126449
126450
126451
126452
126453
126454
126455
126456
126457
126458
126459
126460
126461
126462
126463
126464
126465
126466
126467
126469
128349
128350
128351
128352
128353
128354
128355
128356
128357
128358
128359
128360
128361
128362
128363
128364
128365
128366
128367
128368
128369
128370
128371
128372
128373
128374
128375
128376
128377
128378
128379
128380
128381
128382
128383
128384
128385
128386
128388
130268
130269
130270
130271
130272
130273
130274
130275
130276
130277
130278
130279
130280
130281
130282
130283
130284
130285
130286
130287
130288
130289
130290
130291
130292
130293
130294
130295
130296
130297
130298
130299
130300
130301
130302
130303
130304
130305
130307
132187
132188
132189
132190
132191
132192
132193
132194
132195
132196
132197
132198
132199
132200
132201
132202
132203
132204
132205
132206
132207
132208
132209
132210
132211
132212
132213
132214
132215
132216
132217
132218
132219
132220
132221
132222
132223
132224
132226
134106
134107
134108
134109
134110
134111
134112
134113
134114
134115
134116
134117
134118
134119
134120
134121
134122
134123
134124
134125
134126
134127
134128
134129
134130
134131
134132
134133
134134
134135
134136
134137
134138
134139
134140
134141
134142
134143
134145
136025
136026
136027
136028
136029
136030
136031
136032
136033
136034
136035
136036
136037
136038
136039
136040
136041
136042
136043
136044
136045
136046
136047
136048
136049
136050
136051
136052
136053
136054
136055
136056
136057
136058
136059
136060
136061
136062
136064
137944
137945
137946
137947
137948
137949
137950
137951
137952
137953
137954
137955
137956
137957
137958
137959
137960
137961
137962
137963
137964
137965
137966
137967
137968
137969
137970
137971
137972
137973
137974
137975
137976
137977
137978
137979
137980
137981
137983
139863
139864
139865
139866
139867
139868
139869
139870
139871
139872
139873
139874
139875
139876
139877
139878
139879
139880
139881
139882
139883
139884
139885
139886
139887
139888
139889
139890
139891
139892
139893
139894
139895
139896
139897
139898
139899
139900
139902
141782
141783
141784
141785
141786
141787
141788
141789
141790
141791
141792
141793
141794
141795
141796
141797
141798
141799
141800
141801
141802
141803
141804
141805
141806
141807
141808
141809
141810
141811
141812
141813
141814
141815
141816
141817
141818
141819
141821
143701
143702
143703
143704
143705
143706
143707
143708
143709
143710
143711
143712
143713
143714
143715
143716
143717
143718
143719
143720
143721
143722
143723
143724
143725
143726
143727
143728
143729
143730
143731
143732
143733
143734
143735
143736
143737
143738
143740
145620
145621
145622
145623
145624
145625
145626
145627
145628
145629
145630
145631
145632
145633
145634
145635
145636
145637
145638
145639
145640
145641
145642
145643
145644
145645
145646
145647
145648
145649
145650
145651
145652
145653
145654
145655
145656
145657
145659
147539
147540
147541
147542
147543
147544
147545
147546
147547
147548
147549
147550
147551
147552
147553
147554
147555
147556
147557
147558
147559
147560
147561
147562
147563
147564
147565
147566
147567
147568
147569
147570
147571
147572
147573
147574
147575
147576
147578
149458
149459
149460
149461
149462
149463
149464
149465
149466
149467
149468
149469
149470
149471
149472
149473
149474
149475
149476
149477
149478
149479
149480
149481
149482
149483
149484
149485
149486
149487
149488
149489
149490
149491
149492
149493
149494
149495
149497
151377
151378
151379
151380
151381
151382
151383
151384
151385
151386
151387
151388
151389
151390
151391
151392
151393
151394
151395
151396
151397
151398
151399
151400
151401
151402
151403
151404
151405
151406
151407
151408
151409
151410
151411
151412
151413
151414
151416
152457
152458
152459
152460
152461
152462
152463
152464
152465
152466
152467
152468
152469
152470
152471
152472
152473
152474
152475
154502
154503
154504
154505
154506
154507
154508
154509
154510
154511
154512
154513
154514
154515
154516
154517
154518
154519
154520
154521
155462
155463
155464
155465
155466
155467
155468
155469
155470
155471
155472
155473
155474
155475
155476
155477
155478
155479
155480
155481
156422
156423
156424
156425
156426
156427
156428
156429
156430
156431
156432
156433
156434
156435
156436
156437
156438
156439
156440
156441
157382
157383
157384
157385
157386
157387
157388
157389
157390
157391
157392
157393
157394
157395
157396
157397
157398
157399
157400
157401
158342
158343
158344
158345
158346
158347
158348
158349
158350
158351
158352
158353
158354
158355
158356
158357
158358
158359
158360
158361
159302
159303
159304
159305
159306
159307
159308
159309
159310
159311
159312
159313
159314
159315
159316
159317
159318
159319
159320
159321
160262
160263
160264
160265
160266
160267
160268
160269
160270
160271
160272
160273
160274
160275
160276
160277
160278
160279
160280
160281
161222
161223
161224
161225
161226
161227
161228
161229
161230
161231
161232
161233
161234
161235
161236
161237
161238
161239
161240
161241
162182
162183
162184
162185
162186
162187
162188
162189
162190
162191
162192
162193
162194
162195
162196
162197
162198
162199
162200
162201
163142
163143
163144
163145
163146
163147
163148
163149
163150
163151
163152
163153
163154
163155
163156
163157
163158
163159
163160
163161
164102
164103
164104
164105
164106
164107
164108
164109
164110
164111
164112
164113
164114
164115
164116
164117
164118
164119
164120
164121
165062
165063
165064
165065
165066
165067
165068
165069
165070
165071
165072
165073
165074
165075
165076
165077
165078
165079
165080
165081
166022
166023
166024
166025
166026
166027
166028
166029
166030
166031
166032
166033
166034
166035
166036
166037
166038
166039
166040
166041
166982
166983
166984
166985
166986
166987
166988
166989
166990
166991
166992
166993
166994
166995
166996
166997
166998
166999
167000
167001
167941
167942
167943
167944
167945
167946
167947
167948
167949
167950
167951
167952
167953
167954
167955
167956
167957
167958
167959
167960
167961
168901
168902
168903
168904
168905
168906
168907
168908
168909
168910
168911
168912
168913
168914
168915
168916
168917
168918
168919
168920
168921
169861
169862
169863
169864
169865
169866
169867
169868
169869
169870
169871
169872
169873
169874
169875
169876
169877
169878
169879
169880
169881
170821
170822
170823
170824
170825
170826
170827
170828
170829
170830
170831
170832
170833
170834
170835
170836
170837
170838
170839
170840
170841
171781
171782
171783
171784
171785
171786
171787
171788
171789
171790
171791
171792
171793
171794
171795
171796
171797
171798
171799
171800
171801
172741
172742
172743
172744
172745
172746
172747
172748
172749
172750
172751
172752
172753
172754
172755
172756
172757
172758
172759
172760
172761
173701
173702
173703
173704
173705
173706
173707
173708
173709
173710
173711
173712
173713
173714
173715
173716
173717
173718
173719
173720
173721
174661
174662
174663
174664
174665
174666
174667
174668
174669
174670
174671
174672
174673
174674
174675
174676
174677
174678
174679
174680
174681
175621
175622
175623
175624
175625
175626
175627
175628
175629
175630
175631
175632
175633
175634
175635
175636
175637
175638
175639
175640
175641
176581
176582
176583
176584
176585
176586
176587
176588
176589
176590
176591
176592
176593
176594
176595
176596
176597
176598
176599
176600
176601
177541
177542
177543
177544
177545
177546
177547
177548
177549
177550
177551
177552
177553
177554
177555
177556
177557
177558
177559
177560
177561
178501
178502
178503
178504
178505
178506
178507
178508
178509
178510
178511
178512
178513
178514
178515
178516
178517
178518
178519
178520
179461
179462
179463
179464
179465
179466
179467
179468
179469
179470
179471
179472
179473
179474
179475
179476
179477
179478
179479
179480
180421
180422
180423
180424
180425
180426
180427
180428
180429
180430
180431
180432
180433
180434
180435
180436
180437
180438
180439
180440
181381
181382
181383
181384
181385
181386
181387
181388
181389
181390
181391
181392
181393
181394
181395
181396
181397
181398
181399
181400
182341
182342
182343
182344
182345
182346
182347
182348
182349
182350
182351
182352
182353
182354
182355
182356
182357
182358
182359
182360
183301
183302
183303
183304
183305
183306
183307
183308
183309
183310
183311
183312
183313
183314
183315
183316
183317
183318
183319
183320
184261
184262
184263
184264
184265
184266
184267
184268
184269
184270
184271
184272
184273
184274
184275
184276
184277
184278
184279
184280
185221
185222
185223
185224
185225
185226
185227
185228
185229
185230
185231
185232
185233
185234
185235
185236
185237
185238
185239
185240
186181
186182
186183
186184
186185
186186
186187
186188
186189
186190
186191
186192
186193
186194
186195
186196
186197
186198
186199
186200
187141
187142
187143
187144
187145
187146
187147
187148
187149
187150
187151
187152
187153
187154
187155
187156
187157
187158
187159
187160
188101
188102
188103
188104
188105
188106
188107
188108
188109
188110
188111
188112
188113
188114
188115
188116
188117
188118
188119
188120
189061
189062
189063
189064
189065
189066
189067
189068
189069
189070
189071
189072
189073
189074
189075
189076
189077
189078
189079
189080
190021
190022
190023
190024
190025
190026
190027
190028
190029
190030
190031
190032
190033
190034
190035
190036
190037
190038
190039
190040
190981
190982
190983
190984
190985
190986
190987
190988
190989
190990
190991
190992
190993
190994
190995
190996
190997
190998
190999
191000
191941
191942
191943
191944
191945
191946
191947
191948
191949
191950
191951
191952
191953
191954
191955
191956
191957
191958
191959
191960
192901
192902
192903
192904
192905
192906
192907
192908
192909
192910
192911
192912
192913
192914
192915
192916
192917
192918
192919
192920
193861
193862
193863
193864
193865
193866
193867
193868
193869
193870
193871
193872
193873
193874
193875
193876
193877
193878
193879
193880
194821
194822
194823
194824
194825
194826
194827
194828
194829
194830
194831
194832
194833
194834
194835
194836
194837
194838
194839
194840
195781
195782
195783
195784
195785
195786
195787
195788
195789
195790
195791
195792
195793
195794
195795
195796
195797
195798
195799
195800
196741
196742
196743
196744
196745
196746
196747
196748
196749
196750
196751
196752
196753
196754
196755
196756
196757
196758
196759
196760
197701
197702
197703
197704
197705
197706
197707
197708
197709
197710
197711
197712
197713
197714
197715
197716
197717
197718
197719
197720
198661
198662
198663
198664
198665
198666
198667
198668
198669
198670
198671
198672
198673
198674
198675
198676
198677
198678
198679
198680
199621
199622
199623
199624
199625
199626
199627
199628
199629
199630
199631
199632
199633
199634
199635
199636
199637
199638
199639
199640
200581
200582
200583
200584
200585
200586
200587
200588
200589
200590
200591
200592
200593
200594
200595
200596
200597
200598
200599
200600
201541
201542
201543
201544
201545
201546
201547
201548
201549
201550
201551
201552
201553
201554
201555
201556
201557
201558
201559
201560
202501
202502
202503
202504
202505
202506
202507
202508
202509
202510
202511
202512
202513
202514
202515
202516
202517
202518
202519
202520
203461
203462
203463
203464
203465
203466
203467
203468
203469
203470
203471
203472
203473
203474
203475
203476
203477
203478
203479
203480
204421
204422
204423
204424
204425
204426
204427
204428
204429
204430
204431
204432
204433
204434
204435
204436
204437
204438
204439
204440
205381
205382
205383
205384
205385
205386
205387
205388
205389
205390
205391
205392
205393
205394
205395
205396
205397
205398
205399
205400
206341
206342
206343
206344
206345
206346
206347
206348
206349
206350
206351
206352
206353
206354
206355
206356
206357
206358
206359
206360
207301
207302
207303
207304
207305
207306
207307
207308
207309
207310
207311
207312
207313
207314
207315
207316
207317
207318
207319
207320
208261
208262
208263
208264
208265
208266
208267
208268
208269
208270
208271
208272
208273
208274
208275
208276
208277
208278
208279
208280
209221
209222
209223
209224
209225
209226
209227
209228
209229
209230
209231
209232
209233
209234
209235
209236
209237
209238
209239
209240
210181
210182
210183
210184
210185
210186
210187
210188
210189
210190
210191
210192
210193
210194
210195
210196
210197
210198
210199
210200
211141
211142
211143
211144
211145
211146
211147
211148
211149
211150
211151
211152
211153
211154
211155
211156
211157
211158
211159
211160
212101
212102
212103
212104
212105
212106
212107
212108
212109
212110
212111
212112
212113
212114
212115
212116
212117
212118
212119
212120
213061
213062
213063
213064
213065
213066
213067
213068
213069
213070
213071
213072
213073
213074
213075
213076
213077
213078
213079
213080
214021
214022
214023
214024
214025
214026
214027
214028
214029
214030
214031
214032
214033
214034
214035
214036
214037
214038
214039
214040
214981
214982
214983
214984
214985
214986
214987
214988
214989
214990
214991
214992
214993
214994
214995
214996
214997
214998
214999
215000
215941
215942
215943
215944
215945
215946
215947
215948
215949
215950
215951
215952
215953
215954
215955
215956
215957
215958
215959
215960
216901
216902
216903
216904
216905
216906
216907
216908
216909
216910
216911
216912
216913
216914
216915
216916
216917
216918
216919
216920
217861
217862
217863
217864
217865
217866
217867
217868
217869
217870
217871
217872
217873
217874
217875
217876
217877
217878
217879
217880
218821
218822
218823
218824
218825
218826
218827
218828
218829
218830
218831
218832
218833
218834
218835
218836
218837
218838
218839
218840
219781
219782
219783
219784
219785
219786
219787
219788
219789
219790
219791
219792
219793
219794
219795
219796
219797
219798
219799
219800
220741
220742
220743
220744
220745
220746
220747
220748
220749
220750
220751
220752
220753
220754
220755
220756
220757
220758
220759
220760
221701
221702
221703
221704
221705
221706
221707
221708
221709
221710
221711
221712
221713
221714
221715
221716
221717
221718
221719
221720
222661
222662
222663
222664
222665
222666
222667
222668
222669
222670
222671
222672
222673
222674
222675
222676
222677
222678
222679
222680
223621
223622
223623
223624
223625
223626
223627
223628
223629
223630
223631
223632
223633
223634
223635
223636
223637
223638
223639
223640
224581
224582
224583
224584
224585
224586
224587
224588
224589
224590
224591
224592
224593
224594
224595
224596
224597
224598
224599
224600
225541
225542
225543
225544
225545
225546
225547
225548
225549
225550
225551
225552
225553
225554
225555
225556
225557
225558
225559
225560
226501
226502
226503
226504
226505
226506
226507
226508
226509
226510
226511
226512
226513
226514
226515
226516
226517
226518
226519
226520
227461
227462
227463
227464
227465
227466
227467
227468
227469
227470
227471
227472
227473
227474
227475
227476
227477
227478
227479
227480
228421
228422
228423
228424
228425
228426
228427
228428
228429
228430
228431
228432
228433
228434
228435
228436
228437
228438
228439
228440
229381
229382
229383
229384
229385
229386
229387
229388
229389
229390
229391
229392
229393
229394
229395
229396
229397
229398
229399
229400
230341
230342
230343
230344
230345
230346
230347
230348
230349
230350
230351
230352
230353
230354
230355
230356
230357
230358
230359
230360
231839
231840
231841
231842
231843
231844
231845
231846
231847
231848
231849
231850
231851
231852
231853
231854
231855
231856
231857
231858
232799
232800
232801
232802
232803
232804
232805
232806
232807
232808
232809
232810
232811
232812
232813
232814
232815
232816
232817
232818
233759
233760
233761
233762
233763
233764
233765
233766
233767
233768
233769
233770
233771
233772
233773
233774
233775
233776
233777
233778
234719
234720
234721
234722
234723
234724
234725
234726
234727
234728
234729
234730
234731
234732
234733
234734
234735
234736
234737
234738
235679
235680
235681
235682
235683
235684
235685
235686
235687
235688
235689
235690
235691
235692
235693
235694
235695
235696
235697
235698
236639
236640
236641
236642
236643
236644
236645
236646
236647
236648
236649
236650
236651
236652
236653
236654
236655
236656
236657
236658
237599
237600
237601
237602
237603
237604
237605
237606
237607
237608
237609
237610
237611
237612
237613
237614
237615
237616
237617
237618
238559
238560
238561
238562
238563
238564
238565
238566
238567
238568
238569
238570
238571
238572
238573
238574
238575
238576
238577
238578
239519
239520
239521
239522
239523
239524
239525
239526
239527
239528
239529
239530
239531
239532
239533
239534
239535
239536
239537
239538
240479
240480
240481
240482
240483
240484
240485
240486
240487
240488
240489
240490
240491
240492
240493
240494
240495
240496
240497
240498
241439
241440
241441
241442
241443
241444
241445
241446
241447
241448
241449
241450
241451
241452
241453
241454
241455
241456
241457
241458
242399
242400
242401
242402
242403
242404
242405
242406
242407
242408
242409
242410
242411
242412
242413
242414
242415
242416
242417
242418
243359
243360
243361
243362
243363
243364
243365
243366
243367
243368
243369
243370
243371
243372
243373
243374
243375
243376
243377
243378
244319
244320
244321
244322
244323
244324
244325
244326
244327
244328
244329
244330
244331
244332
244333
244334
244335
244336
244337
244338
245278
245279
245280
245281
245282
245283
245284
245285
245286
245287
245288
245289
245290
245291
245292
245293
245294
245295
245296
245297
245298
246238
246239
246240
246241
246242
246243
246244
246245
246246
246247
246248
246249
246250
246251
246252
246253
246254
246255
246256
246257
246258
247198
247199
247200
247201
247202
247203
247204
247205
247206
247207
247208
247209
247210
247211
247212
247213
247214
247215
247216
247217
247218
248158
248159
248160
248161
248162
248163
248164
248165
248166
248167
248168
248169
248170
248171
248172
248173
248174
248175
248176
248177
248178
249118
249119
249120
249121
249122
249123
249124
249125
249126
249127
249128
249129
249130
249131
249132
249133
249134
249135
249136
249137
249138
250078
250079
250080
250081
250082
250083
250084
250085
250086
250087
250088
250089
250090
250091
250092
250093
250094
250095
250096
250097
250098
251038
251039
251040
251041
251042
251043
251044
251045
251046
251047
251048
251049
251050
251051
251052
251053
251054
251055
251056
251057
251058
251998
251999
252000
252001
252002
252003
252004
252005
252006
252007
252008
252009
252010
252011
252012
252013
252014
252015
252016
252017
252018
252958
252959
252960
252961
252962
252963
252964
252965
252966
252967
252968
252969
252970
252971
252972
252973
252974
252975
252976
252977
252978
253918
253919
253920
253921
253922
253923
253924
253925
253926
253927
253928
253929
253930
253931
253932
253933
253934
253935
253936
253937
253938
254878
254879
254880
254881
254882
254883
254884
254885
254886
254887
254888
254889
254890
254891
254892
254893
254894
254895
254896
254897
254898
255838
255839
255840
255841
255842
255843
255844
255845
255846
255847
255848
255849
255850
255851
255852
255853
255854
255855
255856
255857
256798
256799
256800
256801
256802
256803
256804
256805
256806
256807
256808
256809
256810
256811
256812
256813
256814
256815
256816
256817
257758
257759
257760
257761
257762
257763
257764
257765
257766
257767
257768
257769
257770
257771
257772
257773
257774
257775
257776
257777
258718
258719
258720
258721
258722
258723
258724
258725
258726
258727
258728
258729
258730
258731
258732
258733
258734
258735
258736
258737
259678
259679
259680
259681
259682
259683
259684
259685
259686
259687
259688
259689
259690
259691
259692
259693
259694
259695
259696
259697
260638
260639
260640
260641
260642
260643
260644
260645
260646
260647
260648
260649
260650
260651
260652
260653
260654
260655
260656
260657
261598
261599
261600
261601
261602
261603
261604
261605
261606
261607
261608
261609
261610
261611
261612
261613
261614
261615
261616
261617
262558
262559
262560
262561
262562
262563
262564
262565
262566
262567
262568
262569
262570
262571
262572
262573
262574
262575
262576
262577
263518
263519
263520
263521
263522
263523
263524
263525
263526
263527
263528
263529
263530
263531
263532
263533
263534
263535
263536
263537
264478
264479
264480
264481
264482
264483
264484
264485
264486
264487
264488
264489
264490
264491
264492
264493
264494
264495
264496
264497
265438
265439
265440
265441
265442
265443
265444
265445
265446
265447
265448
265449
265450
265451
265452
265453
265454
265455
265456
265457
266398
266399
266400
266401
266402
266403
266404
266405
266406
266407
266408
266409
266410
266411
266412
266413
266414
266415
266416
266417
267358
267359
267360
267361
267362
267363
267364
267365
267366
267367
267368
267369
267370
267371
267372
267373
267374
267375
267376
267377
268318
268319
268320
268321
268322
268323
268324
268325
268326
268327
268328
268329
268330
268331
268332
268333
268334
268335
268336
268337
269278
269279
269280
269281
269282
269283
269284
269285
269286
269287
269288
269289
269290
269291
269292
269293
269294
269295
269296
269297
270238
270239
270240
270241
270242
270243
270244
270245
270246
270247
270248
270249
270250
270251
270252
270253
270254
270255
270256
270257
271198
271199
271200
271201
271202
271203
271204
271205
271206
271207
271208
271209
271210
271211
271212
271213
271214
271215
271216
271217
272158
272159
272160
272161
272162
272163
272164
272165
272166
272167
272168
272169
272170
272171
272172
272173
272174
272175
272176
272177
273118
273119
273120
273121
273122
273123
273124
273125
273126
273127
273128
273129
273130
273131
273132
273133
273134
273135
273136
273137
274078
274079
274080
274081
274082
274083
274084
274085
274086
274087
274088
274089
274090
274091
274092
274093
274094
274095
274096
274097
275038
275039
275040
275041
275042
275043
275044
275045
275046
275047
275048
275049
275050
275051
275052
275053
275054
275055
275056
275057
275998
275999
276000
276001
276002
276003
276004
276005
276006
276007
276008
276009
276010
276011
276012
276013
276014
276015
276016
276017
276958
276959
276960
276961
276962
276963
276964
276965
276966
276967
276968
276969
276970
276971
276972
276973
276974
276975
276976
276977
277918
277919
277920
277921
277922
277923
277924
277925
277926
277927
277928
277929
277930
277931
277932
277933
277934
277935
277936
277937
278878
278879
278880
278881
278882
278883
278884
278885
278886
278887
278888
278889
278890
278891
278892
278893
278894
278895
278896
278897
279838
279839
279840
279841
279842
279843
279844
279845
279846
279847
279848
279849
279850
279851
279852
279853
279854
279855
279856
279857
280798
280799
280800
280801
280802
280803
280804
280805
280806
280807
280808
280809
280810
280811
280812
280813
280814
280815
280816
280817
281758
281759
281760
281761
281762
281763
281764
281765
281766
281767
281768
281769
281770
281771
281772
281773
281774
281775
281776
281777
282718
282719
282720
282721
282722
282723
282724
282725
282726
282727
282728
282729
282730
282731
282732
282733
282734
282735
282736
282737
283678
283679
283680
283681
283682
283683
283684
283685
283686
283687
283688
283689
283690
283691
283692
283693
283694
283695
283696
283697
284638
284639
284640
284641
284642
284643
284644
284645
284646
284647
284648
284649
284650
284651
284652
284653
284654
284655
284656
284657
285598
285599
285600
285601
285602
285603
285604
285605
285606
285607
285608
285609
285610
285611
285612
285613
285614
285615
285616
285617
286558
286559
286560
286561
286562
286563
286564
286565
286566
286567
286568
286569
286570
286571
286572
286573
286574
286575
286576
286577
287518
287519
287520
287521
287522
287523
287524
287525
287526
287527
287528
287529
287530
287531
287532
287533
287534
287535
287536
287537
288478
288479
288480
288481
288482
288483
288484
288485
288486
288487
288488
288489
288490
288491
288492
288493
288494
288495
288496
288497
289438
289439
289440
289441
289442
289443
289444
289445
289446
289447
289448
289449
289450
289451
289452
289453
289454
289455
289456
289457
290398
290399
290400
290401
290402
290403
290404
290405
290406
290407
290408
290409
290410
290411
290412
290413
290414
290415
290416
290417
291358
291359
291360
291361
291362
291363
291364
291365
291366
291367
291368
291369
291370
291371
291372
291373
291374
291375
291376
291377
292318
292319
292320
292321
292322
292323
292324
292325
292326
292327
292328
292329
292330
292331
292332
292333
292334
292335
292336
292337
293278
293279
293280
293281
293282
293283
293284
293285
293286
293287
293288
293289
293290
293291
293292
293293
293294
293295
293296
293297
294238
294239
294240
294241
294242
294243
294244
294245
294246
294247
294248
294249
294250
294251
294252
294253
294254
294255
294256
294257
295198
295199
295200
295201
295202
295203
295204
295205
295206
295207
295208
295209
295210
295211
295212
295213
295214
295215
295216
295217
296158
296159
296160
296161
296162
296163
296164
296165
296166
296167
296168
296169
296170
296171
296172
296173
296174
296175
296176
296177
297118
297119
297120
297121
297122
297123
297124
297125
297126
297127
297128
297129
297130
297131
297132
297133
297134
297135
297136
297137
298078
298079
298080
298081
298082
298083
298084
298085
298086
298087
298088
298089
298090
298091
298092
298093
298094
298095
298096
298097
299038
299039
299040
299041
299042
299043
299044
299045
299046
299047
299048
299049
299050
299051
299052
299053
299054
299055
299056
299057
299998
299999
300000
300001
300002
300003
300004
300005
300006
300007
300008
300009
300010
300011
300012
300013
300014
300015
300016
300017
300958
300959
300960
300961
300962
300963
300964
300965
300966
300967
300968
300969
300970
300971
300972
300973
300974
300975
300976
300977
301918
301919
301920
301921
301922
301923
301924
301925
301926
301927
301928
301929
301930
301931
301932
301933
301934
301935
301936
301937
302878
302879
302880
302881
302882
302883
302884
302885
302886
302887
302888
302889
302890
302891
302892
302893
302894
302895
302896
302897
303838
303839
303840
303841
303842
303843
303844
303845
303846
303847
303848
303849
303850
303851
303852
303853
303854
303855
303856
303857
304798
304799
304800
304801
304802
304803
304804
304805
304806
304807
304808
304809
304810
304811
304812
304813
304814
304815
304816
304817
305758
305759
305760
305761
305762
305763
305764
305765
305766
305767
305768
305769
305770
305771
305772
305773
305774
305775
305776
305777
306718
306719
306720
306721
306722
306723
306724
306725
306726
306727
306728
306729
306730
306731
306732
306733
306734
306735
306736
306737
307678
307679
307680
307681
307682
307683
307684
307685
307686
307687
307688
307689
307690
307691
307692
307693
307694
307695
307696
307697
309335
309336
309337
309338
309339
309340
309341
309342
309343
309344
309345
309346
309347
309348
309349
309350
309351
309352
309353
309354
-1680
-3600
-5520
-7440
-9360
-11280
-13200
-15119
-17038
-18957
-20876
-22795
-24714
-26633
-26634
-28550
-30469
-32388
-34307
-36226
-38145
-40064
-41983
-43902
-45821
-47740
-49659
-51578
-53497
-55416
-57335
-59254
-61173
-63092
-65011
-66930
-68849
-70768
-72687
-74606
-76526
-78446
-80366
-82286
-84206
-86126
-88046
-89966
-91886
-93805
-95724
-97643
-99562
-101481
-103400
-105319
-107238
-109157
-111076
-112995
-114914
-116833
-118752
-120671
-122590
-124509
-126428
-128347
-130266
-132185
-134104
-136023
-137942
-139861
-141780
-143699
-145618
-147537
-149456
-151375
-152456
1720
3640
5560
7480
9400
11320
13240
15159
17078
18997
20916
22835
24754
26673
28592
30511
32430
34349
36268
38187
40106
42025
43944
45863
47782
47783
49699
51618
53537
55456
57375
59294
61213
63132
65051
66970
68889
70808
72727
74646
76566
78486
80406
82326
84246
86166
88086
90006
91926
93845
95764
97683
99602
101521
103440
105359
107278
109197
111116
113035
114954
116873
118792
120711
122630
124549
126468
128387
130306
132225
134144
136063
137982
139901
141820
143739
145658
147577
149496
151415
152476
)


// ************************************************************************* //
