/*--------------------------------*- C++ -*----------------------------------*\
| =========                 |                                                 |
| \\      /  F ield         | OpenFOAM: The Open Source CFD Toolbox           |
|  \\    /   O peration     | Version:  2.3.0                                 |
|   \\  /    A nd           | Web:      www.OpenFOAM.org                      |
|    \\/     M anipulation  |                                                 |
\*---------------------------------------------------------------------------*/
FoamFile
{
    version     2.0;
    format      ascii;
    class       labelList;
    location    "constant/polyMesh";
    object      faceProcAddressing;
}
// * * * * * * * * * * * * * * * * * * * * * * * * * * * * * * * * * * * * * //


6525
(
554
555
556
557
558
559
560
561
562
563
564
565
566
567
568
569
570
571
572
573
574
575
576
577
578
579
580
581
582
583
584
585
586
587
588
589
590
591
593
2474
2475
2476
2477
2478
2479
2480
2481
2482
2483
2484
2485
2486
2487
2488
2489
2490
2491
2492
2493
2494
2495
2496
2497
2498
2499
2500
2501
2502
2503
2504
2505
2506
2507
2508
2509
2510
2511
2513
4394
4395
4396
4397
4398
4399
4400
4401
4402
4403
4404
4405
4406
4407
4408
4409
4410
4411
4412
4413
4414
4415
4416
4417
4418
4419
4420
4421
4422
4423
4424
4425
4426
4427
4428
4429
4430
4431
4433
6314
6315
6316
6317
6318
6319
6320
6321
6322
6323
6324
6325
6326
6327
6328
6329
6330
6331
6332
6333
6334
6335
6336
6337
6338
6339
6340
6341
6342
6343
6344
6345
6346
6347
6348
6349
6350
6351
6353
8234
8235
8236
8237
8238
8239
8240
8241
8242
8243
8244
8245
8246
8247
8248
8249
8250
8251
8252
8253
8254
8255
8256
8257
8258
8259
8260
8261
8262
8263
8264
8265
8266
8267
8268
8269
8270
8271
8273
10154
10155
10156
10157
10158
10159
10160
10161
10162
10163
10164
10165
10166
10167
10168
10169
10170
10171
10172
10173
10174
10175
10176
10177
10178
10179
10180
10181
10182
10183
10184
10185
10186
10187
10188
10189
10190
10191
10193
12074
12075
12076
12077
12078
12079
12080
12081
12082
12083
12084
12085
12086
12087
12088
12089
12090
12091
12092
12093
12094
12095
12096
12097
12098
12099
12100
12101
12102
12103
12104
12105
12106
12107
12108
12109
12110
12111
12113
13993
13994
13995
13996
13997
13998
13999
14000
14001
14002
14003
14004
14005
14006
14007
14008
14009
14010
14011
14012
14013
14014
14015
14016
14017
14018
14019
14020
14021
14022
14023
14024
14025
14026
14027
14028
14029
14030
14032
15912
15913
15914
15915
15916
15917
15918
15919
15920
15921
15922
15923
15924
15925
15926
15927
15928
15929
15930
15931
15932
15933
15934
15935
15936
15937
15938
15939
15940
15941
15942
15943
15944
15945
15946
15947
15948
15949
15951
17831
17832
17833
17834
17835
17836
17837
17838
17839
17840
17841
17842
17843
17844
17845
17846
17847
17848
17849
17850
17851
17852
17853
17854
17855
17856
17857
17858
17859
17860
17861
17862
17863
17864
17865
17866
17867
17868
17870
19750
19751
19752
19753
19754
19755
19756
19757
19758
19759
19760
19761
19762
19763
19764
19765
19766
19767
19768
19769
19770
19771
19772
19773
19774
19775
19776
19777
19778
19779
19780
19781
19782
19783
19784
19785
19786
19787
19789
21669
21670
21671
21672
21673
21674
21675
21676
21677
21678
21679
21680
21681
21682
21683
21684
21685
21686
21687
21688
21689
21690
21691
21692
21693
21694
21695
21696
21697
21698
21699
21700
21701
21702
21703
21704
21705
21706
21708
23588
23589
23590
23591
23592
23593
23594
23595
23596
23597
23598
23599
23600
23601
23602
23603
23604
23605
23606
23607
23608
23609
23610
23611
23612
23613
23614
23615
23616
23617
23618
23619
23620
23621
23622
23623
23624
23625
23627
25507
25508
25509
25510
25511
25512
25513
25514
25515
25516
25517
25518
25519
25520
25521
25522
25523
25524
25525
25526
25527
25528
25529
25530
25531
25532
25533
25534
25535
25536
25537
25538
25539
25540
25541
25542
25543
25544
25546
27426
27427
27428
27429
27430
27431
27432
27433
27434
27435
27436
27437
27438
27439
27440
27441
27442
27443
27444
27445
27446
27447
27448
27449
27450
27451
27452
27453
27454
27455
27456
27457
27458
27459
27460
27461
27462
27463
27465
29345
29346
29347
29348
29349
29350
29351
29352
29353
29354
29355
29356
29357
29358
29359
29360
29361
29362
29363
29364
29365
29366
29367
29368
29369
29370
29371
29372
29373
29374
29375
29376
29377
29378
29379
29380
29381
29382
29384
31264
31265
31266
31267
31268
31269
31270
31271
31272
31273
31274
31275
31276
31277
31278
31279
31280
31281
31282
31283
31284
31285
31286
31287
31288
31289
31290
31291
31292
31293
31294
31295
31296
31297
31298
31299
31300
31301
31303
33183
33184
33185
33186
33187
33188
33189
33190
33191
33192
33193
33194
33195
33196
33197
33198
33199
33200
33201
33202
33203
33204
33205
33206
33207
33208
33209
33210
33211
33212
33213
33214
33215
33216
33217
33218
33219
33220
33222
35102
35103
35104
35105
35106
35107
35108
35109
35110
35111
35112
35113
35114
35115
35116
35117
35118
35119
35120
35121
35122
35123
35124
35125
35126
35127
35128
35129
35130
35131
35132
35133
35134
35135
35136
35137
35138
35139
35141
37021
37022
37023
37024
37025
37026
37027
37028
37029
37030
37031
37032
37033
37034
37035
37036
37037
37038
37039
37040
37041
37042
37043
37044
37045
37046
37047
37048
37049
37050
37051
37052
37053
37054
37055
37056
37057
37058
37060
38940
38941
38942
38943
38944
38945
38946
38947
38948
38949
38950
38951
38952
38953
38954
38955
38956
38957
38958
38959
38960
38961
38962
38963
38964
38965
38966
38967
38968
38969
38970
38971
38972
38973
38974
38975
38976
38977
38979
40859
40860
40861
40862
40863
40864
40865
40866
40867
40868
40869
40870
40871
40872
40873
40874
40875
40876
40877
40878
40879
40880
40881
40882
40883
40884
40885
40886
40887
40888
40889
40890
40891
40892
40893
40894
40895
40896
40898
42778
42779
42780
42781
42782
42783
42784
42785
42786
42787
42788
42789
42790
42791
42792
42793
42794
42795
42796
42797
42798
42799
42800
42801
42802
42803
42804
42805
42806
42807
42808
42809
42810
42811
42812
42813
42814
42815
42817
44697
44698
44699
44700
44701
44702
44703
44704
44705
44706
44707
44708
44709
44710
44711
44712
44713
44714
44715
44716
44717
44718
44719
44720
44721
44722
44723
44724
44725
44726
44727
44728
44729
44730
44731
44732
44733
44734
44736
46616
46617
46618
46619
46620
46621
46622
46623
46624
46625
46626
46627
46628
46629
46630
46631
46632
46633
46634
46635
46636
46637
46638
46639
46640
46641
46642
46643
46644
46645
46646
46647
46648
46649
46650
46651
46652
46653
46655
48535
48536
48537
48538
48539
48540
48541
48542
48543
48544
48545
48546
48547
48548
48549
48550
48551
48552
48553
48554
48555
48556
48557
48558
48559
48560
48561
48562
48563
48564
48565
48566
48567
48568
48569
48570
48571
48572
48574
50452
50453
50454
50455
50456
50457
50458
50459
50460
50461
50462
50463
50464
50465
50466
50467
50468
50469
50470
50471
50472
50473
50474
50475
50476
50477
50478
50479
50480
50481
50482
50483
50484
50485
50486
50487
50488
50489
50490
50491
50493
52371
52372
52373
52374
52375
52376
52377
52378
52379
52380
52381
52382
52383
52384
52385
52386
52387
52388
52389
52390
52391
52392
52393
52394
52395
52396
52397
52398
52399
52400
52401
52402
52403
52404
52405
52406
52407
52408
52409
52410
52412
54290
54291
54292
54293
54294
54295
54296
54297
54298
54299
54300
54301
54302
54303
54304
54305
54306
54307
54308
54309
54310
54311
54312
54313
54314
54315
54316
54317
54318
54319
54320
54321
54322
54323
54324
54325
54326
54327
54328
54329
54331
56209
56210
56211
56212
56213
56214
56215
56216
56217
56218
56219
56220
56221
56222
56223
56224
56225
56226
56227
56228
56229
56230
56231
56232
56233
56234
56235
56236
56237
56238
56239
56240
56241
56242
56243
56244
56245
56246
56247
56248
56250
58128
58129
58130
58131
58132
58133
58134
58135
58136
58137
58138
58139
58140
58141
58142
58143
58144
58145
58146
58147
58148
58149
58150
58151
58152
58153
58154
58155
58156
58157
58158
58159
58160
58161
58162
58163
58164
58165
58166
58167
58169
60047
60048
60049
60050
60051
60052
60053
60054
60055
60056
60057
60058
60059
60060
60061
60062
60063
60064
60065
60066
60067
60068
60069
60070
60071
60072
60073
60074
60075
60076
60077
60078
60079
60080
60081
60082
60083
60084
60085
60086
60088
61966
61967
61968
61969
61970
61971
61972
61973
61974
61975
61976
61977
61978
61979
61980
61981
61982
61983
61984
61985
61986
61987
61988
61989
61990
61991
61992
61993
61994
61995
61996
61997
61998
61999
62000
62001
62002
62003
62004
62005
62007
63885
63886
63887
63888
63889
63890
63891
63892
63893
63894
63895
63896
63897
63898
63899
63900
63901
63902
63903
63904
63905
63906
63907
63908
63909
63910
63911
63912
63913
63914
63915
63916
63917
63918
63919
63920
63921
63922
63923
63924
63926
65804
65805
65806
65807
65808
65809
65810
65811
65812
65813
65814
65815
65816
65817
65818
65819
65820
65821
65822
65823
65824
65825
65826
65827
65828
65829
65830
65831
65832
65833
65834
65835
65836
65837
65838
65839
65840
65841
65842
65843
65845
67723
67724
67725
67726
67727
67728
67729
67730
67731
67732
67733
67734
67735
67736
67737
67738
67739
67740
67741
67742
67743
67744
67745
67746
67747
67748
67749
67750
67751
67752
67753
67754
67755
67756
67757
67758
67759
67760
67761
67762
67764
69642
69643
69644
69645
69646
69647
69648
69649
69650
69651
69652
69653
69654
69655
69656
69657
69658
69659
69660
69661
69662
69663
69664
69665
69666
69667
69668
69669
69670
69671
69672
69673
69674
69675
69676
69677
69678
69679
69680
69681
71561
71562
71563
71564
71565
71566
71567
71568
71569
71570
71571
71572
71573
71574
71575
71576
71577
71578
71579
71580
71581
71582
71583
71584
71585
71586
71587
71588
71589
71590
71591
71592
71593
71594
71595
71596
71597
71598
71600
73480
73481
73482
73483
73484
73485
73486
73487
73488
73489
73490
73491
73492
73493
73494
73495
73496
73497
73498
73499
73500
73501
73502
73503
73504
73505
73506
73507
73508
73509
73510
73511
73512
73513
73514
73515
73516
73517
73519
75400
75401
75402
75403
75404
75405
75406
75407
75408
75409
75410
75411
75412
75413
75414
75415
75416
75417
75418
75419
75420
75421
75422
75423
75424
75425
75426
75427
75428
75429
75430
75431
75432
75433
75434
75435
75436
75437
75439
77320
77321
77322
77323
77324
77325
77326
77327
77328
77329
77330
77331
77332
77333
77334
77335
77336
77337
77338
77339
77340
77341
77342
77343
77344
77345
77346
77347
77348
77349
77350
77351
77352
77353
77354
77355
77356
77357
77359
79240
79241
79242
79243
79244
79245
79246
79247
79248
79249
79250
79251
79252
79253
79254
79255
79256
79257
79258
79259
79260
79261
79262
79263
79264
79265
79266
79267
79268
79269
79270
79271
79272
79273
79274
79275
79276
79277
79279
81160
81161
81162
81163
81164
81165
81166
81167
81168
81169
81170
81171
81172
81173
81174
81175
81176
81177
81178
81179
81180
81181
81182
81183
81184
81185
81186
81187
81188
81189
81190
81191
81192
81193
81194
81195
81196
81197
81199
83080
83081
83082
83083
83084
83085
83086
83087
83088
83089
83090
83091
83092
83093
83094
83095
83096
83097
83098
83099
83100
83101
83102
83103
83104
83105
83106
83107
83108
83109
83110
83111
83112
83113
83114
83115
83116
83117
83119
85000
85001
85002
85003
85004
85005
85006
85007
85008
85009
85010
85011
85012
85013
85014
85015
85016
85017
85018
85019
85020
85021
85022
85023
85024
85025
85026
85027
85028
85029
85030
85031
85032
85033
85034
85035
85036
85037
85039
86920
86921
86922
86923
86924
86925
86926
86927
86928
86929
86930
86931
86932
86933
86934
86935
86936
86937
86938
86939
86940
86941
86942
86943
86944
86945
86946
86947
86948
86949
86950
86951
86952
86953
86954
86955
86956
86957
86959
88840
88841
88842
88843
88844
88845
88846
88847
88848
88849
88850
88851
88852
88853
88854
88855
88856
88857
88858
88859
88860
88861
88862
88863
88864
88865
88866
88867
88868
88869
88870
88871
88872
88873
88874
88875
88876
88877
88879
90760
90761
90762
90763
90764
90765
90766
90767
90768
90769
90770
90771
90772
90773
90774
90775
90776
90777
90778
90779
90780
90781
90782
90783
90784
90785
90786
90787
90788
90789
90790
90791
90792
90793
90794
90795
90796
90797
90799
92679
92680
92681
92682
92683
92684
92685
92686
92687
92688
92689
92690
92691
92692
92693
92694
92695
92696
92697
92698
92699
92700
92701
92702
92703
92704
92705
92706
92707
92708
92709
92710
92711
92712
92713
92714
92715
92716
92718
94598
94599
94600
94601
94602
94603
94604
94605
94606
94607
94608
94609
94610
94611
94612
94613
94614
94615
94616
94617
94618
94619
94620
94621
94622
94623
94624
94625
94626
94627
94628
94629
94630
94631
94632
94633
94634
94635
94637
96517
96518
96519
96520
96521
96522
96523
96524
96525
96526
96527
96528
96529
96530
96531
96532
96533
96534
96535
96536
96537
96538
96539
96540
96541
96542
96543
96544
96545
96546
96547
96548
96549
96550
96551
96552
96553
96554
96556
98436
98437
98438
98439
98440
98441
98442
98443
98444
98445
98446
98447
98448
98449
98450
98451
98452
98453
98454
98455
98456
98457
98458
98459
98460
98461
98462
98463
98464
98465
98466
98467
98468
98469
98470
98471
98472
98473
98475
100355
100356
100357
100358
100359
100360
100361
100362
100363
100364
100365
100366
100367
100368
100369
100370
100371
100372
100373
100374
100375
100376
100377
100378
100379
100380
100381
100382
100383
100384
100385
100386
100387
100388
100389
100390
100391
100392
100394
102274
102275
102276
102277
102278
102279
102280
102281
102282
102283
102284
102285
102286
102287
102288
102289
102290
102291
102292
102293
102294
102295
102296
102297
102298
102299
102300
102301
102302
102303
102304
102305
102306
102307
102308
102309
102310
102311
102313
104193
104194
104195
104196
104197
104198
104199
104200
104201
104202
104203
104204
104205
104206
104207
104208
104209
104210
104211
104212
104213
104214
104215
104216
104217
104218
104219
104220
104221
104222
104223
104224
104225
104226
104227
104228
104229
104230
104232
106112
106113
106114
106115
106116
106117
106118
106119
106120
106121
106122
106123
106124
106125
106126
106127
106128
106129
106130
106131
106132
106133
106134
106135
106136
106137
106138
106139
106140
106141
106142
106143
106144
106145
106146
106147
106148
106149
106151
108031
108032
108033
108034
108035
108036
108037
108038
108039
108040
108041
108042
108043
108044
108045
108046
108047
108048
108049
108050
108051
108052
108053
108054
108055
108056
108057
108058
108059
108060
108061
108062
108063
108064
108065
108066
108067
108068
108070
109950
109951
109952
109953
109954
109955
109956
109957
109958
109959
109960
109961
109962
109963
109964
109965
109966
109967
109968
109969
109970
109971
109972
109973
109974
109975
109976
109977
109978
109979
109980
109981
109982
109983
109984
109985
109986
109987
109989
111869
111870
111871
111872
111873
111874
111875
111876
111877
111878
111879
111880
111881
111882
111883
111884
111885
111886
111887
111888
111889
111890
111891
111892
111893
111894
111895
111896
111897
111898
111899
111900
111901
111902
111903
111904
111905
111906
111908
113788
113789
113790
113791
113792
113793
113794
113795
113796
113797
113798
113799
113800
113801
113802
113803
113804
113805
113806
113807
113808
113809
113810
113811
113812
113813
113814
113815
113816
113817
113818
113819
113820
113821
113822
113823
113824
113825
113827
115707
115708
115709
115710
115711
115712
115713
115714
115715
115716
115717
115718
115719
115720
115721
115722
115723
115724
115725
115726
115727
115728
115729
115730
115731
115732
115733
115734
115735
115736
115737
115738
115739
115740
115741
115742
115743
115744
115746
117626
117627
117628
117629
117630
117631
117632
117633
117634
117635
117636
117637
117638
117639
117640
117641
117642
117643
117644
117645
117646
117647
117648
117649
117650
117651
117652
117653
117654
117655
117656
117657
117658
117659
117660
117661
117662
117663
117665
119545
119546
119547
119548
119549
119550
119551
119552
119553
119554
119555
119556
119557
119558
119559
119560
119561
119562
119563
119564
119565
119566
119567
119568
119569
119570
119571
119572
119573
119574
119575
119576
119577
119578
119579
119580
119581
119582
119584
121464
121465
121466
121467
121468
121469
121470
121471
121472
121473
121474
121475
121476
121477
121478
121479
121480
121481
121482
121483
121484
121485
121486
121487
121488
121489
121490
121491
121492
121493
121494
121495
121496
121497
121498
121499
121500
121501
121503
123383
123384
123385
123386
123387
123388
123389
123390
123391
123392
123393
123394
123395
123396
123397
123398
123399
123400
123401
123402
123403
123404
123405
123406
123407
123408
123409
123410
123411
123412
123413
123414
123415
123416
123417
123418
123419
123420
123422
125302
125303
125304
125305
125306
125307
125308
125309
125310
125311
125312
125313
125314
125315
125316
125317
125318
125319
125320
125321
125322
125323
125324
125325
125326
125327
125328
125329
125330
125331
125332
125333
125334
125335
125336
125337
125338
125339
125341
127221
127222
127223
127224
127225
127226
127227
127228
127229
127230
127231
127232
127233
127234
127235
127236
127237
127238
127239
127240
127241
127242
127243
127244
127245
127246
127247
127248
127249
127250
127251
127252
127253
127254
127255
127256
127257
127258
127260
129140
129141
129142
129143
129144
129145
129146
129147
129148
129149
129150
129151
129152
129153
129154
129155
129156
129157
129158
129159
129160
129161
129162
129163
129164
129165
129166
129167
129168
129169
129170
129171
129172
129173
129174
129175
129176
129177
129179
131059
131060
131061
131062
131063
131064
131065
131066
131067
131068
131069
131070
131071
131072
131073
131074
131075
131076
131077
131078
131079
131080
131081
131082
131083
131084
131085
131086
131087
131088
131089
131090
131091
131092
131093
131094
131095
131096
131098
132978
132979
132980
132981
132982
132983
132984
132985
132986
132987
132988
132989
132990
132991
132992
132993
132994
132995
132996
132997
132998
132999
133000
133001
133002
133003
133004
133005
133006
133007
133008
133009
133010
133011
133012
133013
133014
133015
133017
134897
134898
134899
134900
134901
134902
134903
134904
134905
134906
134907
134908
134909
134910
134911
134912
134913
134914
134915
134916
134917
134918
134919
134920
134921
134922
134923
134924
134925
134926
134927
134928
134929
134930
134931
134932
134933
134934
134936
136816
136817
136818
136819
136820
136821
136822
136823
136824
136825
136826
136827
136828
136829
136830
136831
136832
136833
136834
136835
136836
136837
136838
136839
136840
136841
136842
136843
136844
136845
136846
136847
136848
136849
136850
136851
136852
136853
136855
138735
138736
138737
138738
138739
138740
138741
138742
138743
138744
138745
138746
138747
138748
138749
138750
138751
138752
138753
138754
138755
138756
138757
138758
138759
138760
138761
138762
138763
138764
138765
138766
138767
138768
138769
138770
138771
138772
138774
140654
140655
140656
140657
140658
140659
140660
140661
140662
140663
140664
140665
140666
140667
140668
140669
140670
140671
140672
140673
140674
140675
140676
140677
140678
140679
140680
140681
140682
140683
140684
140685
140686
140687
140688
140689
140690
140691
140693
142573
142574
142575
142576
142577
142578
142579
142580
142581
142582
142583
142584
142585
142586
142587
142588
142589
142590
142591
142592
142593
142594
142595
142596
142597
142598
142599
142600
142601
142602
142603
142604
142605
142606
142607
142608
142609
142610
142612
144492
144493
144494
144495
144496
144497
144498
144499
144500
144501
144502
144503
144504
144505
144506
144507
144508
144509
144510
144511
144512
144513
144514
144515
144516
144517
144518
144519
144520
144521
144522
144523
144524
144525
144526
144527
144528
144529
144531
146411
146412
146413
146414
146415
146416
146417
146418
146419
146420
146421
146422
146423
146424
146425
146426
146427
146428
146429
146430
146431
146432
146433
146434
146435
146436
146437
146438
146439
146440
146441
146442
146443
146444
146445
146446
146447
146448
146450
148330
148331
148332
148333
148334
148335
148336
148337
148338
148339
148340
148341
148342
148343
148344
148345
148346
148347
148348
148349
148350
148351
148352
148353
148354
148355
148356
148357
148358
148359
148360
148361
148362
148363
148364
148365
148366
148367
148369
150249
150250
150251
150252
150253
150254
150255
150256
150257
150258
150259
150260
150261
150262
150263
150264
150265
150266
150267
150268
150269
150270
150271
150272
150273
150274
150275
150276
150277
150278
150279
150280
150281
150282
150283
150284
150285
150286
150288
151893
151894
151895
151896
151897
151898
151899
151900
151901
151902
151903
151904
151905
151906
151907
151908
151909
151910
151911
153938
153939
153940
153941
153942
153943
153944
153945
153946
153947
153948
153949
153950
153951
153952
153953
153954
153955
153956
153957
154898
154899
154900
154901
154902
154903
154904
154905
154906
154907
154908
154909
154910
154911
154912
154913
154914
154915
154916
154917
155858
155859
155860
155861
155862
155863
155864
155865
155866
155867
155868
155869
155870
155871
155872
155873
155874
155875
155876
155877
156818
156819
156820
156821
156822
156823
156824
156825
156826
156827
156828
156829
156830
156831
156832
156833
156834
156835
156836
156837
157778
157779
157780
157781
157782
157783
157784
157785
157786
157787
157788
157789
157790
157791
157792
157793
157794
157795
157796
157797
158738
158739
158740
158741
158742
158743
158744
158745
158746
158747
158748
158749
158750
158751
158752
158753
158754
158755
158756
158757
159698
159699
159700
159701
159702
159703
159704
159705
159706
159707
159708
159709
159710
159711
159712
159713
159714
159715
159716
159717
160658
160659
160660
160661
160662
160663
160664
160665
160666
160667
160668
160669
160670
160671
160672
160673
160674
160675
160676
160677
161618
161619
161620
161621
161622
161623
161624
161625
161626
161627
161628
161629
161630
161631
161632
161633
161634
161635
161636
161637
162578
162579
162580
162581
162582
162583
162584
162585
162586
162587
162588
162589
162590
162591
162592
162593
162594
162595
162596
162597
163538
163539
163540
163541
163542
163543
163544
163545
163546
163547
163548
163549
163550
163551
163552
163553
163554
163555
163556
163557
164498
164499
164500
164501
164502
164503
164504
164505
164506
164507
164508
164509
164510
164511
164512
164513
164514
164515
164516
164517
165458
165459
165460
165461
165462
165463
165464
165465
165466
165467
165468
165469
165470
165471
165472
165473
165474
165475
165476
165477
166418
166419
166420
166421
166422
166423
166424
166425
166426
166427
166428
166429
166430
166431
166432
166433
166434
166435
166436
166437
167378
167379
167380
167381
167382
167383
167384
167385
167386
167387
167388
167389
167390
167391
167392
167393
167394
167395
167396
167397
168338
168339
168340
168341
168342
168343
168344
168345
168346
168347
168348
168349
168350
168351
168352
168353
168354
168355
168356
168357
169298
169299
169300
169301
169302
169303
169304
169305
169306
169307
169308
169309
169310
169311
169312
169313
169314
169315
169316
169317
170258
170259
170260
170261
170262
170263
170264
170265
170266
170267
170268
170269
170270
170271
170272
170273
170274
170275
170276
170277
171218
171219
171220
171221
171222
171223
171224
171225
171226
171227
171228
171229
171230
171231
171232
171233
171234
171235
171236
171237
172178
172179
172180
172181
172182
172183
172184
172185
172186
172187
172188
172189
172190
172191
172192
172193
172194
172195
172196
172197
173138
173139
173140
173141
173142
173143
173144
173145
173146
173147
173148
173149
173150
173151
173152
173153
173154
173155
173156
173157
174098
174099
174100
174101
174102
174103
174104
174105
174106
174107
174108
174109
174110
174111
174112
174113
174114
174115
174116
174117
175058
175059
175060
175061
175062
175063
175064
175065
175066
175067
175068
175069
175070
175071
175072
175073
175074
175075
175076
175077
176018
176019
176020
176021
176022
176023
176024
176025
176026
176027
176028
176029
176030
176031
176032
176033
176034
176035
176036
176037
176978
176979
176980
176981
176982
176983
176984
176985
176986
176987
176988
176989
176990
176991
176992
176993
176994
176995
176996
176997
177938
177939
177940
177941
177942
177943
177944
177945
177946
177947
177948
177949
177950
177951
177952
177953
177954
177955
177956
177957
178897
178898
178899
178900
178901
178902
178903
178904
178905
178906
178907
178908
178909
178910
178911
178912
178913
178914
178915
178916
178917
179857
179858
179859
179860
179861
179862
179863
179864
179865
179866
179867
179868
179869
179870
179871
179872
179873
179874
179875
179876
179877
180817
180818
180819
180820
180821
180822
180823
180824
180825
180826
180827
180828
180829
180830
180831
180832
180833
180834
180835
180836
180837
181777
181778
181779
181780
181781
181782
181783
181784
181785
181786
181787
181788
181789
181790
181791
181792
181793
181794
181795
181796
181797
182737
182738
182739
182740
182741
182742
182743
182744
182745
182746
182747
182748
182749
182750
182751
182752
182753
182754
182755
182756
182757
183697
183698
183699
183700
183701
183702
183703
183704
183705
183706
183707
183708
183709
183710
183711
183712
183713
183714
183715
183716
183717
184657
184658
184659
184660
184661
184662
184663
184664
184665
184666
184667
184668
184669
184670
184671
184672
184673
184674
184675
184676
184677
185617
185618
185619
185620
185621
185622
185623
185624
185625
185626
185627
185628
185629
185630
185631
185632
185633
185634
185635
185636
185637
186577
186578
186579
186580
186581
186582
186583
186584
186585
186586
186587
186588
186589
186590
186591
186592
186593
186594
186595
186596
186597
187537
187538
187539
187540
187541
187542
187543
187544
187545
187546
187547
187548
187549
187550
187551
187552
187553
187554
187555
187556
187557
188497
188498
188499
188500
188501
188502
188503
188504
188505
188506
188507
188508
188509
188510
188511
188512
188513
188514
188515
188516
188517
189457
189458
189459
189460
189461
189462
189463
189464
189465
189466
189467
189468
189469
189470
189471
189472
189473
189474
189475
189476
190417
190418
190419
190420
190421
190422
190423
190424
190425
190426
190427
190428
190429
190430
190431
190432
190433
190434
190435
190436
191377
191378
191379
191380
191381
191382
191383
191384
191385
191386
191387
191388
191389
191390
191391
191392
191393
191394
191395
191396
192337
192338
192339
192340
192341
192342
192343
192344
192345
192346
192347
192348
192349
192350
192351
192352
192353
192354
192355
192356
193297
193298
193299
193300
193301
193302
193303
193304
193305
193306
193307
193308
193309
193310
193311
193312
193313
193314
193315
193316
194257
194258
194259
194260
194261
194262
194263
194264
194265
194266
194267
194268
194269
194270
194271
194272
194273
194274
194275
194276
195217
195218
195219
195220
195221
195222
195223
195224
195225
195226
195227
195228
195229
195230
195231
195232
195233
195234
195235
195236
196177
196178
196179
196180
196181
196182
196183
196184
196185
196186
196187
196188
196189
196190
196191
196192
196193
196194
196195
196196
197137
197138
197139
197140
197141
197142
197143
197144
197145
197146
197147
197148
197149
197150
197151
197152
197153
197154
197155
197156
198097
198098
198099
198100
198101
198102
198103
198104
198105
198106
198107
198108
198109
198110
198111
198112
198113
198114
198115
198116
199057
199058
199059
199060
199061
199062
199063
199064
199065
199066
199067
199068
199069
199070
199071
199072
199073
199074
199075
199076
200017
200018
200019
200020
200021
200022
200023
200024
200025
200026
200027
200028
200029
200030
200031
200032
200033
200034
200035
200036
200977
200978
200979
200980
200981
200982
200983
200984
200985
200986
200987
200988
200989
200990
200991
200992
200993
200994
200995
200996
201937
201938
201939
201940
201941
201942
201943
201944
201945
201946
201947
201948
201949
201950
201951
201952
201953
201954
201955
201956
202897
202898
202899
202900
202901
202902
202903
202904
202905
202906
202907
202908
202909
202910
202911
202912
202913
202914
202915
202916
203857
203858
203859
203860
203861
203862
203863
203864
203865
203866
203867
203868
203869
203870
203871
203872
203873
203874
203875
203876
204817
204818
204819
204820
204821
204822
204823
204824
204825
204826
204827
204828
204829
204830
204831
204832
204833
204834
204835
204836
205777
205778
205779
205780
205781
205782
205783
205784
205785
205786
205787
205788
205789
205790
205791
205792
205793
205794
205795
205796
206737
206738
206739
206740
206741
206742
206743
206744
206745
206746
206747
206748
206749
206750
206751
206752
206753
206754
206755
206756
207697
207698
207699
207700
207701
207702
207703
207704
207705
207706
207707
207708
207709
207710
207711
207712
207713
207714
207715
207716
208657
208658
208659
208660
208661
208662
208663
208664
208665
208666
208667
208668
208669
208670
208671
208672
208673
208674
208675
208676
209617
209618
209619
209620
209621
209622
209623
209624
209625
209626
209627
209628
209629
209630
209631
209632
209633
209634
209635
209636
210577
210578
210579
210580
210581
210582
210583
210584
210585
210586
210587
210588
210589
210590
210591
210592
210593
210594
210595
210596
211537
211538
211539
211540
211541
211542
211543
211544
211545
211546
211547
211548
211549
211550
211551
211552
211553
211554
211555
211556
212497
212498
212499
212500
212501
212502
212503
212504
212505
212506
212507
212508
212509
212510
212511
212512
212513
212514
212515
212516
213457
213458
213459
213460
213461
213462
213463
213464
213465
213466
213467
213468
213469
213470
213471
213472
213473
213474
213475
213476
214417
214418
214419
214420
214421
214422
214423
214424
214425
214426
214427
214428
214429
214430
214431
214432
214433
214434
214435
214436
215377
215378
215379
215380
215381
215382
215383
215384
215385
215386
215387
215388
215389
215390
215391
215392
215393
215394
215395
215396
216337
216338
216339
216340
216341
216342
216343
216344
216345
216346
216347
216348
216349
216350
216351
216352
216353
216354
216355
216356
217297
217298
217299
217300
217301
217302
217303
217304
217305
217306
217307
217308
217309
217310
217311
217312
217313
217314
217315
217316
218257
218258
218259
218260
218261
218262
218263
218264
218265
218266
218267
218268
218269
218270
218271
218272
218273
218274
218275
218276
219217
219218
219219
219220
219221
219222
219223
219224
219225
219226
219227
219228
219229
219230
219231
219232
219233
219234
219235
219236
220177
220178
220179
220180
220181
220182
220183
220184
220185
220186
220187
220188
220189
220190
220191
220192
220193
220194
220195
220196
221137
221138
221139
221140
221141
221142
221143
221144
221145
221146
221147
221148
221149
221150
221151
221152
221153
221154
221155
221156
222097
222098
222099
222100
222101
222102
222103
222104
222105
222106
222107
222108
222109
222110
222111
222112
222113
222114
222115
222116
223057
223058
223059
223060
223061
223062
223063
223064
223065
223066
223067
223068
223069
223070
223071
223072
223073
223074
223075
223076
224017
224018
224019
224020
224021
224022
224023
224024
224025
224026
224027
224028
224029
224030
224031
224032
224033
224034
224035
224036
224977
224978
224979
224980
224981
224982
224983
224984
224985
224986
224987
224988
224989
224990
224991
224992
224993
224994
224995
224996
225937
225938
225939
225940
225941
225942
225943
225944
225945
225946
225947
225948
225949
225950
225951
225952
225953
225954
225955
225956
226897
226898
226899
226900
226901
226902
226903
226904
226905
226906
226907
226908
226909
226910
226911
226912
226913
226914
226915
226916
227857
227858
227859
227860
227861
227862
227863
227864
227865
227866
227867
227868
227869
227870
227871
227872
227873
227874
227875
227876
228817
228818
228819
228820
228821
228822
228823
228824
228825
228826
228827
228828
228829
228830
228831
228832
228833
228834
228835
228836
229777
229778
229779
229780
229781
229782
229783
229784
229785
229786
229787
229788
229789
229790
229791
229792
229793
229794
229795
229796
231275
231276
231277
231278
231279
231280
231281
231282
231283
231284
231285
231286
231287
231288
231289
231290
231291
231292
231293
231294
232235
232236
232237
232238
232239
232240
232241
232242
232243
232244
232245
232246
232247
232248
232249
232250
232251
232252
232253
232254
233195
233196
233197
233198
233199
233200
233201
233202
233203
233204
233205
233206
233207
233208
233209
233210
233211
233212
233213
233214
234155
234156
234157
234158
234159
234160
234161
234162
234163
234164
234165
234166
234167
234168
234169
234170
234171
234172
234173
234174
235115
235116
235117
235118
235119
235120
235121
235122
235123
235124
235125
235126
235127
235128
235129
235130
235131
235132
235133
235134
236075
236076
236077
236078
236079
236080
236081
236082
236083
236084
236085
236086
236087
236088
236089
236090
236091
236092
236093
236094
237035
237036
237037
237038
237039
237040
237041
237042
237043
237044
237045
237046
237047
237048
237049
237050
237051
237052
237053
237054
237995
237996
237997
237998
237999
238000
238001
238002
238003
238004
238005
238006
238007
238008
238009
238010
238011
238012
238013
238014
238955
238956
238957
238958
238959
238960
238961
238962
238963
238964
238965
238966
238967
238968
238969
238970
238971
238972
238973
238974
239915
239916
239917
239918
239919
239920
239921
239922
239923
239924
239925
239926
239927
239928
239929
239930
239931
239932
239933
239934
240875
240876
240877
240878
240879
240880
240881
240882
240883
240884
240885
240886
240887
240888
240889
240890
240891
240892
240893
240894
241835
241836
241837
241838
241839
241840
241841
241842
241843
241844
241845
241846
241847
241848
241849
241850
241851
241852
241853
241854
242795
242796
242797
242798
242799
242800
242801
242802
242803
242804
242805
242806
242807
242808
242809
242810
242811
242812
242813
242814
243755
243756
243757
243758
243759
243760
243761
243762
243763
243764
243765
243766
243767
243768
243769
243770
243771
243772
243773
243774
244715
244716
244717
244718
244719
244720
244721
244722
244723
244724
244725
244726
244727
244728
244729
244730
244731
244732
244733
244734
245675
245676
245677
245678
245679
245680
245681
245682
245683
245684
245685
245686
245687
245688
245689
245690
245691
245692
245693
245694
246635
246636
246637
246638
246639
246640
246641
246642
246643
246644
246645
246646
246647
246648
246649
246650
246651
246652
246653
246654
247595
247596
247597
247598
247599
247600
247601
247602
247603
247604
247605
247606
247607
247608
247609
247610
247611
247612
247613
247614
248555
248556
248557
248558
248559
248560
248561
248562
248563
248564
248565
248566
248567
248568
248569
248570
248571
248572
248573
248574
249515
249516
249517
249518
249519
249520
249521
249522
249523
249524
249525
249526
249527
249528
249529
249530
249531
249532
249533
249534
250475
250476
250477
250478
250479
250480
250481
250482
250483
250484
250485
250486
250487
250488
250489
250490
250491
250492
250493
250494
251435
251436
251437
251438
251439
251440
251441
251442
251443
251444
251445
251446
251447
251448
251449
251450
251451
251452
251453
251454
252395
252396
252397
252398
252399
252400
252401
252402
252403
252404
252405
252406
252407
252408
252409
252410
252411
252412
252413
252414
253355
253356
253357
253358
253359
253360
253361
253362
253363
253364
253365
253366
253367
253368
253369
253370
253371
253372
253373
253374
254315
254316
254317
254318
254319
254320
254321
254322
254323
254324
254325
254326
254327
254328
254329
254330
254331
254332
254333
254334
255275
255276
255277
255278
255279
255280
255281
255282
255283
255284
255285
255286
255287
255288
255289
255290
255291
255292
255293
255294
256234
256235
256236
256237
256238
256239
256240
256241
256242
256243
256244
256245
256246
256247
256248
256249
256250
256251
256252
256253
256254
257194
257195
257196
257197
257198
257199
257200
257201
257202
257203
257204
257205
257206
257207
257208
257209
257210
257211
257212
257213
257214
258154
258155
258156
258157
258158
258159
258160
258161
258162
258163
258164
258165
258166
258167
258168
258169
258170
258171
258172
258173
258174
259114
259115
259116
259117
259118
259119
259120
259121
259122
259123
259124
259125
259126
259127
259128
259129
259130
259131
259132
259133
259134
260074
260075
260076
260077
260078
260079
260080
260081
260082
260083
260084
260085
260086
260087
260088
260089
260090
260091
260092
260093
260094
261034
261035
261036
261037
261038
261039
261040
261041
261042
261043
261044
261045
261046
261047
261048
261049
261050
261051
261052
261053
261054
261994
261995
261996
261997
261998
261999
262000
262001
262002
262003
262004
262005
262006
262007
262008
262009
262010
262011
262012
262013
262014
262954
262955
262956
262957
262958
262959
262960
262961
262962
262963
262964
262965
262966
262967
262968
262969
262970
262971
262972
262973
262974
263914
263915
263916
263917
263918
263919
263920
263921
263922
263923
263924
263925
263926
263927
263928
263929
263930
263931
263932
263933
263934
264874
264875
264876
264877
264878
264879
264880
264881
264882
264883
264884
264885
264886
264887
264888
264889
264890
264891
264892
264893
264894
265834
265835
265836
265837
265838
265839
265840
265841
265842
265843
265844
265845
265846
265847
265848
265849
265850
265851
265852
265853
265854
266794
266795
266796
266797
266798
266799
266800
266801
266802
266803
266804
266805
266806
266807
266808
266809
266810
266811
266812
266813
267754
267755
267756
267757
267758
267759
267760
267761
267762
267763
267764
267765
267766
267767
267768
267769
267770
267771
267772
267773
268714
268715
268716
268717
268718
268719
268720
268721
268722
268723
268724
268725
268726
268727
268728
268729
268730
268731
268732
268733
269674
269675
269676
269677
269678
269679
269680
269681
269682
269683
269684
269685
269686
269687
269688
269689
269690
269691
269692
269693
270634
270635
270636
270637
270638
270639
270640
270641
270642
270643
270644
270645
270646
270647
270648
270649
270650
270651
270652
270653
271594
271595
271596
271597
271598
271599
271600
271601
271602
271603
271604
271605
271606
271607
271608
271609
271610
271611
271612
271613
272554
272555
272556
272557
272558
272559
272560
272561
272562
272563
272564
272565
272566
272567
272568
272569
272570
272571
272572
272573
273514
273515
273516
273517
273518
273519
273520
273521
273522
273523
273524
273525
273526
273527
273528
273529
273530
273531
273532
273533
274474
274475
274476
274477
274478
274479
274480
274481
274482
274483
274484
274485
274486
274487
274488
274489
274490
274491
274492
274493
275434
275435
275436
275437
275438
275439
275440
275441
275442
275443
275444
275445
275446
275447
275448
275449
275450
275451
275452
275453
276394
276395
276396
276397
276398
276399
276400
276401
276402
276403
276404
276405
276406
276407
276408
276409
276410
276411
276412
276413
277354
277355
277356
277357
277358
277359
277360
277361
277362
277363
277364
277365
277366
277367
277368
277369
277370
277371
277372
277373
278314
278315
278316
278317
278318
278319
278320
278321
278322
278323
278324
278325
278326
278327
278328
278329
278330
278331
278332
278333
279274
279275
279276
279277
279278
279279
279280
279281
279282
279283
279284
279285
279286
279287
279288
279289
279290
279291
279292
279293
280234
280235
280236
280237
280238
280239
280240
280241
280242
280243
280244
280245
280246
280247
280248
280249
280250
280251
280252
280253
281194
281195
281196
281197
281198
281199
281200
281201
281202
281203
281204
281205
281206
281207
281208
281209
281210
281211
281212
281213
282154
282155
282156
282157
282158
282159
282160
282161
282162
282163
282164
282165
282166
282167
282168
282169
282170
282171
282172
282173
283114
283115
283116
283117
283118
283119
283120
283121
283122
283123
283124
283125
283126
283127
283128
283129
283130
283131
283132
283133
284074
284075
284076
284077
284078
284079
284080
284081
284082
284083
284084
284085
284086
284087
284088
284089
284090
284091
284092
284093
285034
285035
285036
285037
285038
285039
285040
285041
285042
285043
285044
285045
285046
285047
285048
285049
285050
285051
285052
285053
285994
285995
285996
285997
285998
285999
286000
286001
286002
286003
286004
286005
286006
286007
286008
286009
286010
286011
286012
286013
286954
286955
286956
286957
286958
286959
286960
286961
286962
286963
286964
286965
286966
286967
286968
286969
286970
286971
286972
286973
287914
287915
287916
287917
287918
287919
287920
287921
287922
287923
287924
287925
287926
287927
287928
287929
287930
287931
287932
287933
288874
288875
288876
288877
288878
288879
288880
288881
288882
288883
288884
288885
288886
288887
288888
288889
288890
288891
288892
288893
289834
289835
289836
289837
289838
289839
289840
289841
289842
289843
289844
289845
289846
289847
289848
289849
289850
289851
289852
289853
290794
290795
290796
290797
290798
290799
290800
290801
290802
290803
290804
290805
290806
290807
290808
290809
290810
290811
290812
290813
291754
291755
291756
291757
291758
291759
291760
291761
291762
291763
291764
291765
291766
291767
291768
291769
291770
291771
291772
291773
292714
292715
292716
292717
292718
292719
292720
292721
292722
292723
292724
292725
292726
292727
292728
292729
292730
292731
292732
292733
293674
293675
293676
293677
293678
293679
293680
293681
293682
293683
293684
293685
293686
293687
293688
293689
293690
293691
293692
293693
294634
294635
294636
294637
294638
294639
294640
294641
294642
294643
294644
294645
294646
294647
294648
294649
294650
294651
294652
294653
295594
295595
295596
295597
295598
295599
295600
295601
295602
295603
295604
295605
295606
295607
295608
295609
295610
295611
295612
295613
296554
296555
296556
296557
296558
296559
296560
296561
296562
296563
296564
296565
296566
296567
296568
296569
296570
296571
296572
296573
297514
297515
297516
297517
297518
297519
297520
297521
297522
297523
297524
297525
297526
297527
297528
297529
297530
297531
297532
297533
298474
298475
298476
298477
298478
298479
298480
298481
298482
298483
298484
298485
298486
298487
298488
298489
298490
298491
298492
298493
299434
299435
299436
299437
299438
299439
299440
299441
299442
299443
299444
299445
299446
299447
299448
299449
299450
299451
299452
299453
300394
300395
300396
300397
300398
300399
300400
300401
300402
300403
300404
300405
300406
300407
300408
300409
300410
300411
300412
300413
301354
301355
301356
301357
301358
301359
301360
301361
301362
301363
301364
301365
301366
301367
301368
301369
301370
301371
301372
301373
302314
302315
302316
302317
302318
302319
302320
302321
302322
302323
302324
302325
302326
302327
302328
302329
302330
302331
302332
302333
303274
303275
303276
303277
303278
303279
303280
303281
303282
303283
303284
303285
303286
303287
303288
303289
303290
303291
303292
303293
304234
304235
304236
304237
304238
304239
304240
304241
304242
304243
304244
304245
304246
304247
304248
304249
304250
304251
304252
304253
305194
305195
305196
305197
305198
305199
305200
305201
305202
305203
305204
305205
305206
305207
305208
305209
305210
305211
305212
305213
306154
306155
306156
306157
306158
306159
306160
306161
306162
306163
306164
306165
306166
306167
306168
306169
306170
306171
306172
306173
307114
307115
307116
307117
307118
307119
307120
307121
307122
307123
307124
307125
307126
307127
307128
307129
307130
307131
307132
307133
308771
308772
308773
308774
308775
308776
308777
308778
308779
308780
308781
308782
308783
308784
308785
308786
308787
308788
308789
308790
-552
-2472
-4392
-6312
-8232
-10152
-12072
-13991
-15910
-17829
-19748
-21667
-23586
-25505
-27424
-29343
-31262
-33181
-35100
-37019
-38938
-40857
-42776
-44695
-46614
-48533
-48534
-50450
-52369
-54288
-56207
-58126
-60045
-61964
-63883
-65802
-67721
-69640
-71559
-73478
-75398
-77318
-79238
-81158
-83078
-84998
-86918
-88838
-90758
-92677
-94596
-96515
-98434
-100353
-102272
-104191
-106110
-108029
-109948
-111867
-113786
-115705
-117624
-119543
-121462
-123381
-125300
-127219
-129138
-131057
-132976
-134895
-136814
-138733
-140652
-142571
-144490
-146409
-148328
-150247
-151892
592
2512
4432
6352
8272
10192
12112
14031
15950
17869
19788
21707
23626
25545
27464
29383
31302
33221
35140
37059
38978
40897
42816
44735
46654
48573
50492
52411
54330
56249
58168
60087
62006
63925
65844
67763
69682
69683
71599
73518
75438
77358
79278
81198
83118
85038
86958
88878
90798
92717
94636
96555
98474
100393
102312
104231
106150
108069
109988
111907
113826
115745
117664
119583
121502
123421
125340
127259
129178
131097
133016
134935
136854
138773
140692
142611
144530
146449
148368
150287
151912
)


// ************************************************************************* //
