/*--------------------------------*- C++ -*----------------------------------*\
| =========                 |                                                 |
| \\      /  F ield         | OpenFOAM: The Open Source CFD Toolbox           |
|  \\    /   O peration     | Version:  2.3.0                                 |
|   \\  /    A nd           | Web:      www.OpenFOAM.org                      |
|    \\/     M anipulation  |                                                 |
\*---------------------------------------------------------------------------*/
FoamFile
{
    version     2.0;
    format      ascii;
    class       labelList;
    location    "constant/polyMesh";
    object      faceProcAddressing;
}
// * * * * * * * * * * * * * * * * * * * * * * * * * * * * * * * * * * * * * //


6525
(
836
837
838
839
840
841
842
843
844
845
846
847
848
849
850
851
852
853
854
855
856
857
858
859
860
861
862
863
864
865
866
867
868
869
870
871
872
873
875
2756
2757
2758
2759
2760
2761
2762
2763
2764
2765
2766
2767
2768
2769
2770
2771
2772
2773
2774
2775
2776
2777
2778
2779
2780
2781
2782
2783
2784
2785
2786
2787
2788
2789
2790
2791
2792
2793
2795
4676
4677
4678
4679
4680
4681
4682
4683
4684
4685
4686
4687
4688
4689
4690
4691
4692
4693
4694
4695
4696
4697
4698
4699
4700
4701
4702
4703
4704
4705
4706
4707
4708
4709
4710
4711
4712
4713
4715
6596
6597
6598
6599
6600
6601
6602
6603
6604
6605
6606
6607
6608
6609
6610
6611
6612
6613
6614
6615
6616
6617
6618
6619
6620
6621
6622
6623
6624
6625
6626
6627
6628
6629
6630
6631
6632
6633
6635
8516
8517
8518
8519
8520
8521
8522
8523
8524
8525
8526
8527
8528
8529
8530
8531
8532
8533
8534
8535
8536
8537
8538
8539
8540
8541
8542
8543
8544
8545
8546
8547
8548
8549
8550
8551
8552
8553
8555
10436
10437
10438
10439
10440
10441
10442
10443
10444
10445
10446
10447
10448
10449
10450
10451
10452
10453
10454
10455
10456
10457
10458
10459
10460
10461
10462
10463
10464
10465
10466
10467
10468
10469
10470
10471
10472
10473
10475
12356
12357
12358
12359
12360
12361
12362
12363
12364
12365
12366
12367
12368
12369
12370
12371
12372
12373
12374
12375
12376
12377
12378
12379
12380
12381
12382
12383
12384
12385
12386
12387
12388
12389
12390
12391
12392
12393
12395
14275
14276
14277
14278
14279
14280
14281
14282
14283
14284
14285
14286
14287
14288
14289
14290
14291
14292
14293
14294
14295
14296
14297
14298
14299
14300
14301
14302
14303
14304
14305
14306
14307
14308
14309
14310
14311
14312
14314
16194
16195
16196
16197
16198
16199
16200
16201
16202
16203
16204
16205
16206
16207
16208
16209
16210
16211
16212
16213
16214
16215
16216
16217
16218
16219
16220
16221
16222
16223
16224
16225
16226
16227
16228
16229
16230
16231
16233
18113
18114
18115
18116
18117
18118
18119
18120
18121
18122
18123
18124
18125
18126
18127
18128
18129
18130
18131
18132
18133
18134
18135
18136
18137
18138
18139
18140
18141
18142
18143
18144
18145
18146
18147
18148
18149
18150
18152
20032
20033
20034
20035
20036
20037
20038
20039
20040
20041
20042
20043
20044
20045
20046
20047
20048
20049
20050
20051
20052
20053
20054
20055
20056
20057
20058
20059
20060
20061
20062
20063
20064
20065
20066
20067
20068
20069
20071
21951
21952
21953
21954
21955
21956
21957
21958
21959
21960
21961
21962
21963
21964
21965
21966
21967
21968
21969
21970
21971
21972
21973
21974
21975
21976
21977
21978
21979
21980
21981
21982
21983
21984
21985
21986
21987
21988
21990
23870
23871
23872
23873
23874
23875
23876
23877
23878
23879
23880
23881
23882
23883
23884
23885
23886
23887
23888
23889
23890
23891
23892
23893
23894
23895
23896
23897
23898
23899
23900
23901
23902
23903
23904
23905
23906
23907
23909
25789
25790
25791
25792
25793
25794
25795
25796
25797
25798
25799
25800
25801
25802
25803
25804
25805
25806
25807
25808
25809
25810
25811
25812
25813
25814
25815
25816
25817
25818
25819
25820
25821
25822
25823
25824
25825
25826
25828
27708
27709
27710
27711
27712
27713
27714
27715
27716
27717
27718
27719
27720
27721
27722
27723
27724
27725
27726
27727
27728
27729
27730
27731
27732
27733
27734
27735
27736
27737
27738
27739
27740
27741
27742
27743
27744
27745
27747
29627
29628
29629
29630
29631
29632
29633
29634
29635
29636
29637
29638
29639
29640
29641
29642
29643
29644
29645
29646
29647
29648
29649
29650
29651
29652
29653
29654
29655
29656
29657
29658
29659
29660
29661
29662
29663
29664
29666
31546
31547
31548
31549
31550
31551
31552
31553
31554
31555
31556
31557
31558
31559
31560
31561
31562
31563
31564
31565
31566
31567
31568
31569
31570
31571
31572
31573
31574
31575
31576
31577
31578
31579
31580
31581
31582
31583
31585
33465
33466
33467
33468
33469
33470
33471
33472
33473
33474
33475
33476
33477
33478
33479
33480
33481
33482
33483
33484
33485
33486
33487
33488
33489
33490
33491
33492
33493
33494
33495
33496
33497
33498
33499
33500
33501
33502
33504
35384
35385
35386
35387
35388
35389
35390
35391
35392
35393
35394
35395
35396
35397
35398
35399
35400
35401
35402
35403
35404
35405
35406
35407
35408
35409
35410
35411
35412
35413
35414
35415
35416
35417
35418
35419
35420
35421
35423
37303
37304
37305
37306
37307
37308
37309
37310
37311
37312
37313
37314
37315
37316
37317
37318
37319
37320
37321
37322
37323
37324
37325
37326
37327
37328
37329
37330
37331
37332
37333
37334
37335
37336
37337
37338
37339
37340
37342
39222
39223
39224
39225
39226
39227
39228
39229
39230
39231
39232
39233
39234
39235
39236
39237
39238
39239
39240
39241
39242
39243
39244
39245
39246
39247
39248
39249
39250
39251
39252
39253
39254
39255
39256
39257
39258
39259
39261
41141
41142
41143
41144
41145
41146
41147
41148
41149
41150
41151
41152
41153
41154
41155
41156
41157
41158
41159
41160
41161
41162
41163
41164
41165
41166
41167
41168
41169
41170
41171
41172
41173
41174
41175
41176
41177
41178
41180
43060
43061
43062
43063
43064
43065
43066
43067
43068
43069
43070
43071
43072
43073
43074
43075
43076
43077
43078
43079
43080
43081
43082
43083
43084
43085
43086
43087
43088
43089
43090
43091
43092
43093
43094
43095
43096
43097
43099
44977
44978
44979
44980
44981
44982
44983
44984
44985
44986
44987
44988
44989
44990
44991
44992
44993
44994
44995
44996
44997
44998
44999
45000
45001
45002
45003
45004
45005
45006
45007
45008
45009
45010
45011
45012
45013
45014
45015
45016
45018
46896
46897
46898
46899
46900
46901
46902
46903
46904
46905
46906
46907
46908
46909
46910
46911
46912
46913
46914
46915
46916
46917
46918
46919
46920
46921
46922
46923
46924
46925
46926
46927
46928
46929
46930
46931
46932
46933
46934
46935
46937
48815
48816
48817
48818
48819
48820
48821
48822
48823
48824
48825
48826
48827
48828
48829
48830
48831
48832
48833
48834
48835
48836
48837
48838
48839
48840
48841
48842
48843
48844
48845
48846
48847
48848
48849
48850
48851
48852
48853
48854
48856
50734
50735
50736
50737
50738
50739
50740
50741
50742
50743
50744
50745
50746
50747
50748
50749
50750
50751
50752
50753
50754
50755
50756
50757
50758
50759
50760
50761
50762
50763
50764
50765
50766
50767
50768
50769
50770
50771
50772
50773
50775
52653
52654
52655
52656
52657
52658
52659
52660
52661
52662
52663
52664
52665
52666
52667
52668
52669
52670
52671
52672
52673
52674
52675
52676
52677
52678
52679
52680
52681
52682
52683
52684
52685
52686
52687
52688
52689
52690
52691
52692
52694
54572
54573
54574
54575
54576
54577
54578
54579
54580
54581
54582
54583
54584
54585
54586
54587
54588
54589
54590
54591
54592
54593
54594
54595
54596
54597
54598
54599
54600
54601
54602
54603
54604
54605
54606
54607
54608
54609
54610
54611
54613
56491
56492
56493
56494
56495
56496
56497
56498
56499
56500
56501
56502
56503
56504
56505
56506
56507
56508
56509
56510
56511
56512
56513
56514
56515
56516
56517
56518
56519
56520
56521
56522
56523
56524
56525
56526
56527
56528
56529
56530
56532
58410
58411
58412
58413
58414
58415
58416
58417
58418
58419
58420
58421
58422
58423
58424
58425
58426
58427
58428
58429
58430
58431
58432
58433
58434
58435
58436
58437
58438
58439
58440
58441
58442
58443
58444
58445
58446
58447
58448
58449
58451
60329
60330
60331
60332
60333
60334
60335
60336
60337
60338
60339
60340
60341
60342
60343
60344
60345
60346
60347
60348
60349
60350
60351
60352
60353
60354
60355
60356
60357
60358
60359
60360
60361
60362
60363
60364
60365
60366
60367
60368
60370
62248
62249
62250
62251
62252
62253
62254
62255
62256
62257
62258
62259
62260
62261
62262
62263
62264
62265
62266
62267
62268
62269
62270
62271
62272
62273
62274
62275
62276
62277
62278
62279
62280
62281
62282
62283
62284
62285
62286
62287
62289
64167
64168
64169
64170
64171
64172
64173
64174
64175
64176
64177
64178
64179
64180
64181
64182
64183
64184
64185
64186
64187
64188
64189
64190
64191
64192
64193
64194
64195
64196
64197
64198
64199
64200
64201
64202
64203
64204
64205
64206
66086
66087
66088
66089
66090
66091
66092
66093
66094
66095
66096
66097
66098
66099
66100
66101
66102
66103
66104
66105
66106
66107
66108
66109
66110
66111
66112
66113
66114
66115
66116
66117
66118
66119
66120
66121
66122
66123
66125
68005
68006
68007
68008
68009
68010
68011
68012
68013
68014
68015
68016
68017
68018
68019
68020
68021
68022
68023
68024
68025
68026
68027
68028
68029
68030
68031
68032
68033
68034
68035
68036
68037
68038
68039
68040
68041
68042
68044
69924
69925
69926
69927
69928
69929
69930
69931
69932
69933
69934
69935
69936
69937
69938
69939
69940
69941
69942
69943
69944
69945
69946
69947
69948
69949
69950
69951
69952
69953
69954
69955
69956
69957
69958
69959
69960
69961
69963
71843
71844
71845
71846
71847
71848
71849
71850
71851
71852
71853
71854
71855
71856
71857
71858
71859
71860
71861
71862
71863
71864
71865
71866
71867
71868
71869
71870
71871
71872
71873
71874
71875
71876
71877
71878
71879
71880
71882
73762
73763
73764
73765
73766
73767
73768
73769
73770
73771
73772
73773
73774
73775
73776
73777
73778
73779
73780
73781
73782
73783
73784
73785
73786
73787
73788
73789
73790
73791
73792
73793
73794
73795
73796
73797
73798
73799
73801
75682
75683
75684
75685
75686
75687
75688
75689
75690
75691
75692
75693
75694
75695
75696
75697
75698
75699
75700
75701
75702
75703
75704
75705
75706
75707
75708
75709
75710
75711
75712
75713
75714
75715
75716
75717
75718
75719
75721
77602
77603
77604
77605
77606
77607
77608
77609
77610
77611
77612
77613
77614
77615
77616
77617
77618
77619
77620
77621
77622
77623
77624
77625
77626
77627
77628
77629
77630
77631
77632
77633
77634
77635
77636
77637
77638
77639
77641
79522
79523
79524
79525
79526
79527
79528
79529
79530
79531
79532
79533
79534
79535
79536
79537
79538
79539
79540
79541
79542
79543
79544
79545
79546
79547
79548
79549
79550
79551
79552
79553
79554
79555
79556
79557
79558
79559
79561
81442
81443
81444
81445
81446
81447
81448
81449
81450
81451
81452
81453
81454
81455
81456
81457
81458
81459
81460
81461
81462
81463
81464
81465
81466
81467
81468
81469
81470
81471
81472
81473
81474
81475
81476
81477
81478
81479
81481
83362
83363
83364
83365
83366
83367
83368
83369
83370
83371
83372
83373
83374
83375
83376
83377
83378
83379
83380
83381
83382
83383
83384
83385
83386
83387
83388
83389
83390
83391
83392
83393
83394
83395
83396
83397
83398
83399
83401
85282
85283
85284
85285
85286
85287
85288
85289
85290
85291
85292
85293
85294
85295
85296
85297
85298
85299
85300
85301
85302
85303
85304
85305
85306
85307
85308
85309
85310
85311
85312
85313
85314
85315
85316
85317
85318
85319
85321
87202
87203
87204
87205
87206
87207
87208
87209
87210
87211
87212
87213
87214
87215
87216
87217
87218
87219
87220
87221
87222
87223
87224
87225
87226
87227
87228
87229
87230
87231
87232
87233
87234
87235
87236
87237
87238
87239
87241
89122
89123
89124
89125
89126
89127
89128
89129
89130
89131
89132
89133
89134
89135
89136
89137
89138
89139
89140
89141
89142
89143
89144
89145
89146
89147
89148
89149
89150
89151
89152
89153
89154
89155
89156
89157
89158
89159
89161
91042
91043
91044
91045
91046
91047
91048
91049
91050
91051
91052
91053
91054
91055
91056
91057
91058
91059
91060
91061
91062
91063
91064
91065
91066
91067
91068
91069
91070
91071
91072
91073
91074
91075
91076
91077
91078
91079
91081
92961
92962
92963
92964
92965
92966
92967
92968
92969
92970
92971
92972
92973
92974
92975
92976
92977
92978
92979
92980
92981
92982
92983
92984
92985
92986
92987
92988
92989
92990
92991
92992
92993
92994
92995
92996
92997
92998
93000
94880
94881
94882
94883
94884
94885
94886
94887
94888
94889
94890
94891
94892
94893
94894
94895
94896
94897
94898
94899
94900
94901
94902
94903
94904
94905
94906
94907
94908
94909
94910
94911
94912
94913
94914
94915
94916
94917
94919
96799
96800
96801
96802
96803
96804
96805
96806
96807
96808
96809
96810
96811
96812
96813
96814
96815
96816
96817
96818
96819
96820
96821
96822
96823
96824
96825
96826
96827
96828
96829
96830
96831
96832
96833
96834
96835
96836
96838
98718
98719
98720
98721
98722
98723
98724
98725
98726
98727
98728
98729
98730
98731
98732
98733
98734
98735
98736
98737
98738
98739
98740
98741
98742
98743
98744
98745
98746
98747
98748
98749
98750
98751
98752
98753
98754
98755
98757
100637
100638
100639
100640
100641
100642
100643
100644
100645
100646
100647
100648
100649
100650
100651
100652
100653
100654
100655
100656
100657
100658
100659
100660
100661
100662
100663
100664
100665
100666
100667
100668
100669
100670
100671
100672
100673
100674
100676
102556
102557
102558
102559
102560
102561
102562
102563
102564
102565
102566
102567
102568
102569
102570
102571
102572
102573
102574
102575
102576
102577
102578
102579
102580
102581
102582
102583
102584
102585
102586
102587
102588
102589
102590
102591
102592
102593
102595
104475
104476
104477
104478
104479
104480
104481
104482
104483
104484
104485
104486
104487
104488
104489
104490
104491
104492
104493
104494
104495
104496
104497
104498
104499
104500
104501
104502
104503
104504
104505
104506
104507
104508
104509
104510
104511
104512
104514
106394
106395
106396
106397
106398
106399
106400
106401
106402
106403
106404
106405
106406
106407
106408
106409
106410
106411
106412
106413
106414
106415
106416
106417
106418
106419
106420
106421
106422
106423
106424
106425
106426
106427
106428
106429
106430
106431
106433
108313
108314
108315
108316
108317
108318
108319
108320
108321
108322
108323
108324
108325
108326
108327
108328
108329
108330
108331
108332
108333
108334
108335
108336
108337
108338
108339
108340
108341
108342
108343
108344
108345
108346
108347
108348
108349
108350
108352
110232
110233
110234
110235
110236
110237
110238
110239
110240
110241
110242
110243
110244
110245
110246
110247
110248
110249
110250
110251
110252
110253
110254
110255
110256
110257
110258
110259
110260
110261
110262
110263
110264
110265
110266
110267
110268
110269
110271
112151
112152
112153
112154
112155
112156
112157
112158
112159
112160
112161
112162
112163
112164
112165
112166
112167
112168
112169
112170
112171
112172
112173
112174
112175
112176
112177
112178
112179
112180
112181
112182
112183
112184
112185
112186
112187
112188
112190
114070
114071
114072
114073
114074
114075
114076
114077
114078
114079
114080
114081
114082
114083
114084
114085
114086
114087
114088
114089
114090
114091
114092
114093
114094
114095
114096
114097
114098
114099
114100
114101
114102
114103
114104
114105
114106
114107
114109
115989
115990
115991
115992
115993
115994
115995
115996
115997
115998
115999
116000
116001
116002
116003
116004
116005
116006
116007
116008
116009
116010
116011
116012
116013
116014
116015
116016
116017
116018
116019
116020
116021
116022
116023
116024
116025
116026
116028
117908
117909
117910
117911
117912
117913
117914
117915
117916
117917
117918
117919
117920
117921
117922
117923
117924
117925
117926
117927
117928
117929
117930
117931
117932
117933
117934
117935
117936
117937
117938
117939
117940
117941
117942
117943
117944
117945
117947
119827
119828
119829
119830
119831
119832
119833
119834
119835
119836
119837
119838
119839
119840
119841
119842
119843
119844
119845
119846
119847
119848
119849
119850
119851
119852
119853
119854
119855
119856
119857
119858
119859
119860
119861
119862
119863
119864
119866
121746
121747
121748
121749
121750
121751
121752
121753
121754
121755
121756
121757
121758
121759
121760
121761
121762
121763
121764
121765
121766
121767
121768
121769
121770
121771
121772
121773
121774
121775
121776
121777
121778
121779
121780
121781
121782
121783
121785
123665
123666
123667
123668
123669
123670
123671
123672
123673
123674
123675
123676
123677
123678
123679
123680
123681
123682
123683
123684
123685
123686
123687
123688
123689
123690
123691
123692
123693
123694
123695
123696
123697
123698
123699
123700
123701
123702
123704
125584
125585
125586
125587
125588
125589
125590
125591
125592
125593
125594
125595
125596
125597
125598
125599
125600
125601
125602
125603
125604
125605
125606
125607
125608
125609
125610
125611
125612
125613
125614
125615
125616
125617
125618
125619
125620
125621
125623
127503
127504
127505
127506
127507
127508
127509
127510
127511
127512
127513
127514
127515
127516
127517
127518
127519
127520
127521
127522
127523
127524
127525
127526
127527
127528
127529
127530
127531
127532
127533
127534
127535
127536
127537
127538
127539
127540
127542
129422
129423
129424
129425
129426
129427
129428
129429
129430
129431
129432
129433
129434
129435
129436
129437
129438
129439
129440
129441
129442
129443
129444
129445
129446
129447
129448
129449
129450
129451
129452
129453
129454
129455
129456
129457
129458
129459
129461
131341
131342
131343
131344
131345
131346
131347
131348
131349
131350
131351
131352
131353
131354
131355
131356
131357
131358
131359
131360
131361
131362
131363
131364
131365
131366
131367
131368
131369
131370
131371
131372
131373
131374
131375
131376
131377
131378
131380
133260
133261
133262
133263
133264
133265
133266
133267
133268
133269
133270
133271
133272
133273
133274
133275
133276
133277
133278
133279
133280
133281
133282
133283
133284
133285
133286
133287
133288
133289
133290
133291
133292
133293
133294
133295
133296
133297
133299
135179
135180
135181
135182
135183
135184
135185
135186
135187
135188
135189
135190
135191
135192
135193
135194
135195
135196
135197
135198
135199
135200
135201
135202
135203
135204
135205
135206
135207
135208
135209
135210
135211
135212
135213
135214
135215
135216
135218
137098
137099
137100
137101
137102
137103
137104
137105
137106
137107
137108
137109
137110
137111
137112
137113
137114
137115
137116
137117
137118
137119
137120
137121
137122
137123
137124
137125
137126
137127
137128
137129
137130
137131
137132
137133
137134
137135
137137
139017
139018
139019
139020
139021
139022
139023
139024
139025
139026
139027
139028
139029
139030
139031
139032
139033
139034
139035
139036
139037
139038
139039
139040
139041
139042
139043
139044
139045
139046
139047
139048
139049
139050
139051
139052
139053
139054
139056
140936
140937
140938
140939
140940
140941
140942
140943
140944
140945
140946
140947
140948
140949
140950
140951
140952
140953
140954
140955
140956
140957
140958
140959
140960
140961
140962
140963
140964
140965
140966
140967
140968
140969
140970
140971
140972
140973
140975
142855
142856
142857
142858
142859
142860
142861
142862
142863
142864
142865
142866
142867
142868
142869
142870
142871
142872
142873
142874
142875
142876
142877
142878
142879
142880
142881
142882
142883
142884
142885
142886
142887
142888
142889
142890
142891
142892
142894
144774
144775
144776
144777
144778
144779
144780
144781
144782
144783
144784
144785
144786
144787
144788
144789
144790
144791
144792
144793
144794
144795
144796
144797
144798
144799
144800
144801
144802
144803
144804
144805
144806
144807
144808
144809
144810
144811
144813
146693
146694
146695
146696
146697
146698
146699
146700
146701
146702
146703
146704
146705
146706
146707
146708
146709
146710
146711
146712
146713
146714
146715
146716
146717
146718
146719
146720
146721
146722
146723
146724
146725
146726
146727
146728
146729
146730
146732
148612
148613
148614
148615
148616
148617
148618
148619
148620
148621
148622
148623
148624
148625
148626
148627
148628
148629
148630
148631
148632
148633
148634
148635
148636
148637
148638
148639
148640
148641
148642
148643
148644
148645
148646
148647
148648
148649
148651
150531
150532
150533
150534
150535
150536
150537
150538
150539
150540
150541
150542
150543
150544
150545
150546
150547
150548
150549
150550
150551
150552
150553
150554
150555
150556
150557
150558
150559
150560
150561
150562
150563
150564
150565
150566
150567
150568
150570
152034
152035
152036
152037
152038
152039
152040
152041
152042
152043
152044
152045
152046
152047
152048
152049
152050
152051
152052
154079
154080
154081
154082
154083
154084
154085
154086
154087
154088
154089
154090
154091
154092
154093
154094
154095
154096
154097
154098
155039
155040
155041
155042
155043
155044
155045
155046
155047
155048
155049
155050
155051
155052
155053
155054
155055
155056
155057
155058
155999
156000
156001
156002
156003
156004
156005
156006
156007
156008
156009
156010
156011
156012
156013
156014
156015
156016
156017
156018
156959
156960
156961
156962
156963
156964
156965
156966
156967
156968
156969
156970
156971
156972
156973
156974
156975
156976
156977
156978
157919
157920
157921
157922
157923
157924
157925
157926
157927
157928
157929
157930
157931
157932
157933
157934
157935
157936
157937
157938
158879
158880
158881
158882
158883
158884
158885
158886
158887
158888
158889
158890
158891
158892
158893
158894
158895
158896
158897
158898
159839
159840
159841
159842
159843
159844
159845
159846
159847
159848
159849
159850
159851
159852
159853
159854
159855
159856
159857
159858
160799
160800
160801
160802
160803
160804
160805
160806
160807
160808
160809
160810
160811
160812
160813
160814
160815
160816
160817
160818
161759
161760
161761
161762
161763
161764
161765
161766
161767
161768
161769
161770
161771
161772
161773
161774
161775
161776
161777
161778
162719
162720
162721
162722
162723
162724
162725
162726
162727
162728
162729
162730
162731
162732
162733
162734
162735
162736
162737
162738
163679
163680
163681
163682
163683
163684
163685
163686
163687
163688
163689
163690
163691
163692
163693
163694
163695
163696
163697
163698
164639
164640
164641
164642
164643
164644
164645
164646
164647
164648
164649
164650
164651
164652
164653
164654
164655
164656
164657
164658
165599
165600
165601
165602
165603
165604
165605
165606
165607
165608
165609
165610
165611
165612
165613
165614
165615
165616
165617
165618
166559
166560
166561
166562
166563
166564
166565
166566
166567
166568
166569
166570
166571
166572
166573
166574
166575
166576
166577
166578
167519
167520
167521
167522
167523
167524
167525
167526
167527
167528
167529
167530
167531
167532
167533
167534
167535
167536
167537
167538
168479
168480
168481
168482
168483
168484
168485
168486
168487
168488
168489
168490
168491
168492
168493
168494
168495
168496
168497
168498
169439
169440
169441
169442
169443
169444
169445
169446
169447
169448
169449
169450
169451
169452
169453
169454
169455
169456
169457
169458
170399
170400
170401
170402
170403
170404
170405
170406
170407
170408
170409
170410
170411
170412
170413
170414
170415
170416
170417
170418
171359
171360
171361
171362
171363
171364
171365
171366
171367
171368
171369
171370
171371
171372
171373
171374
171375
171376
171377
171378
172319
172320
172321
172322
172323
172324
172325
172326
172327
172328
172329
172330
172331
172332
172333
172334
172335
172336
172337
172338
173279
173280
173281
173282
173283
173284
173285
173286
173287
173288
173289
173290
173291
173292
173293
173294
173295
173296
173297
173298
174239
174240
174241
174242
174243
174244
174245
174246
174247
174248
174249
174250
174251
174252
174253
174254
174255
174256
174257
174258
175199
175200
175201
175202
175203
175204
175205
175206
175207
175208
175209
175210
175211
175212
175213
175214
175215
175216
175217
175218
176158
176159
176160
176161
176162
176163
176164
176165
176166
176167
176168
176169
176170
176171
176172
176173
176174
176175
176176
176177
176178
177118
177119
177120
177121
177122
177123
177124
177125
177126
177127
177128
177129
177130
177131
177132
177133
177134
177135
177136
177137
177138
178078
178079
178080
178081
178082
178083
178084
178085
178086
178087
178088
178089
178090
178091
178092
178093
178094
178095
178096
178097
178098
179038
179039
179040
179041
179042
179043
179044
179045
179046
179047
179048
179049
179050
179051
179052
179053
179054
179055
179056
179057
179058
179998
179999
180000
180001
180002
180003
180004
180005
180006
180007
180008
180009
180010
180011
180012
180013
180014
180015
180016
180017
180018
180958
180959
180960
180961
180962
180963
180964
180965
180966
180967
180968
180969
180970
180971
180972
180973
180974
180975
180976
180977
180978
181918
181919
181920
181921
181922
181923
181924
181925
181926
181927
181928
181929
181930
181931
181932
181933
181934
181935
181936
181937
181938
182878
182879
182880
182881
182882
182883
182884
182885
182886
182887
182888
182889
182890
182891
182892
182893
182894
182895
182896
182897
182898
183838
183839
183840
183841
183842
183843
183844
183845
183846
183847
183848
183849
183850
183851
183852
183853
183854
183855
183856
183857
183858
184798
184799
184800
184801
184802
184803
184804
184805
184806
184807
184808
184809
184810
184811
184812
184813
184814
184815
184816
184817
184818
185758
185759
185760
185761
185762
185763
185764
185765
185766
185767
185768
185769
185770
185771
185772
185773
185774
185775
185776
185777
185778
186718
186719
186720
186721
186722
186723
186724
186725
186726
186727
186728
186729
186730
186731
186732
186733
186734
186735
186736
186737
187678
187679
187680
187681
187682
187683
187684
187685
187686
187687
187688
187689
187690
187691
187692
187693
187694
187695
187696
187697
188638
188639
188640
188641
188642
188643
188644
188645
188646
188647
188648
188649
188650
188651
188652
188653
188654
188655
188656
188657
189598
189599
189600
189601
189602
189603
189604
189605
189606
189607
189608
189609
189610
189611
189612
189613
189614
189615
189616
189617
190558
190559
190560
190561
190562
190563
190564
190565
190566
190567
190568
190569
190570
190571
190572
190573
190574
190575
190576
190577
191518
191519
191520
191521
191522
191523
191524
191525
191526
191527
191528
191529
191530
191531
191532
191533
191534
191535
191536
191537
192478
192479
192480
192481
192482
192483
192484
192485
192486
192487
192488
192489
192490
192491
192492
192493
192494
192495
192496
192497
193438
193439
193440
193441
193442
193443
193444
193445
193446
193447
193448
193449
193450
193451
193452
193453
193454
193455
193456
193457
194398
194399
194400
194401
194402
194403
194404
194405
194406
194407
194408
194409
194410
194411
194412
194413
194414
194415
194416
194417
195358
195359
195360
195361
195362
195363
195364
195365
195366
195367
195368
195369
195370
195371
195372
195373
195374
195375
195376
195377
196318
196319
196320
196321
196322
196323
196324
196325
196326
196327
196328
196329
196330
196331
196332
196333
196334
196335
196336
196337
197278
197279
197280
197281
197282
197283
197284
197285
197286
197287
197288
197289
197290
197291
197292
197293
197294
197295
197296
197297
198238
198239
198240
198241
198242
198243
198244
198245
198246
198247
198248
198249
198250
198251
198252
198253
198254
198255
198256
198257
199198
199199
199200
199201
199202
199203
199204
199205
199206
199207
199208
199209
199210
199211
199212
199213
199214
199215
199216
199217
200158
200159
200160
200161
200162
200163
200164
200165
200166
200167
200168
200169
200170
200171
200172
200173
200174
200175
200176
200177
201118
201119
201120
201121
201122
201123
201124
201125
201126
201127
201128
201129
201130
201131
201132
201133
201134
201135
201136
201137
202078
202079
202080
202081
202082
202083
202084
202085
202086
202087
202088
202089
202090
202091
202092
202093
202094
202095
202096
202097
203038
203039
203040
203041
203042
203043
203044
203045
203046
203047
203048
203049
203050
203051
203052
203053
203054
203055
203056
203057
203998
203999
204000
204001
204002
204003
204004
204005
204006
204007
204008
204009
204010
204011
204012
204013
204014
204015
204016
204017
204958
204959
204960
204961
204962
204963
204964
204965
204966
204967
204968
204969
204970
204971
204972
204973
204974
204975
204976
204977
205918
205919
205920
205921
205922
205923
205924
205925
205926
205927
205928
205929
205930
205931
205932
205933
205934
205935
205936
205937
206878
206879
206880
206881
206882
206883
206884
206885
206886
206887
206888
206889
206890
206891
206892
206893
206894
206895
206896
206897
207838
207839
207840
207841
207842
207843
207844
207845
207846
207847
207848
207849
207850
207851
207852
207853
207854
207855
207856
207857
208798
208799
208800
208801
208802
208803
208804
208805
208806
208807
208808
208809
208810
208811
208812
208813
208814
208815
208816
208817
209758
209759
209760
209761
209762
209763
209764
209765
209766
209767
209768
209769
209770
209771
209772
209773
209774
209775
209776
209777
210718
210719
210720
210721
210722
210723
210724
210725
210726
210727
210728
210729
210730
210731
210732
210733
210734
210735
210736
210737
211678
211679
211680
211681
211682
211683
211684
211685
211686
211687
211688
211689
211690
211691
211692
211693
211694
211695
211696
211697
212638
212639
212640
212641
212642
212643
212644
212645
212646
212647
212648
212649
212650
212651
212652
212653
212654
212655
212656
212657
213598
213599
213600
213601
213602
213603
213604
213605
213606
213607
213608
213609
213610
213611
213612
213613
213614
213615
213616
213617
214558
214559
214560
214561
214562
214563
214564
214565
214566
214567
214568
214569
214570
214571
214572
214573
214574
214575
214576
214577
215518
215519
215520
215521
215522
215523
215524
215525
215526
215527
215528
215529
215530
215531
215532
215533
215534
215535
215536
215537
216478
216479
216480
216481
216482
216483
216484
216485
216486
216487
216488
216489
216490
216491
216492
216493
216494
216495
216496
216497
217438
217439
217440
217441
217442
217443
217444
217445
217446
217447
217448
217449
217450
217451
217452
217453
217454
217455
217456
217457
218398
218399
218400
218401
218402
218403
218404
218405
218406
218407
218408
218409
218410
218411
218412
218413
218414
218415
218416
218417
219358
219359
219360
219361
219362
219363
219364
219365
219366
219367
219368
219369
219370
219371
219372
219373
219374
219375
219376
219377
220318
220319
220320
220321
220322
220323
220324
220325
220326
220327
220328
220329
220330
220331
220332
220333
220334
220335
220336
220337
221278
221279
221280
221281
221282
221283
221284
221285
221286
221287
221288
221289
221290
221291
221292
221293
221294
221295
221296
221297
222238
222239
222240
222241
222242
222243
222244
222245
222246
222247
222248
222249
222250
222251
222252
222253
222254
222255
222256
222257
223198
223199
223200
223201
223202
223203
223204
223205
223206
223207
223208
223209
223210
223211
223212
223213
223214
223215
223216
223217
224158
224159
224160
224161
224162
224163
224164
224165
224166
224167
224168
224169
224170
224171
224172
224173
224174
224175
224176
224177
225118
225119
225120
225121
225122
225123
225124
225125
225126
225127
225128
225129
225130
225131
225132
225133
225134
225135
225136
225137
226078
226079
226080
226081
226082
226083
226084
226085
226086
226087
226088
226089
226090
226091
226092
226093
226094
226095
226096
226097
227038
227039
227040
227041
227042
227043
227044
227045
227046
227047
227048
227049
227050
227051
227052
227053
227054
227055
227056
227057
227998
227999
228000
228001
228002
228003
228004
228005
228006
228007
228008
228009
228010
228011
228012
228013
228014
228015
228016
228017
228958
228959
228960
228961
228962
228963
228964
228965
228966
228967
228968
228969
228970
228971
228972
228973
228974
228975
228976
228977
229918
229919
229920
229921
229922
229923
229924
229925
229926
229927
229928
229929
229930
229931
229932
229933
229934
229935
229936
229937
231416
231417
231418
231419
231420
231421
231422
231423
231424
231425
231426
231427
231428
231429
231430
231431
231432
231433
231434
231435
232376
232377
232378
232379
232380
232381
232382
232383
232384
232385
232386
232387
232388
232389
232390
232391
232392
232393
232394
232395
233336
233337
233338
233339
233340
233341
233342
233343
233344
233345
233346
233347
233348
233349
233350
233351
233352
233353
233354
233355
234296
234297
234298
234299
234300
234301
234302
234303
234304
234305
234306
234307
234308
234309
234310
234311
234312
234313
234314
234315
235256
235257
235258
235259
235260
235261
235262
235263
235264
235265
235266
235267
235268
235269
235270
235271
235272
235273
235274
235275
236216
236217
236218
236219
236220
236221
236222
236223
236224
236225
236226
236227
236228
236229
236230
236231
236232
236233
236234
236235
237176
237177
237178
237179
237180
237181
237182
237183
237184
237185
237186
237187
237188
237189
237190
237191
237192
237193
237194
237195
238136
238137
238138
238139
238140
238141
238142
238143
238144
238145
238146
238147
238148
238149
238150
238151
238152
238153
238154
238155
239096
239097
239098
239099
239100
239101
239102
239103
239104
239105
239106
239107
239108
239109
239110
239111
239112
239113
239114
239115
240056
240057
240058
240059
240060
240061
240062
240063
240064
240065
240066
240067
240068
240069
240070
240071
240072
240073
240074
240075
241016
241017
241018
241019
241020
241021
241022
241023
241024
241025
241026
241027
241028
241029
241030
241031
241032
241033
241034
241035
241976
241977
241978
241979
241980
241981
241982
241983
241984
241985
241986
241987
241988
241989
241990
241991
241992
241993
241994
241995
242936
242937
242938
242939
242940
242941
242942
242943
242944
242945
242946
242947
242948
242949
242950
242951
242952
242953
242954
242955
243896
243897
243898
243899
243900
243901
243902
243903
243904
243905
243906
243907
243908
243909
243910
243911
243912
243913
243914
243915
244856
244857
244858
244859
244860
244861
244862
244863
244864
244865
244866
244867
244868
244869
244870
244871
244872
244873
244874
244875
245816
245817
245818
245819
245820
245821
245822
245823
245824
245825
245826
245827
245828
245829
245830
245831
245832
245833
245834
245835
246776
246777
246778
246779
246780
246781
246782
246783
246784
246785
246786
246787
246788
246789
246790
246791
246792
246793
246794
246795
247736
247737
247738
247739
247740
247741
247742
247743
247744
247745
247746
247747
247748
247749
247750
247751
247752
247753
247754
247755
248696
248697
248698
248699
248700
248701
248702
248703
248704
248705
248706
248707
248708
248709
248710
248711
248712
248713
248714
248715
249656
249657
249658
249659
249660
249661
249662
249663
249664
249665
249666
249667
249668
249669
249670
249671
249672
249673
249674
249675
250616
250617
250618
250619
250620
250621
250622
250623
250624
250625
250626
250627
250628
250629
250630
250631
250632
250633
250634
250635
251576
251577
251578
251579
251580
251581
251582
251583
251584
251585
251586
251587
251588
251589
251590
251591
251592
251593
251594
251595
252536
252537
252538
252539
252540
252541
252542
252543
252544
252545
252546
252547
252548
252549
252550
252551
252552
252553
252554
252555
253495
253496
253497
253498
253499
253500
253501
253502
253503
253504
253505
253506
253507
253508
253509
253510
253511
253512
253513
253514
253515
254455
254456
254457
254458
254459
254460
254461
254462
254463
254464
254465
254466
254467
254468
254469
254470
254471
254472
254473
254474
254475
255415
255416
255417
255418
255419
255420
255421
255422
255423
255424
255425
255426
255427
255428
255429
255430
255431
255432
255433
255434
255435
256375
256376
256377
256378
256379
256380
256381
256382
256383
256384
256385
256386
256387
256388
256389
256390
256391
256392
256393
256394
256395
257335
257336
257337
257338
257339
257340
257341
257342
257343
257344
257345
257346
257347
257348
257349
257350
257351
257352
257353
257354
257355
258295
258296
258297
258298
258299
258300
258301
258302
258303
258304
258305
258306
258307
258308
258309
258310
258311
258312
258313
258314
258315
259255
259256
259257
259258
259259
259260
259261
259262
259263
259264
259265
259266
259267
259268
259269
259270
259271
259272
259273
259274
259275
260215
260216
260217
260218
260219
260220
260221
260222
260223
260224
260225
260226
260227
260228
260229
260230
260231
260232
260233
260234
260235
261175
261176
261177
261178
261179
261180
261181
261182
261183
261184
261185
261186
261187
261188
261189
261190
261191
261192
261193
261194
261195
262135
262136
262137
262138
262139
262140
262141
262142
262143
262144
262145
262146
262147
262148
262149
262150
262151
262152
262153
262154
262155
263095
263096
263097
263098
263099
263100
263101
263102
263103
263104
263105
263106
263107
263108
263109
263110
263111
263112
263113
263114
263115
264055
264056
264057
264058
264059
264060
264061
264062
264063
264064
264065
264066
264067
264068
264069
264070
264071
264072
264073
264074
265015
265016
265017
265018
265019
265020
265021
265022
265023
265024
265025
265026
265027
265028
265029
265030
265031
265032
265033
265034
265975
265976
265977
265978
265979
265980
265981
265982
265983
265984
265985
265986
265987
265988
265989
265990
265991
265992
265993
265994
266935
266936
266937
266938
266939
266940
266941
266942
266943
266944
266945
266946
266947
266948
266949
266950
266951
266952
266953
266954
267895
267896
267897
267898
267899
267900
267901
267902
267903
267904
267905
267906
267907
267908
267909
267910
267911
267912
267913
267914
268855
268856
268857
268858
268859
268860
268861
268862
268863
268864
268865
268866
268867
268868
268869
268870
268871
268872
268873
268874
269815
269816
269817
269818
269819
269820
269821
269822
269823
269824
269825
269826
269827
269828
269829
269830
269831
269832
269833
269834
270775
270776
270777
270778
270779
270780
270781
270782
270783
270784
270785
270786
270787
270788
270789
270790
270791
270792
270793
270794
271735
271736
271737
271738
271739
271740
271741
271742
271743
271744
271745
271746
271747
271748
271749
271750
271751
271752
271753
271754
272695
272696
272697
272698
272699
272700
272701
272702
272703
272704
272705
272706
272707
272708
272709
272710
272711
272712
272713
272714
273655
273656
273657
273658
273659
273660
273661
273662
273663
273664
273665
273666
273667
273668
273669
273670
273671
273672
273673
273674
274615
274616
274617
274618
274619
274620
274621
274622
274623
274624
274625
274626
274627
274628
274629
274630
274631
274632
274633
274634
275575
275576
275577
275578
275579
275580
275581
275582
275583
275584
275585
275586
275587
275588
275589
275590
275591
275592
275593
275594
276535
276536
276537
276538
276539
276540
276541
276542
276543
276544
276545
276546
276547
276548
276549
276550
276551
276552
276553
276554
277495
277496
277497
277498
277499
277500
277501
277502
277503
277504
277505
277506
277507
277508
277509
277510
277511
277512
277513
277514
278455
278456
278457
278458
278459
278460
278461
278462
278463
278464
278465
278466
278467
278468
278469
278470
278471
278472
278473
278474
279415
279416
279417
279418
279419
279420
279421
279422
279423
279424
279425
279426
279427
279428
279429
279430
279431
279432
279433
279434
280375
280376
280377
280378
280379
280380
280381
280382
280383
280384
280385
280386
280387
280388
280389
280390
280391
280392
280393
280394
281335
281336
281337
281338
281339
281340
281341
281342
281343
281344
281345
281346
281347
281348
281349
281350
281351
281352
281353
281354
282295
282296
282297
282298
282299
282300
282301
282302
282303
282304
282305
282306
282307
282308
282309
282310
282311
282312
282313
282314
283255
283256
283257
283258
283259
283260
283261
283262
283263
283264
283265
283266
283267
283268
283269
283270
283271
283272
283273
283274
284215
284216
284217
284218
284219
284220
284221
284222
284223
284224
284225
284226
284227
284228
284229
284230
284231
284232
284233
284234
285175
285176
285177
285178
285179
285180
285181
285182
285183
285184
285185
285186
285187
285188
285189
285190
285191
285192
285193
285194
286135
286136
286137
286138
286139
286140
286141
286142
286143
286144
286145
286146
286147
286148
286149
286150
286151
286152
286153
286154
287095
287096
287097
287098
287099
287100
287101
287102
287103
287104
287105
287106
287107
287108
287109
287110
287111
287112
287113
287114
288055
288056
288057
288058
288059
288060
288061
288062
288063
288064
288065
288066
288067
288068
288069
288070
288071
288072
288073
288074
289015
289016
289017
289018
289019
289020
289021
289022
289023
289024
289025
289026
289027
289028
289029
289030
289031
289032
289033
289034
289975
289976
289977
289978
289979
289980
289981
289982
289983
289984
289985
289986
289987
289988
289989
289990
289991
289992
289993
289994
290935
290936
290937
290938
290939
290940
290941
290942
290943
290944
290945
290946
290947
290948
290949
290950
290951
290952
290953
290954
291895
291896
291897
291898
291899
291900
291901
291902
291903
291904
291905
291906
291907
291908
291909
291910
291911
291912
291913
291914
292855
292856
292857
292858
292859
292860
292861
292862
292863
292864
292865
292866
292867
292868
292869
292870
292871
292872
292873
292874
293815
293816
293817
293818
293819
293820
293821
293822
293823
293824
293825
293826
293827
293828
293829
293830
293831
293832
293833
293834
294775
294776
294777
294778
294779
294780
294781
294782
294783
294784
294785
294786
294787
294788
294789
294790
294791
294792
294793
294794
295735
295736
295737
295738
295739
295740
295741
295742
295743
295744
295745
295746
295747
295748
295749
295750
295751
295752
295753
295754
296695
296696
296697
296698
296699
296700
296701
296702
296703
296704
296705
296706
296707
296708
296709
296710
296711
296712
296713
296714
297655
297656
297657
297658
297659
297660
297661
297662
297663
297664
297665
297666
297667
297668
297669
297670
297671
297672
297673
297674
298615
298616
298617
298618
298619
298620
298621
298622
298623
298624
298625
298626
298627
298628
298629
298630
298631
298632
298633
298634
299575
299576
299577
299578
299579
299580
299581
299582
299583
299584
299585
299586
299587
299588
299589
299590
299591
299592
299593
299594
300535
300536
300537
300538
300539
300540
300541
300542
300543
300544
300545
300546
300547
300548
300549
300550
300551
300552
300553
300554
301495
301496
301497
301498
301499
301500
301501
301502
301503
301504
301505
301506
301507
301508
301509
301510
301511
301512
301513
301514
302455
302456
302457
302458
302459
302460
302461
302462
302463
302464
302465
302466
302467
302468
302469
302470
302471
302472
302473
302474
303415
303416
303417
303418
303419
303420
303421
303422
303423
303424
303425
303426
303427
303428
303429
303430
303431
303432
303433
303434
304375
304376
304377
304378
304379
304380
304381
304382
304383
304384
304385
304386
304387
304388
304389
304390
304391
304392
304393
304394
305335
305336
305337
305338
305339
305340
305341
305342
305343
305344
305345
305346
305347
305348
305349
305350
305351
305352
305353
305354
306295
306296
306297
306298
306299
306300
306301
306302
306303
306304
306305
306306
306307
306308
306309
306310
306311
306312
306313
306314
307255
307256
307257
307258
307259
307260
307261
307262
307263
307264
307265
307266
307267
307268
307269
307270
307271
307272
307273
307274
308912
308913
308914
308915
308916
308917
308918
308919
308920
308921
308922
308923
308924
308925
308926
308927
308928
308929
308930
308931
-834
-2754
-4674
-6594
-8514
-10434
-12354
-14273
-16192
-18111
-20030
-21949
-23868
-25787
-27706
-29625
-31544
-33463
-35382
-37301
-39220
-41139
-43058
-43059
-44975
-46894
-48813
-50732
-52651
-54570
-56489
-58408
-60327
-62246
-64165
-66084
-68003
-69922
-71841
-73760
-75680
-77600
-79520
-81440
-83360
-85280
-87200
-89120
-91040
-92959
-94878
-96797
-98716
-100635
-102554
-104473
-106392
-108311
-110230
-112149
-114068
-115987
-117906
-119825
-121744
-123663
-125582
-127501
-129420
-131339
-133258
-135177
-137096
-139015
-140934
-142853
-144772
-146691
-148610
-150529
-152033
874
2794
4714
6634
8554
10474
12394
14313
16232
18151
20070
21989
23908
25827
27746
29665
31584
33503
35422
37341
39260
41179
43098
45017
46936
48855
50774
52693
54612
56531
58450
60369
62288
64207
64208
66124
68043
69962
71881
73800
75720
77640
79560
81480
83400
85320
87240
89160
91080
92999
94918
96837
98756
100675
102594
104513
106432
108351
110270
112189
114108
116027
117946
119865
121784
123703
125622
127541
129460
131379
133298
135217
137136
139055
140974
142893
144812
146731
148650
150569
152053
)


// ************************************************************************* //
