/*--------------------------------*- C++ -*----------------------------------*\
| =========                 |                                                 |
| \\      /  F ield         | OpenFOAM: The Open Source CFD Toolbox           |
|  \\    /   O peration     | Version:  2.3.0                                 |
|   \\  /    A nd           | Web:      www.OpenFOAM.org                      |
|    \\/     M anipulation  |                                                 |
\*---------------------------------------------------------------------------*/
FoamFile
{
    version     2.0;
    format      ascii;
    class       labelList;
    location    "constant/polyMesh";
    object      faceProcAddressing;
}
// * * * * * * * * * * * * * * * * * * * * * * * * * * * * * * * * * * * * * //


6525
(
1802
1803
1804
1805
1806
1807
1808
1809
1810
1811
1812
1813
1814
1815
1816
1817
1818
1819
1820
1821
1822
1823
1824
1825
1826
1827
1828
1829
1830
1831
1832
1833
1834
1835
1836
1837
1838
1839
1841
3722
3723
3724
3725
3726
3727
3728
3729
3730
3731
3732
3733
3734
3735
3736
3737
3738
3739
3740
3741
3742
3743
3744
3745
3746
3747
3748
3749
3750
3751
3752
3753
3754
3755
3756
3757
3758
3759
3761
5642
5643
5644
5645
5646
5647
5648
5649
5650
5651
5652
5653
5654
5655
5656
5657
5658
5659
5660
5661
5662
5663
5664
5665
5666
5667
5668
5669
5670
5671
5672
5673
5674
5675
5676
5677
5678
5679
5681
7562
7563
7564
7565
7566
7567
7568
7569
7570
7571
7572
7573
7574
7575
7576
7577
7578
7579
7580
7581
7582
7583
7584
7585
7586
7587
7588
7589
7590
7591
7592
7593
7594
7595
7596
7597
7598
7599
7601
9482
9483
9484
9485
9486
9487
9488
9489
9490
9491
9492
9493
9494
9495
9496
9497
9498
9499
9500
9501
9502
9503
9504
9505
9506
9507
9508
9509
9510
9511
9512
9513
9514
9515
9516
9517
9518
9519
9521
11402
11403
11404
11405
11406
11407
11408
11409
11410
11411
11412
11413
11414
11415
11416
11417
11418
11419
11420
11421
11422
11423
11424
11425
11426
11427
11428
11429
11430
11431
11432
11433
11434
11435
11436
11437
11438
11439
11441
13322
13323
13324
13325
13326
13327
13328
13329
13330
13331
13332
13333
13334
13335
13336
13337
13338
13339
13340
13341
13342
13343
13344
13345
13346
13347
13348
13349
13350
13351
13352
13353
13354
13355
13356
13357
13358
13359
13361
15241
15242
15243
15244
15245
15246
15247
15248
15249
15250
15251
15252
15253
15254
15255
15256
15257
15258
15259
15260
15261
15262
15263
15264
15265
15266
15267
15268
15269
15270
15271
15272
15273
15274
15275
15276
15277
15278
15280
17160
17161
17162
17163
17164
17165
17166
17167
17168
17169
17170
17171
17172
17173
17174
17175
17176
17177
17178
17179
17180
17181
17182
17183
17184
17185
17186
17187
17188
17189
17190
17191
17192
17193
17194
17195
17196
17197
17199
19079
19080
19081
19082
19083
19084
19085
19086
19087
19088
19089
19090
19091
19092
19093
19094
19095
19096
19097
19098
19099
19100
19101
19102
19103
19104
19105
19106
19107
19108
19109
19110
19111
19112
19113
19114
19115
19116
19118
20998
20999
21000
21001
21002
21003
21004
21005
21006
21007
21008
21009
21010
21011
21012
21013
21014
21015
21016
21017
21018
21019
21020
21021
21022
21023
21024
21025
21026
21027
21028
21029
21030
21031
21032
21033
21034
21035
21037
22917
22918
22919
22920
22921
22922
22923
22924
22925
22926
22927
22928
22929
22930
22931
22932
22933
22934
22935
22936
22937
22938
22939
22940
22941
22942
22943
22944
22945
22946
22947
22948
22949
22950
22951
22952
22953
22954
22956
24836
24837
24838
24839
24840
24841
24842
24843
24844
24845
24846
24847
24848
24849
24850
24851
24852
24853
24854
24855
24856
24857
24858
24859
24860
24861
24862
24863
24864
24865
24866
24867
24868
24869
24870
24871
24872
24873
24875
26755
26756
26757
26758
26759
26760
26761
26762
26763
26764
26765
26766
26767
26768
26769
26770
26771
26772
26773
26774
26775
26776
26777
26778
26779
26780
26781
26782
26783
26784
26785
26786
26787
26788
26789
26790
26791
26792
26794
28674
28675
28676
28677
28678
28679
28680
28681
28682
28683
28684
28685
28686
28687
28688
28689
28690
28691
28692
28693
28694
28695
28696
28697
28698
28699
28700
28701
28702
28703
28704
28705
28706
28707
28708
28709
28710
28711
28713
30593
30594
30595
30596
30597
30598
30599
30600
30601
30602
30603
30604
30605
30606
30607
30608
30609
30610
30611
30612
30613
30614
30615
30616
30617
30618
30619
30620
30621
30622
30623
30624
30625
30626
30627
30628
30629
30630
30632
32512
32513
32514
32515
32516
32517
32518
32519
32520
32521
32522
32523
32524
32525
32526
32527
32528
32529
32530
32531
32532
32533
32534
32535
32536
32537
32538
32539
32540
32541
32542
32543
32544
32545
32546
32547
32548
32549
32551
34431
34432
34433
34434
34435
34436
34437
34438
34439
34440
34441
34442
34443
34444
34445
34446
34447
34448
34449
34450
34451
34452
34453
34454
34455
34456
34457
34458
34459
34460
34461
34462
34463
34464
34465
34466
34467
34468
34470
36350
36351
36352
36353
36354
36355
36356
36357
36358
36359
36360
36361
36362
36363
36364
36365
36366
36367
36368
36369
36370
36371
36372
36373
36374
36375
36376
36377
36378
36379
36380
36381
36382
36383
36384
36385
36386
36387
36389
38269
38270
38271
38272
38273
38274
38275
38276
38277
38278
38279
38280
38281
38282
38283
38284
38285
38286
38287
38288
38289
38290
38291
38292
38293
38294
38295
38296
38297
38298
38299
38300
38301
38302
38303
38304
38305
38306
38308
40188
40189
40190
40191
40192
40193
40194
40195
40196
40197
40198
40199
40200
40201
40202
40203
40204
40205
40206
40207
40208
40209
40210
40211
40212
40213
40214
40215
40216
40217
40218
40219
40220
40221
40222
40223
40224
40225
40227
42107
42108
42109
42110
42111
42112
42113
42114
42115
42116
42117
42118
42119
42120
42121
42122
42123
42124
42125
42126
42127
42128
42129
42130
42131
42132
42133
42134
42135
42136
42137
42138
42139
42140
42141
42142
42143
42144
42146
44026
44027
44028
44029
44030
44031
44032
44033
44034
44035
44036
44037
44038
44039
44040
44041
44042
44043
44044
44045
44046
44047
44048
44049
44050
44051
44052
44053
44054
44055
44056
44057
44058
44059
44060
44061
44062
44063
44065
45945
45946
45947
45948
45949
45950
45951
45952
45953
45954
45955
45956
45957
45958
45959
45960
45961
45962
45963
45964
45965
45966
45967
45968
45969
45970
45971
45972
45973
45974
45975
45976
45977
45978
45979
45980
45981
45982
45984
47864
47865
47866
47867
47868
47869
47870
47871
47872
47873
47874
47875
47876
47877
47878
47879
47880
47881
47882
47883
47884
47885
47886
47887
47888
47889
47890
47891
47892
47893
47894
47895
47896
47897
47898
47899
47900
47901
47903
49783
49784
49785
49786
49787
49788
49789
49790
49791
49792
49793
49794
49795
49796
49797
49798
49799
49800
49801
49802
49803
49804
49805
49806
49807
49808
49809
49810
49811
49812
49813
49814
49815
49816
49817
49818
49819
49820
49822
51702
51703
51704
51705
51706
51707
51708
51709
51710
51711
51712
51713
51714
51715
51716
51717
51718
51719
51720
51721
51722
51723
51724
51725
51726
51727
51728
51729
51730
51731
51732
51733
51734
51735
51736
51737
51738
51739
51741
53621
53622
53623
53624
53625
53626
53627
53628
53629
53630
53631
53632
53633
53634
53635
53636
53637
53638
53639
53640
53641
53642
53643
53644
53645
53646
53647
53648
53649
53650
53651
53652
53653
53654
53655
53656
53657
53658
53660
55540
55541
55542
55543
55544
55545
55546
55547
55548
55549
55550
55551
55552
55553
55554
55555
55556
55557
55558
55559
55560
55561
55562
55563
55564
55565
55566
55567
55568
55569
55570
55571
55572
55573
55574
55575
55576
55577
55579
57459
57460
57461
57462
57463
57464
57465
57466
57467
57468
57469
57470
57471
57472
57473
57474
57475
57476
57477
57478
57479
57480
57481
57482
57483
57484
57485
57486
57487
57488
57489
57490
57491
57492
57493
57494
57495
57496
57498
59378
59379
59380
59381
59382
59383
59384
59385
59386
59387
59388
59389
59390
59391
59392
59393
59394
59395
59396
59397
59398
59399
59400
59401
59402
59403
59404
59405
59406
59407
59408
59409
59410
59411
59412
59413
59414
59415
59417
61297
61298
61299
61300
61301
61302
61303
61304
61305
61306
61307
61308
61309
61310
61311
61312
61313
61314
61315
61316
61317
61318
61319
61320
61321
61322
61323
61324
61325
61326
61327
61328
61329
61330
61331
61332
61333
61334
61336
63216
63217
63218
63219
63220
63221
63222
63223
63224
63225
63226
63227
63228
63229
63230
63231
63232
63233
63234
63235
63236
63237
63238
63239
63240
63241
63242
63243
63244
63245
63246
63247
63248
63249
63250
63251
63252
63253
63255
65135
65136
65137
65138
65139
65140
65141
65142
65143
65144
65145
65146
65147
65148
65149
65150
65151
65152
65153
65154
65155
65156
65157
65158
65159
65160
65161
65162
65163
65164
65165
65166
65167
65168
65169
65170
65171
65172
65174
67054
67055
67056
67057
67058
67059
67060
67061
67062
67063
67064
67065
67066
67067
67068
67069
67070
67071
67072
67073
67074
67075
67076
67077
67078
67079
67080
67081
67082
67083
67084
67085
67086
67087
67088
67089
67090
67091
67093
68973
68974
68975
68976
68977
68978
68979
68980
68981
68982
68983
68984
68985
68986
68987
68988
68989
68990
68991
68992
68993
68994
68995
68996
68997
68998
68999
69000
69001
69002
69003
69004
69005
69006
69007
69008
69009
69010
69012
70892
70893
70894
70895
70896
70897
70898
70899
70900
70901
70902
70903
70904
70905
70906
70907
70908
70909
70910
70911
70912
70913
70914
70915
70916
70917
70918
70919
70920
70921
70922
70923
70924
70925
70926
70927
70928
70929
70931
72811
72812
72813
72814
72815
72816
72817
72818
72819
72820
72821
72822
72823
72824
72825
72826
72827
72828
72829
72830
72831
72832
72833
72834
72835
72836
72837
72838
72839
72840
72841
72842
72843
72844
72845
72846
72847
72848
72850
74730
74731
74732
74733
74734
74735
74736
74737
74738
74739
74740
74741
74742
74743
74744
74745
74746
74747
74748
74749
74750
74751
74752
74753
74754
74755
74756
74757
74758
74759
74760
74761
74762
74763
74764
74765
74766
74767
74769
76650
76651
76652
76653
76654
76655
76656
76657
76658
76659
76660
76661
76662
76663
76664
76665
76666
76667
76668
76669
76670
76671
76672
76673
76674
76675
76676
76677
76678
76679
76680
76681
76682
76683
76684
76685
76686
76687
76689
78570
78571
78572
78573
78574
78575
78576
78577
78578
78579
78580
78581
78582
78583
78584
78585
78586
78587
78588
78589
78590
78591
78592
78593
78594
78595
78596
78597
78598
78599
78600
78601
78602
78603
78604
78605
78606
78607
78609
80490
80491
80492
80493
80494
80495
80496
80497
80498
80499
80500
80501
80502
80503
80504
80505
80506
80507
80508
80509
80510
80511
80512
80513
80514
80515
80516
80517
80518
80519
80520
80521
80522
80523
80524
80525
80526
80527
80529
82410
82411
82412
82413
82414
82415
82416
82417
82418
82419
82420
82421
82422
82423
82424
82425
82426
82427
82428
82429
82430
82431
82432
82433
82434
82435
82436
82437
82438
82439
82440
82441
82442
82443
82444
82445
82446
82447
82449
84330
84331
84332
84333
84334
84335
84336
84337
84338
84339
84340
84341
84342
84343
84344
84345
84346
84347
84348
84349
84350
84351
84352
84353
84354
84355
84356
84357
84358
84359
84360
84361
84362
84363
84364
84365
84366
84367
84369
86250
86251
86252
86253
86254
86255
86256
86257
86258
86259
86260
86261
86262
86263
86264
86265
86266
86267
86268
86269
86270
86271
86272
86273
86274
86275
86276
86277
86278
86279
86280
86281
86282
86283
86284
86285
86286
86287
86289
88170
88171
88172
88173
88174
88175
88176
88177
88178
88179
88180
88181
88182
88183
88184
88185
88186
88187
88188
88189
88190
88191
88192
88193
88194
88195
88196
88197
88198
88199
88200
88201
88202
88203
88204
88205
88206
88207
88209
90090
90091
90092
90093
90094
90095
90096
90097
90098
90099
90100
90101
90102
90103
90104
90105
90106
90107
90108
90109
90110
90111
90112
90113
90114
90115
90116
90117
90118
90119
90120
90121
90122
90123
90124
90125
90126
90127
90129
92008
92009
92010
92011
92012
92013
92014
92015
92016
92017
92018
92019
92020
92021
92022
92023
92024
92025
92026
92027
92028
92029
92030
92031
92032
92033
92034
92035
92036
92037
92038
92039
92040
92041
92042
92043
92044
92045
92046
92047
92049
93927
93928
93929
93930
93931
93932
93933
93934
93935
93936
93937
93938
93939
93940
93941
93942
93943
93944
93945
93946
93947
93948
93949
93950
93951
93952
93953
93954
93955
93956
93957
93958
93959
93960
93961
93962
93963
93964
93965
93966
93968
95846
95847
95848
95849
95850
95851
95852
95853
95854
95855
95856
95857
95858
95859
95860
95861
95862
95863
95864
95865
95866
95867
95868
95869
95870
95871
95872
95873
95874
95875
95876
95877
95878
95879
95880
95881
95882
95883
95884
95885
95887
97765
97766
97767
97768
97769
97770
97771
97772
97773
97774
97775
97776
97777
97778
97779
97780
97781
97782
97783
97784
97785
97786
97787
97788
97789
97790
97791
97792
97793
97794
97795
97796
97797
97798
97799
97800
97801
97802
97803
97804
97806
99684
99685
99686
99687
99688
99689
99690
99691
99692
99693
99694
99695
99696
99697
99698
99699
99700
99701
99702
99703
99704
99705
99706
99707
99708
99709
99710
99711
99712
99713
99714
99715
99716
99717
99718
99719
99720
99721
99722
99723
99725
101603
101604
101605
101606
101607
101608
101609
101610
101611
101612
101613
101614
101615
101616
101617
101618
101619
101620
101621
101622
101623
101624
101625
101626
101627
101628
101629
101630
101631
101632
101633
101634
101635
101636
101637
101638
101639
101640
101641
101642
101644
103522
103523
103524
103525
103526
103527
103528
103529
103530
103531
103532
103533
103534
103535
103536
103537
103538
103539
103540
103541
103542
103543
103544
103545
103546
103547
103548
103549
103550
103551
103552
103553
103554
103555
103556
103557
103558
103559
103560
103561
103563
105441
105442
105443
105444
105445
105446
105447
105448
105449
105450
105451
105452
105453
105454
105455
105456
105457
105458
105459
105460
105461
105462
105463
105464
105465
105466
105467
105468
105469
105470
105471
105472
105473
105474
105475
105476
105477
105478
105479
105480
105482
107360
107361
107362
107363
107364
107365
107366
107367
107368
107369
107370
107371
107372
107373
107374
107375
107376
107377
107378
107379
107380
107381
107382
107383
107384
107385
107386
107387
107388
107389
107390
107391
107392
107393
107394
107395
107396
107397
107398
107399
107401
109279
109280
109281
109282
109283
109284
109285
109286
109287
109288
109289
109290
109291
109292
109293
109294
109295
109296
109297
109298
109299
109300
109301
109302
109303
109304
109305
109306
109307
109308
109309
109310
109311
109312
109313
109314
109315
109316
109317
109318
109320
111198
111199
111200
111201
111202
111203
111204
111205
111206
111207
111208
111209
111210
111211
111212
111213
111214
111215
111216
111217
111218
111219
111220
111221
111222
111223
111224
111225
111226
111227
111228
111229
111230
111231
111232
111233
111234
111235
111236
111237
113117
113118
113119
113120
113121
113122
113123
113124
113125
113126
113127
113128
113129
113130
113131
113132
113133
113134
113135
113136
113137
113138
113139
113140
113141
113142
113143
113144
113145
113146
113147
113148
113149
113150
113151
113152
113153
113154
113156
115036
115037
115038
115039
115040
115041
115042
115043
115044
115045
115046
115047
115048
115049
115050
115051
115052
115053
115054
115055
115056
115057
115058
115059
115060
115061
115062
115063
115064
115065
115066
115067
115068
115069
115070
115071
115072
115073
115075
116955
116956
116957
116958
116959
116960
116961
116962
116963
116964
116965
116966
116967
116968
116969
116970
116971
116972
116973
116974
116975
116976
116977
116978
116979
116980
116981
116982
116983
116984
116985
116986
116987
116988
116989
116990
116991
116992
116994
118874
118875
118876
118877
118878
118879
118880
118881
118882
118883
118884
118885
118886
118887
118888
118889
118890
118891
118892
118893
118894
118895
118896
118897
118898
118899
118900
118901
118902
118903
118904
118905
118906
118907
118908
118909
118910
118911
118913
120793
120794
120795
120796
120797
120798
120799
120800
120801
120802
120803
120804
120805
120806
120807
120808
120809
120810
120811
120812
120813
120814
120815
120816
120817
120818
120819
120820
120821
120822
120823
120824
120825
120826
120827
120828
120829
120830
120832
122712
122713
122714
122715
122716
122717
122718
122719
122720
122721
122722
122723
122724
122725
122726
122727
122728
122729
122730
122731
122732
122733
122734
122735
122736
122737
122738
122739
122740
122741
122742
122743
122744
122745
122746
122747
122748
122749
122751
124631
124632
124633
124634
124635
124636
124637
124638
124639
124640
124641
124642
124643
124644
124645
124646
124647
124648
124649
124650
124651
124652
124653
124654
124655
124656
124657
124658
124659
124660
124661
124662
124663
124664
124665
124666
124667
124668
124670
126550
126551
126552
126553
126554
126555
126556
126557
126558
126559
126560
126561
126562
126563
126564
126565
126566
126567
126568
126569
126570
126571
126572
126573
126574
126575
126576
126577
126578
126579
126580
126581
126582
126583
126584
126585
126586
126587
126589
128469
128470
128471
128472
128473
128474
128475
128476
128477
128478
128479
128480
128481
128482
128483
128484
128485
128486
128487
128488
128489
128490
128491
128492
128493
128494
128495
128496
128497
128498
128499
128500
128501
128502
128503
128504
128505
128506
128508
130388
130389
130390
130391
130392
130393
130394
130395
130396
130397
130398
130399
130400
130401
130402
130403
130404
130405
130406
130407
130408
130409
130410
130411
130412
130413
130414
130415
130416
130417
130418
130419
130420
130421
130422
130423
130424
130425
130427
132307
132308
132309
132310
132311
132312
132313
132314
132315
132316
132317
132318
132319
132320
132321
132322
132323
132324
132325
132326
132327
132328
132329
132330
132331
132332
132333
132334
132335
132336
132337
132338
132339
132340
132341
132342
132343
132344
132346
134226
134227
134228
134229
134230
134231
134232
134233
134234
134235
134236
134237
134238
134239
134240
134241
134242
134243
134244
134245
134246
134247
134248
134249
134250
134251
134252
134253
134254
134255
134256
134257
134258
134259
134260
134261
134262
134263
134265
136145
136146
136147
136148
136149
136150
136151
136152
136153
136154
136155
136156
136157
136158
136159
136160
136161
136162
136163
136164
136165
136166
136167
136168
136169
136170
136171
136172
136173
136174
136175
136176
136177
136178
136179
136180
136181
136182
136184
138064
138065
138066
138067
138068
138069
138070
138071
138072
138073
138074
138075
138076
138077
138078
138079
138080
138081
138082
138083
138084
138085
138086
138087
138088
138089
138090
138091
138092
138093
138094
138095
138096
138097
138098
138099
138100
138101
138103
139983
139984
139985
139986
139987
139988
139989
139990
139991
139992
139993
139994
139995
139996
139997
139998
139999
140000
140001
140002
140003
140004
140005
140006
140007
140008
140009
140010
140011
140012
140013
140014
140015
140016
140017
140018
140019
140020
140022
141902
141903
141904
141905
141906
141907
141908
141909
141910
141911
141912
141913
141914
141915
141916
141917
141918
141919
141920
141921
141922
141923
141924
141925
141926
141927
141928
141929
141930
141931
141932
141933
141934
141935
141936
141937
141938
141939
141941
143821
143822
143823
143824
143825
143826
143827
143828
143829
143830
143831
143832
143833
143834
143835
143836
143837
143838
143839
143840
143841
143842
143843
143844
143845
143846
143847
143848
143849
143850
143851
143852
143853
143854
143855
143856
143857
143858
143860
145740
145741
145742
145743
145744
145745
145746
145747
145748
145749
145750
145751
145752
145753
145754
145755
145756
145757
145758
145759
145760
145761
145762
145763
145764
145765
145766
145767
145768
145769
145770
145771
145772
145773
145774
145775
145776
145777
145779
147659
147660
147661
147662
147663
147664
147665
147666
147667
147668
147669
147670
147671
147672
147673
147674
147675
147676
147677
147678
147679
147680
147681
147682
147683
147684
147685
147686
147687
147688
147689
147690
147691
147692
147693
147694
147695
147696
147698
149578
149579
149580
149581
149582
149583
149584
149585
149586
149587
149588
149589
149590
149591
149592
149593
149594
149595
149596
149597
149598
149599
149600
149601
149602
149603
149604
149605
149606
149607
149608
149609
149610
149611
149612
149613
149614
149615
149617
151497
151498
151499
151500
151501
151502
151503
151504
151505
151506
151507
151508
151509
151510
151511
151512
151513
151514
151515
151516
151517
151518
151519
151520
151521
151522
151523
151524
151525
151526
151527
151528
151529
151530
151531
151532
151533
151534
151536
152517
152518
152519
152520
152521
152522
152523
152524
152525
152526
152527
152528
152529
152530
152531
152532
152533
152534
152535
154562
154563
154564
154565
154566
154567
154568
154569
154570
154571
154572
154573
154574
154575
154576
154577
154578
154579
154580
154581
155522
155523
155524
155525
155526
155527
155528
155529
155530
155531
155532
155533
155534
155535
155536
155537
155538
155539
155540
155541
156482
156483
156484
156485
156486
156487
156488
156489
156490
156491
156492
156493
156494
156495
156496
156497
156498
156499
156500
156501
157442
157443
157444
157445
157446
157447
157448
157449
157450
157451
157452
157453
157454
157455
157456
157457
157458
157459
157460
157461
158402
158403
158404
158405
158406
158407
158408
158409
158410
158411
158412
158413
158414
158415
158416
158417
158418
158419
158420
158421
159362
159363
159364
159365
159366
159367
159368
159369
159370
159371
159372
159373
159374
159375
159376
159377
159378
159379
159380
159381
160322
160323
160324
160325
160326
160327
160328
160329
160330
160331
160332
160333
160334
160335
160336
160337
160338
160339
160340
160341
161282
161283
161284
161285
161286
161287
161288
161289
161290
161291
161292
161293
161294
161295
161296
161297
161298
161299
161300
161301
162242
162243
162244
162245
162246
162247
162248
162249
162250
162251
162252
162253
162254
162255
162256
162257
162258
162259
162260
162261
163202
163203
163204
163205
163206
163207
163208
163209
163210
163211
163212
163213
163214
163215
163216
163217
163218
163219
163220
163221
164162
164163
164164
164165
164166
164167
164168
164169
164170
164171
164172
164173
164174
164175
164176
164177
164178
164179
164180
164181
165122
165123
165124
165125
165126
165127
165128
165129
165130
165131
165132
165133
165134
165135
165136
165137
165138
165139
165140
165141
166082
166083
166084
166085
166086
166087
166088
166089
166090
166091
166092
166093
166094
166095
166096
166097
166098
166099
166100
166101
167042
167043
167044
167045
167046
167047
167048
167049
167050
167051
167052
167053
167054
167055
167056
167057
167058
167059
167060
167061
168002
168003
168004
168005
168006
168007
168008
168009
168010
168011
168012
168013
168014
168015
168016
168017
168018
168019
168020
168021
168962
168963
168964
168965
168966
168967
168968
168969
168970
168971
168972
168973
168974
168975
168976
168977
168978
168979
168980
168981
169922
169923
169924
169925
169926
169927
169928
169929
169930
169931
169932
169933
169934
169935
169936
169937
169938
169939
169940
169941
170882
170883
170884
170885
170886
170887
170888
170889
170890
170891
170892
170893
170894
170895
170896
170897
170898
170899
170900
170901
171842
171843
171844
171845
171846
171847
171848
171849
171850
171851
171852
171853
171854
171855
171856
171857
171858
171859
171860
171861
172802
172803
172804
172805
172806
172807
172808
172809
172810
172811
172812
172813
172814
172815
172816
172817
172818
172819
172820
172821
173762
173763
173764
173765
173766
173767
173768
173769
173770
173771
173772
173773
173774
173775
173776
173777
173778
173779
173780
173781
174722
174723
174724
174725
174726
174727
174728
174729
174730
174731
174732
174733
174734
174735
174736
174737
174738
174739
174740
174741
175682
175683
175684
175685
175686
175687
175688
175689
175690
175691
175692
175693
175694
175695
175696
175697
175698
175699
175700
175701
176642
176643
176644
176645
176646
176647
176648
176649
176650
176651
176652
176653
176654
176655
176656
176657
176658
176659
176660
176661
177602
177603
177604
177605
177606
177607
177608
177609
177610
177611
177612
177613
177614
177615
177616
177617
177618
177619
177620
177621
178562
178563
178564
178565
178566
178567
178568
178569
178570
178571
178572
178573
178574
178575
178576
178577
178578
178579
178580
178581
179522
179523
179524
179525
179526
179527
179528
179529
179530
179531
179532
179533
179534
179535
179536
179537
179538
179539
179540
179541
180482
180483
180484
180485
180486
180487
180488
180489
180490
180491
180492
180493
180494
180495
180496
180497
180498
180499
180500
180501
181442
181443
181444
181445
181446
181447
181448
181449
181450
181451
181452
181453
181454
181455
181456
181457
181458
181459
181460
181461
182402
182403
182404
182405
182406
182407
182408
182409
182410
182411
182412
182413
182414
182415
182416
182417
182418
182419
182420
182421
183362
183363
183364
183365
183366
183367
183368
183369
183370
183371
183372
183373
183374
183375
183376
183377
183378
183379
183380
183381
184322
184323
184324
184325
184326
184327
184328
184329
184330
184331
184332
184333
184334
184335
184336
184337
184338
184339
184340
184341
185282
185283
185284
185285
185286
185287
185288
185289
185290
185291
185292
185293
185294
185295
185296
185297
185298
185299
185300
185301
186242
186243
186244
186245
186246
186247
186248
186249
186250
186251
186252
186253
186254
186255
186256
186257
186258
186259
186260
186261
187202
187203
187204
187205
187206
187207
187208
187209
187210
187211
187212
187213
187214
187215
187216
187217
187218
187219
187220
187221
188162
188163
188164
188165
188166
188167
188168
188169
188170
188171
188172
188173
188174
188175
188176
188177
188178
188179
188180
188181
189122
189123
189124
189125
189126
189127
189128
189129
189130
189131
189132
189133
189134
189135
189136
189137
189138
189139
189140
189141
190082
190083
190084
190085
190086
190087
190088
190089
190090
190091
190092
190093
190094
190095
190096
190097
190098
190099
190100
190101
191042
191043
191044
191045
191046
191047
191048
191049
191050
191051
191052
191053
191054
191055
191056
191057
191058
191059
191060
191061
192002
192003
192004
192005
192006
192007
192008
192009
192010
192011
192012
192013
192014
192015
192016
192017
192018
192019
192020
192021
192962
192963
192964
192965
192966
192967
192968
192969
192970
192971
192972
192973
192974
192975
192976
192977
192978
192979
192980
192981
193922
193923
193924
193925
193926
193927
193928
193929
193930
193931
193932
193933
193934
193935
193936
193937
193938
193939
193940
193941
194882
194883
194884
194885
194886
194887
194888
194889
194890
194891
194892
194893
194894
194895
194896
194897
194898
194899
194900
194901
195842
195843
195844
195845
195846
195847
195848
195849
195850
195851
195852
195853
195854
195855
195856
195857
195858
195859
195860
195861
196802
196803
196804
196805
196806
196807
196808
196809
196810
196811
196812
196813
196814
196815
196816
196817
196818
196819
196820
196821
197762
197763
197764
197765
197766
197767
197768
197769
197770
197771
197772
197773
197774
197775
197776
197777
197778
197779
197780
197781
198722
198723
198724
198725
198726
198727
198728
198729
198730
198731
198732
198733
198734
198735
198736
198737
198738
198739
198740
198741
199681
199682
199683
199684
199685
199686
199687
199688
199689
199690
199691
199692
199693
199694
199695
199696
199697
199698
199699
199700
199701
200641
200642
200643
200644
200645
200646
200647
200648
200649
200650
200651
200652
200653
200654
200655
200656
200657
200658
200659
200660
200661
201601
201602
201603
201604
201605
201606
201607
201608
201609
201610
201611
201612
201613
201614
201615
201616
201617
201618
201619
201620
201621
202561
202562
202563
202564
202565
202566
202567
202568
202569
202570
202571
202572
202573
202574
202575
202576
202577
202578
202579
202580
202581
203521
203522
203523
203524
203525
203526
203527
203528
203529
203530
203531
203532
203533
203534
203535
203536
203537
203538
203539
203540
203541
204481
204482
204483
204484
204485
204486
204487
204488
204489
204490
204491
204492
204493
204494
204495
204496
204497
204498
204499
204500
204501
205441
205442
205443
205444
205445
205446
205447
205448
205449
205450
205451
205452
205453
205454
205455
205456
205457
205458
205459
205460
205461
206401
206402
206403
206404
206405
206406
206407
206408
206409
206410
206411
206412
206413
206414
206415
206416
206417
206418
206419
206420
206421
207361
207362
207363
207364
207365
207366
207367
207368
207369
207370
207371
207372
207373
207374
207375
207376
207377
207378
207379
207380
207381
208321
208322
208323
208324
208325
208326
208327
208328
208329
208330
208331
208332
208333
208334
208335
208336
208337
208338
208339
208340
208341
209281
209282
209283
209284
209285
209286
209287
209288
209289
209290
209291
209292
209293
209294
209295
209296
209297
209298
209299
209300
209301
210241
210242
210243
210244
210245
210246
210247
210248
210249
210250
210251
210252
210253
210254
210255
210256
210257
210258
210259
210260
211201
211202
211203
211204
211205
211206
211207
211208
211209
211210
211211
211212
211213
211214
211215
211216
211217
211218
211219
211220
212161
212162
212163
212164
212165
212166
212167
212168
212169
212170
212171
212172
212173
212174
212175
212176
212177
212178
212179
212180
213121
213122
213123
213124
213125
213126
213127
213128
213129
213130
213131
213132
213133
213134
213135
213136
213137
213138
213139
213140
214081
214082
214083
214084
214085
214086
214087
214088
214089
214090
214091
214092
214093
214094
214095
214096
214097
214098
214099
214100
215041
215042
215043
215044
215045
215046
215047
215048
215049
215050
215051
215052
215053
215054
215055
215056
215057
215058
215059
215060
216001
216002
216003
216004
216005
216006
216007
216008
216009
216010
216011
216012
216013
216014
216015
216016
216017
216018
216019
216020
216961
216962
216963
216964
216965
216966
216967
216968
216969
216970
216971
216972
216973
216974
216975
216976
216977
216978
216979
216980
217921
217922
217923
217924
217925
217926
217927
217928
217929
217930
217931
217932
217933
217934
217935
217936
217937
217938
217939
217940
218881
218882
218883
218884
218885
218886
218887
218888
218889
218890
218891
218892
218893
218894
218895
218896
218897
218898
218899
218900
219841
219842
219843
219844
219845
219846
219847
219848
219849
219850
219851
219852
219853
219854
219855
219856
219857
219858
219859
219860
220801
220802
220803
220804
220805
220806
220807
220808
220809
220810
220811
220812
220813
220814
220815
220816
220817
220818
220819
220820
221761
221762
221763
221764
221765
221766
221767
221768
221769
221770
221771
221772
221773
221774
221775
221776
221777
221778
221779
221780
222721
222722
222723
222724
222725
222726
222727
222728
222729
222730
222731
222732
222733
222734
222735
222736
222737
222738
222739
222740
223681
223682
223683
223684
223685
223686
223687
223688
223689
223690
223691
223692
223693
223694
223695
223696
223697
223698
223699
223700
224641
224642
224643
224644
224645
224646
224647
224648
224649
224650
224651
224652
224653
224654
224655
224656
224657
224658
224659
224660
225601
225602
225603
225604
225605
225606
225607
225608
225609
225610
225611
225612
225613
225614
225615
225616
225617
225618
225619
225620
226561
226562
226563
226564
226565
226566
226567
226568
226569
226570
226571
226572
226573
226574
226575
226576
226577
226578
226579
226580
227521
227522
227523
227524
227525
227526
227527
227528
227529
227530
227531
227532
227533
227534
227535
227536
227537
227538
227539
227540
228481
228482
228483
228484
228485
228486
228487
228488
228489
228490
228491
228492
228493
228494
228495
228496
228497
228498
228499
228500
229441
229442
229443
229444
229445
229446
229447
229448
229449
229450
229451
229452
229453
229454
229455
229456
229457
229458
229459
229460
230401
230402
230403
230404
230405
230406
230407
230408
230409
230410
230411
230412
230413
230414
230415
230416
230417
230418
230419
230420
231899
231900
231901
231902
231903
231904
231905
231906
231907
231908
231909
231910
231911
231912
231913
231914
231915
231916
231917
231918
232859
232860
232861
232862
232863
232864
232865
232866
232867
232868
232869
232870
232871
232872
232873
232874
232875
232876
232877
232878
233819
233820
233821
233822
233823
233824
233825
233826
233827
233828
233829
233830
233831
233832
233833
233834
233835
233836
233837
233838
234779
234780
234781
234782
234783
234784
234785
234786
234787
234788
234789
234790
234791
234792
234793
234794
234795
234796
234797
234798
235739
235740
235741
235742
235743
235744
235745
235746
235747
235748
235749
235750
235751
235752
235753
235754
235755
235756
235757
235758
236699
236700
236701
236702
236703
236704
236705
236706
236707
236708
236709
236710
236711
236712
236713
236714
236715
236716
236717
236718
237659
237660
237661
237662
237663
237664
237665
237666
237667
237668
237669
237670
237671
237672
237673
237674
237675
237676
237677
237678
238619
238620
238621
238622
238623
238624
238625
238626
238627
238628
238629
238630
238631
238632
238633
238634
238635
238636
238637
238638
239579
239580
239581
239582
239583
239584
239585
239586
239587
239588
239589
239590
239591
239592
239593
239594
239595
239596
239597
239598
240539
240540
240541
240542
240543
240544
240545
240546
240547
240548
240549
240550
240551
240552
240553
240554
240555
240556
240557
240558
241499
241500
241501
241502
241503
241504
241505
241506
241507
241508
241509
241510
241511
241512
241513
241514
241515
241516
241517
241518
242459
242460
242461
242462
242463
242464
242465
242466
242467
242468
242469
242470
242471
242472
242473
242474
242475
242476
242477
242478
243419
243420
243421
243422
243423
243424
243425
243426
243427
243428
243429
243430
243431
243432
243433
243434
243435
243436
243437
243438
244379
244380
244381
244382
244383
244384
244385
244386
244387
244388
244389
244390
244391
244392
244393
244394
244395
244396
244397
244398
245339
245340
245341
245342
245343
245344
245345
245346
245347
245348
245349
245350
245351
245352
245353
245354
245355
245356
245357
245358
246299
246300
246301
246302
246303
246304
246305
246306
246307
246308
246309
246310
246311
246312
246313
246314
246315
246316
246317
246318
247259
247260
247261
247262
247263
247264
247265
247266
247267
247268
247269
247270
247271
247272
247273
247274
247275
247276
247277
247278
248219
248220
248221
248222
248223
248224
248225
248226
248227
248228
248229
248230
248231
248232
248233
248234
248235
248236
248237
248238
249179
249180
249181
249182
249183
249184
249185
249186
249187
249188
249189
249190
249191
249192
249193
249194
249195
249196
249197
249198
250139
250140
250141
250142
250143
250144
250145
250146
250147
250148
250149
250150
250151
250152
250153
250154
250155
250156
250157
250158
251099
251100
251101
251102
251103
251104
251105
251106
251107
251108
251109
251110
251111
251112
251113
251114
251115
251116
251117
251118
252059
252060
252061
252062
252063
252064
252065
252066
252067
252068
252069
252070
252071
252072
252073
252074
252075
252076
252077
252078
253019
253020
253021
253022
253023
253024
253025
253026
253027
253028
253029
253030
253031
253032
253033
253034
253035
253036
253037
253038
253979
253980
253981
253982
253983
253984
253985
253986
253987
253988
253989
253990
253991
253992
253993
253994
253995
253996
253997
253998
254939
254940
254941
254942
254943
254944
254945
254946
254947
254948
254949
254950
254951
254952
254953
254954
254955
254956
254957
254958
255899
255900
255901
255902
255903
255904
255905
255906
255907
255908
255909
255910
255911
255912
255913
255914
255915
255916
255917
255918
256859
256860
256861
256862
256863
256864
256865
256866
256867
256868
256869
256870
256871
256872
256873
256874
256875
256876
256877
256878
257819
257820
257821
257822
257823
257824
257825
257826
257827
257828
257829
257830
257831
257832
257833
257834
257835
257836
257837
257838
258779
258780
258781
258782
258783
258784
258785
258786
258787
258788
258789
258790
258791
258792
258793
258794
258795
258796
258797
258798
259739
259740
259741
259742
259743
259744
259745
259746
259747
259748
259749
259750
259751
259752
259753
259754
259755
259756
259757
259758
260699
260700
260701
260702
260703
260704
260705
260706
260707
260708
260709
260710
260711
260712
260713
260714
260715
260716
260717
260718
261659
261660
261661
261662
261663
261664
261665
261666
261667
261668
261669
261670
261671
261672
261673
261674
261675
261676
261677
261678
262619
262620
262621
262622
262623
262624
262625
262626
262627
262628
262629
262630
262631
262632
262633
262634
262635
262636
262637
262638
263579
263580
263581
263582
263583
263584
263585
263586
263587
263588
263589
263590
263591
263592
263593
263594
263595
263596
263597
263598
264539
264540
264541
264542
264543
264544
264545
264546
264547
264548
264549
264550
264551
264552
264553
264554
264555
264556
264557
264558
265499
265500
265501
265502
265503
265504
265505
265506
265507
265508
265509
265510
265511
265512
265513
265514
265515
265516
265517
265518
266459
266460
266461
266462
266463
266464
266465
266466
266467
266468
266469
266470
266471
266472
266473
266474
266475
266476
266477
266478
267419
267420
267421
267422
267423
267424
267425
267426
267427
267428
267429
267430
267431
267432
267433
267434
267435
267436
267437
267438
268379
268380
268381
268382
268383
268384
268385
268386
268387
268388
268389
268390
268391
268392
268393
268394
268395
268396
268397
268398
269339
269340
269341
269342
269343
269344
269345
269346
269347
269348
269349
269350
269351
269352
269353
269354
269355
269356
269357
269358
270299
270300
270301
270302
270303
270304
270305
270306
270307
270308
270309
270310
270311
270312
270313
270314
270315
270316
270317
270318
271259
271260
271261
271262
271263
271264
271265
271266
271267
271268
271269
271270
271271
271272
271273
271274
271275
271276
271277
271278
272219
272220
272221
272222
272223
272224
272225
272226
272227
272228
272229
272230
272231
272232
272233
272234
272235
272236
272237
272238
273179
273180
273181
273182
273183
273184
273185
273186
273187
273188
273189
273190
273191
273192
273193
273194
273195
273196
273197
273198
274139
274140
274141
274142
274143
274144
274145
274146
274147
274148
274149
274150
274151
274152
274153
274154
274155
274156
274157
274158
275099
275100
275101
275102
275103
275104
275105
275106
275107
275108
275109
275110
275111
275112
275113
275114
275115
275116
275117
275118
276059
276060
276061
276062
276063
276064
276065
276066
276067
276068
276069
276070
276071
276072
276073
276074
276075
276076
276077
276078
277018
277019
277020
277021
277022
277023
277024
277025
277026
277027
277028
277029
277030
277031
277032
277033
277034
277035
277036
277037
277038
277978
277979
277980
277981
277982
277983
277984
277985
277986
277987
277988
277989
277990
277991
277992
277993
277994
277995
277996
277997
277998
278938
278939
278940
278941
278942
278943
278944
278945
278946
278947
278948
278949
278950
278951
278952
278953
278954
278955
278956
278957
278958
279898
279899
279900
279901
279902
279903
279904
279905
279906
279907
279908
279909
279910
279911
279912
279913
279914
279915
279916
279917
279918
280858
280859
280860
280861
280862
280863
280864
280865
280866
280867
280868
280869
280870
280871
280872
280873
280874
280875
280876
280877
280878
281818
281819
281820
281821
281822
281823
281824
281825
281826
281827
281828
281829
281830
281831
281832
281833
281834
281835
281836
281837
281838
282778
282779
282780
282781
282782
282783
282784
282785
282786
282787
282788
282789
282790
282791
282792
282793
282794
282795
282796
282797
282798
283738
283739
283740
283741
283742
283743
283744
283745
283746
283747
283748
283749
283750
283751
283752
283753
283754
283755
283756
283757
283758
284698
284699
284700
284701
284702
284703
284704
284705
284706
284707
284708
284709
284710
284711
284712
284713
284714
284715
284716
284717
284718
285658
285659
285660
285661
285662
285663
285664
285665
285666
285667
285668
285669
285670
285671
285672
285673
285674
285675
285676
285677
285678
286618
286619
286620
286621
286622
286623
286624
286625
286626
286627
286628
286629
286630
286631
286632
286633
286634
286635
286636
286637
286638
287578
287579
287580
287581
287582
287583
287584
287585
287586
287587
287588
287589
287590
287591
287592
287593
287594
287595
287596
287597
288538
288539
288540
288541
288542
288543
288544
288545
288546
288547
288548
288549
288550
288551
288552
288553
288554
288555
288556
288557
289498
289499
289500
289501
289502
289503
289504
289505
289506
289507
289508
289509
289510
289511
289512
289513
289514
289515
289516
289517
290458
290459
290460
290461
290462
290463
290464
290465
290466
290467
290468
290469
290470
290471
290472
290473
290474
290475
290476
290477
291418
291419
291420
291421
291422
291423
291424
291425
291426
291427
291428
291429
291430
291431
291432
291433
291434
291435
291436
291437
292378
292379
292380
292381
292382
292383
292384
292385
292386
292387
292388
292389
292390
292391
292392
292393
292394
292395
292396
292397
293338
293339
293340
293341
293342
293343
293344
293345
293346
293347
293348
293349
293350
293351
293352
293353
293354
293355
293356
293357
294298
294299
294300
294301
294302
294303
294304
294305
294306
294307
294308
294309
294310
294311
294312
294313
294314
294315
294316
294317
295258
295259
295260
295261
295262
295263
295264
295265
295266
295267
295268
295269
295270
295271
295272
295273
295274
295275
295276
295277
296218
296219
296220
296221
296222
296223
296224
296225
296226
296227
296228
296229
296230
296231
296232
296233
296234
296235
296236
296237
297178
297179
297180
297181
297182
297183
297184
297185
297186
297187
297188
297189
297190
297191
297192
297193
297194
297195
297196
297197
298138
298139
298140
298141
298142
298143
298144
298145
298146
298147
298148
298149
298150
298151
298152
298153
298154
298155
298156
298157
299098
299099
299100
299101
299102
299103
299104
299105
299106
299107
299108
299109
299110
299111
299112
299113
299114
299115
299116
299117
300058
300059
300060
300061
300062
300063
300064
300065
300066
300067
300068
300069
300070
300071
300072
300073
300074
300075
300076
300077
301018
301019
301020
301021
301022
301023
301024
301025
301026
301027
301028
301029
301030
301031
301032
301033
301034
301035
301036
301037
301978
301979
301980
301981
301982
301983
301984
301985
301986
301987
301988
301989
301990
301991
301992
301993
301994
301995
301996
301997
302938
302939
302940
302941
302942
302943
302944
302945
302946
302947
302948
302949
302950
302951
302952
302953
302954
302955
302956
302957
303898
303899
303900
303901
303902
303903
303904
303905
303906
303907
303908
303909
303910
303911
303912
303913
303914
303915
303916
303917
304858
304859
304860
304861
304862
304863
304864
304865
304866
304867
304868
304869
304870
304871
304872
304873
304874
304875
304876
304877
305818
305819
305820
305821
305822
305823
305824
305825
305826
305827
305828
305829
305830
305831
305832
305833
305834
305835
305836
305837
306778
306779
306780
306781
306782
306783
306784
306785
306786
306787
306788
306789
306790
306791
306792
306793
306794
306795
306796
306797
307738
307739
307740
307741
307742
307743
307744
307745
307746
307747
307748
307749
307750
307751
307752
307753
307754
307755
307756
307757
309395
309396
309397
309398
309399
309400
309401
309402
309403
309404
309405
309406
309407
309408
309409
309410
309411
309412
309413
309414
-1800
-3720
-5640
-7560
-9480
-11400
-13320
-15239
-17158
-19077
-20996
-22915
-24834
-26753
-28672
-30591
-32510
-34429
-36348
-38267
-40186
-42105
-44024
-45943
-47862
-49781
-51700
-53619
-55538
-57457
-59376
-61295
-63214
-65133
-67052
-68971
-70890
-72809
-74728
-76648
-78568
-80488
-82408
-84328
-86248
-88168
-90088
-90089
-92006
-93925
-95844
-97763
-99682
-101601
-103520
-105439
-107358
-109277
-111196
-113115
-115034
-116953
-118872
-120791
-122710
-124629
-126548
-128467
-130386
-132305
-134224
-136143
-138062
-139981
-141900
-143819
-145738
-147657
-149576
-151495
-152516
1840
3760
5680
7600
9520
11440
13360
15279
17198
19117
21036
22955
24874
26793
28712
30631
32550
34469
36388
38307
40226
42145
44064
45983
47902
49821
51740
53659
55578
57497
59416
61335
63254
65173
67092
69011
70930
72849
74768
76688
78608
80528
82448
84368
86288
88208
90128
92048
93967
95886
97805
99724
101643
103562
105481
107400
109319
111238
111239
113155
115074
116993
118912
120831
122750
124669
126588
128507
130426
132345
134264
136183
138102
140021
141940
143859
145778
147697
149616
151535
152536
)


// ************************************************************************* //
