/*--------------------------------*- C++ -*----------------------------------*\
| =========                 |                                                 |
| \\      /  F ield         | OpenFOAM: The Open Source CFD Toolbox           |
|  \\    /   O peration     | Version:  2.3.0                                 |
|   \\  /    A nd           | Web:      www.OpenFOAM.org                      |
|    \\/     M anipulation  |                                                 |
\*---------------------------------------------------------------------------*/
FoamFile
{
    version     2.0;
    format      ascii;
    class       labelList;
    location    "constant/polyMesh";
    object      pointProcAddressing;
}
// * * * * * * * * * * * * * * * * * * * * * * * * * * * * * * * * * * * * * //


3405
(
900
901
902
903
904
905
906
907
908
909
910
911
912
913
914
915
916
917
918
919
920
1861
1862
1863
1864
1865
1866
1867
1868
1869
1870
1871
1872
1873
1874
1875
1876
1877
1878
1879
1880
1881
2822
2823
2824
2825
2826
2827
2828
2829
2830
2831
2832
2833
2834
2835
2836
2837
2838
2839
2840
2841
2842
3783
3784
3785
3786
3787
3788
3789
3790
3791
3792
3793
3794
3795
3796
3797
3798
3799
3800
3801
3802
3803
4744
4745
4746
4747
4748
4749
4750
4751
4752
4753
4754
4755
4756
4757
4758
4759
4760
4761
4762
4763
4764
5705
5706
5707
5708
5709
5710
5711
5712
5713
5714
5715
5716
5717
5718
5719
5720
5721
5722
5723
5724
5725
6666
6667
6668
6669
6670
6671
6672
6673
6674
6675
6676
6677
6678
6679
6680
6681
6682
6683
6684
6685
6686
7627
7628
7629
7630
7631
7632
7633
7634
7635
7636
7637
7638
7639
7640
7641
7642
7643
7644
7645
7646
7647
8588
8589
8590
8591
8592
8593
8594
8595
8596
8597
8598
8599
8600
8601
8602
8603
8604
8605
8606
8607
8608
9549
9550
9551
9552
9553
9554
9555
9556
9557
9558
9559
9560
9561
9562
9563
9564
9565
9566
9567
9568
9569
10510
10511
10512
10513
10514
10515
10516
10517
10518
10519
10520
10521
10522
10523
10524
10525
10526
10527
10528
10529
10530
11471
11472
11473
11474
11475
11476
11477
11478
11479
11480
11481
11482
11483
11484
11485
11486
11487
11488
11489
11490
11491
12432
12433
12434
12435
12436
12437
12438
12439
12440
12441
12442
12443
12444
12445
12446
12447
12448
12449
12450
12451
12452
13393
13394
13395
13396
13397
13398
13399
13400
13401
13402
13403
13404
13405
13406
13407
13408
13409
13410
13411
13412
13413
14354
14355
14356
14357
14358
14359
14360
14361
14362
14363
14364
14365
14366
14367
14368
14369
14370
14371
14372
14373
14374
15315
15316
15317
15318
15319
15320
15321
15322
15323
15324
15325
15326
15327
15328
15329
15330
15331
15332
15333
15334
15335
16276
16277
16278
16279
16280
16281
16282
16283
16284
16285
16286
16287
16288
16289
16290
16291
16292
16293
16294
16295
16296
17237
17238
17239
17240
17241
17242
17243
17244
17245
17246
17247
17248
17249
17250
17251
17252
17253
17254
17255
17256
17257
18198
18199
18200
18201
18202
18203
18204
18205
18206
18207
18208
18209
18210
18211
18212
18213
18214
18215
18216
18217
18218
19159
19160
19161
19162
19163
19164
19165
19166
19167
19168
19169
19170
19171
19172
19173
19174
19175
19176
19177
19178
19179
20120
20121
20122
20123
20124
20125
20126
20127
20128
20129
20130
20131
20132
20133
20134
20135
20136
20137
20138
20139
20140
21081
21082
21083
21084
21085
21086
21087
21088
21089
21090
21091
21092
21093
21094
21095
21096
21097
21098
21099
21100
21101
22042
22043
22044
22045
22046
22047
22048
22049
22050
22051
22052
22053
22054
22055
22056
22057
22058
22059
22060
22061
22062
23003
23004
23005
23006
23007
23008
23009
23010
23011
23012
23013
23014
23015
23016
23017
23018
23019
23020
23021
23022
23023
23964
23965
23966
23967
23968
23969
23970
23971
23972
23973
23974
23975
23976
23977
23978
23979
23980
23981
23982
23983
23984
24925
24926
24927
24928
24929
24930
24931
24932
24933
24934
24935
24936
24937
24938
24939
24940
24941
24942
24943
24944
24945
25886
25887
25888
25889
25890
25891
25892
25893
25894
25895
25896
25897
25898
25899
25900
25901
25902
25903
25904
25905
25906
26847
26848
26849
26850
26851
26852
26853
26854
26855
26856
26857
26858
26859
26860
26861
26862
26863
26864
26865
26866
26867
27808
27809
27810
27811
27812
27813
27814
27815
27816
27817
27818
27819
27820
27821
27822
27823
27824
27825
27826
27827
27828
28769
28770
28771
28772
28773
28774
28775
28776
28777
28778
28779
28780
28781
28782
28783
28784
28785
28786
28787
28788
28789
29730
29731
29732
29733
29734
29735
29736
29737
29738
29739
29740
29741
29742
29743
29744
29745
29746
29747
29748
29749
29750
30691
30692
30693
30694
30695
30696
30697
30698
30699
30700
30701
30702
30703
30704
30705
30706
30707
30708
30709
30710
30711
31652
31653
31654
31655
31656
31657
31658
31659
31660
31661
31662
31663
31664
31665
31666
31667
31668
31669
31670
31671
31672
32613
32614
32615
32616
32617
32618
32619
32620
32621
32622
32623
32624
32625
32626
32627
32628
32629
32630
32631
32632
32633
33574
33575
33576
33577
33578
33579
33580
33581
33582
33583
33584
33585
33586
33587
33588
33589
33590
33591
33592
33593
33594
34535
34536
34537
34538
34539
34540
34541
34542
34543
34544
34545
34546
34547
34548
34549
34550
34551
34552
34553
34554
34555
35496
35497
35498
35499
35500
35501
35502
35503
35504
35505
35506
35507
35508
35509
35510
35511
35512
35513
35514
35515
35516
36457
36458
36459
36460
36461
36462
36463
36464
36465
36466
36467
36468
36469
36470
36471
36472
36473
36474
36475
36476
36477
37418
37419
37420
37421
37422
37423
37424
37425
37426
37427
37428
37429
37430
37431
37432
37433
37434
37435
37436
37437
37438
38379
38380
38381
38382
38383
38384
38385
38386
38387
38388
38389
38390
38391
38392
38393
38394
38395
38396
38397
38398
38399
39340
39341
39342
39343
39344
39345
39346
39347
39348
39349
39350
39351
39352
39353
39354
39355
39356
39357
39358
39359
39360
40301
40302
40303
40304
40305
40306
40307
40308
40309
40310
40311
40312
40313
40314
40315
40316
40317
40318
40319
40320
40321
41262
41263
41264
41265
41266
41267
41268
41269
41270
41271
41272
41273
41274
41275
41276
41277
41278
41279
41280
41281
41282
42223
42224
42225
42226
42227
42228
42229
42230
42231
42232
42233
42234
42235
42236
42237
42238
42239
42240
42241
42242
42243
43184
43185
43186
43187
43188
43189
43190
43191
43192
43193
43194
43195
43196
43197
43198
43199
43200
43201
43202
43203
43204
44145
44146
44147
44148
44149
44150
44151
44152
44153
44154
44155
44156
44157
44158
44159
44160
44161
44162
44163
44164
44165
45105
45106
45107
45108
45109
45110
45111
45112
45113
45114
45115
45116
45117
45118
45119
45120
45121
45122
45123
45124
45125
45126
46066
46067
46068
46069
46070
46071
46072
46073
46074
46075
46076
46077
46078
46079
46080
46081
46082
46083
46084
46085
46086
46087
47027
47028
47029
47030
47031
47032
47033
47034
47035
47036
47037
47038
47039
47040
47041
47042
47043
47044
47045
47046
47047
47048
47988
47989
47990
47991
47992
47993
47994
47995
47996
47997
47998
47999
48000
48001
48002
48003
48004
48005
48006
48007
48008
48009
48949
48950
48951
48952
48953
48954
48955
48956
48957
48958
48959
48960
48961
48962
48963
48964
48965
48966
48967
48968
48969
48970
49910
49911
49912
49913
49914
49915
49916
49917
49918
49919
49920
49921
49922
49923
49924
49925
49926
49927
49928
49929
49930
49931
50871
50872
50873
50874
50875
50876
50877
50878
50879
50880
50881
50882
50883
50884
50885
50886
50887
50888
50889
50890
50891
50892
51832
51833
51834
51835
51836
51837
51838
51839
51840
51841
51842
51843
51844
51845
51846
51847
51848
51849
51850
51851
51852
51853
52793
52794
52795
52796
52797
52798
52799
52800
52801
52802
52803
52804
52805
52806
52807
52808
52809
52810
52811
52812
52813
52814
53754
53755
53756
53757
53758
53759
53760
53761
53762
53763
53764
53765
53766
53767
53768
53769
53770
53771
53772
53773
53774
53775
54715
54716
54717
54718
54719
54720
54721
54722
54723
54724
54725
54726
54727
54728
54729
54730
54731
54732
54733
54734
54735
54736
55676
55677
55678
55679
55680
55681
55682
55683
55684
55685
55686
55687
55688
55689
55690
55691
55692
55693
55694
55695
55696
55697
56637
56638
56639
56640
56641
56642
56643
56644
56645
56646
56647
56648
56649
56650
56651
56652
56653
56654
56655
56656
56657
57598
57599
57600
57601
57602
57603
57604
57605
57606
57607
57608
57609
57610
57611
57612
57613
57614
57615
57616
57617
57618
58559
58560
58561
58562
58563
58564
58565
58566
58567
58568
58569
58570
58571
58572
58573
58574
58575
58576
58577
58578
58579
59520
59521
59522
59523
59524
59525
59526
59527
59528
59529
59530
59531
59532
59533
59534
59535
59536
59537
59538
59539
59540
60481
60482
60483
60484
60485
60486
60487
60488
60489
60490
60491
60492
60493
60494
60495
60496
60497
60498
60499
60500
60501
61442
61443
61444
61445
61446
61447
61448
61449
61450
61451
61452
61453
61454
61455
61456
61457
61458
61459
61460
61461
61462
62403
62404
62405
62406
62407
62408
62409
62410
62411
62412
62413
62414
62415
62416
62417
62418
62419
62420
62421
62422
62423
63364
63365
63366
63367
63368
63369
63370
63371
63372
63373
63374
63375
63376
63377
63378
63379
63380
63381
63382
63383
63384
64325
64326
64327
64328
64329
64330
64331
64332
64333
64334
64335
64336
64337
64338
64339
64340
64341
64342
64343
64344
64345
65286
65287
65288
65289
65290
65291
65292
65293
65294
65295
65296
65297
65298
65299
65300
65301
65302
65303
65304
65305
65306
66247
66248
66249
66250
66251
66252
66253
66254
66255
66256
66257
66258
66259
66260
66261
66262
66263
66264
66265
66266
66267
67208
67209
67210
67211
67212
67213
67214
67215
67216
67217
67218
67219
67220
67221
67222
67223
67224
67225
67226
67227
67228
68169
68170
68171
68172
68173
68174
68175
68176
68177
68178
68179
68180
68181
68182
68183
68184
68185
68186
68187
68188
68189
69130
69131
69132
69133
69134
69135
69136
69137
69138
69139
69140
69141
69142
69143
69144
69145
69146
69147
69148
69149
69150
70091
70092
70093
70094
70095
70096
70097
70098
70099
70100
70101
70102
70103
70104
70105
70106
70107
70108
70109
70110
70111
71052
71053
71054
71055
71056
71057
71058
71059
71060
71061
71062
71063
71064
71065
71066
71067
71068
71069
71070
71071
71072
72013
72014
72015
72016
72017
72018
72019
72020
72021
72022
72023
72024
72025
72026
72027
72028
72029
72030
72031
72032
72033
72974
72975
72976
72977
72978
72979
72980
72981
72982
72983
72984
72985
72986
72987
72988
72989
72990
72991
72992
72993
72994
73935
73936
73937
73938
73939
73940
73941
73942
73943
73944
73945
73946
73947
73948
73949
73950
73951
73952
73953
73954
73955
74896
74897
74898
74899
74900
74901
74902
74903
74904
74905
74906
74907
74908
74909
74910
74911
74912
74913
74914
74915
74916
75857
75858
75859
75860
75861
75862
75863
75864
75865
75866
75867
75868
75869
75870
75871
75872
75873
75874
75875
75876
75877
76818
76819
76820
76821
76822
76823
76824
76825
76826
76827
76828
76829
76830
76831
76832
76833
76834
76835
76836
76837
76838
78344
78345
78346
78347
78348
78349
78350
78351
78352
78353
78354
78355
78356
78357
78358
78359
78360
78361
78362
78363
78364
79305
79306
79307
79308
79309
79310
79311
79312
79313
79314
79315
79316
79317
79318
79319
79320
79321
79322
79323
79324
79325
80266
80267
80268
80269
80270
80271
80272
80273
80274
80275
80276
80277
80278
80279
80280
80281
80282
80283
80284
80285
80286
81227
81228
81229
81230
81231
81232
81233
81234
81235
81236
81237
81238
81239
81240
81241
81242
81243
81244
81245
81246
81247
82188
82189
82190
82191
82192
82193
82194
82195
82196
82197
82198
82199
82200
82201
82202
82203
82204
82205
82206
82207
82208
83149
83150
83151
83152
83153
83154
83155
83156
83157
83158
83159
83160
83161
83162
83163
83164
83165
83166
83167
83168
83169
84110
84111
84112
84113
84114
84115
84116
84117
84118
84119
84120
84121
84122
84123
84124
84125
84126
84127
84128
84129
84130
85071
85072
85073
85074
85075
85076
85077
85078
85079
85080
85081
85082
85083
85084
85085
85086
85087
85088
85089
85090
85091
86032
86033
86034
86035
86036
86037
86038
86039
86040
86041
86042
86043
86044
86045
86046
86047
86048
86049
86050
86051
86052
86993
86994
86995
86996
86997
86998
86999
87000
87001
87002
87003
87004
87005
87006
87007
87008
87009
87010
87011
87012
87013
87954
87955
87956
87957
87958
87959
87960
87961
87962
87963
87964
87965
87966
87967
87968
87969
87970
87971
87972
87973
87974
88915
88916
88917
88918
88919
88920
88921
88922
88923
88924
88925
88926
88927
88928
88929
88930
88931
88932
88933
88934
88935
89876
89877
89878
89879
89880
89881
89882
89883
89884
89885
89886
89887
89888
89889
89890
89891
89892
89893
89894
89895
89896
90837
90838
90839
90840
90841
90842
90843
90844
90845
90846
90847
90848
90849
90850
90851
90852
90853
90854
90855
90856
90857
91798
91799
91800
91801
91802
91803
91804
91805
91806
91807
91808
91809
91810
91811
91812
91813
91814
91815
91816
91817
91818
92759
92760
92761
92762
92763
92764
92765
92766
92767
92768
92769
92770
92771
92772
92773
92774
92775
92776
92777
92778
92779
93720
93721
93722
93723
93724
93725
93726
93727
93728
93729
93730
93731
93732
93733
93734
93735
93736
93737
93738
93739
93740
94681
94682
94683
94684
94685
94686
94687
94688
94689
94690
94691
94692
94693
94694
94695
94696
94697
94698
94699
94700
94701
95642
95643
95644
95645
95646
95647
95648
95649
95650
95651
95652
95653
95654
95655
95656
95657
95658
95659
95660
95661
95662
96603
96604
96605
96606
96607
96608
96609
96610
96611
96612
96613
96614
96615
96616
96617
96618
96619
96620
96621
96622
96623
97564
97565
97566
97567
97568
97569
97570
97571
97572
97573
97574
97575
97576
97577
97578
97579
97580
97581
97582
97583
97584
98525
98526
98527
98528
98529
98530
98531
98532
98533
98534
98535
98536
98537
98538
98539
98540
98541
98542
98543
98544
98545
99486
99487
99488
99489
99490
99491
99492
99493
99494
99495
99496
99497
99498
99499
99500
99501
99502
99503
99504
99505
99506
100447
100448
100449
100450
100451
100452
100453
100454
100455
100456
100457
100458
100459
100460
100461
100462
100463
100464
100465
100466
100467
101408
101409
101410
101411
101412
101413
101414
101415
101416
101417
101418
101419
101420
101421
101422
101423
101424
101425
101426
101427
101428
102369
102370
102371
102372
102373
102374
102375
102376
102377
102378
102379
102380
102381
102382
102383
102384
102385
102386
102387
102388
102389
103330
103331
103332
103333
103334
103335
103336
103337
103338
103339
103340
103341
103342
103343
103344
103345
103346
103347
103348
103349
103350
104291
104292
104293
104294
104295
104296
104297
104298
104299
104300
104301
104302
104303
104304
104305
104306
104307
104308
104309
104310
104311
105252
105253
105254
105255
105256
105257
105258
105259
105260
105261
105262
105263
105264
105265
105266
105267
105268
105269
105270
105271
105272
106213
106214
106215
106216
106217
106218
106219
106220
106221
106222
106223
106224
106225
106226
106227
106228
106229
106230
106231
106232
106233
107174
107175
107176
107177
107178
107179
107180
107181
107182
107183
107184
107185
107186
107187
107188
107189
107190
107191
107192
107193
107194
108135
108136
108137
108138
108139
108140
108141
108142
108143
108144
108145
108146
108147
108148
108149
108150
108151
108152
108153
108154
108155
109096
109097
109098
109099
109100
109101
109102
109103
109104
109105
109106
109107
109108
109109
109110
109111
109112
109113
109114
109115
109116
110057
110058
110059
110060
110061
110062
110063
110064
110065
110066
110067
110068
110069
110070
110071
110072
110073
110074
110075
110076
110077
111018
111019
111020
111021
111022
111023
111024
111025
111026
111027
111028
111029
111030
111031
111032
111033
111034
111035
111036
111037
111038
111979
111980
111981
111982
111983
111984
111985
111986
111987
111988
111989
111990
111991
111992
111993
111994
111995
111996
111997
111998
111999
112940
112941
112942
112943
112944
112945
112946
112947
112948
112949
112950
112951
112952
112953
112954
112955
112956
112957
112958
112959
112960
113901
113902
113903
113904
113905
113906
113907
113908
113909
113910
113911
113912
113913
113914
113915
113916
113917
113918
113919
113920
113921
114862
114863
114864
114865
114866
114867
114868
114869
114870
114871
114872
114873
114874
114875
114876
114877
114878
114879
114880
114881
114882
115823
115824
115825
115826
115827
115828
115829
115830
115831
115832
115833
115834
115835
115836
115837
115838
115839
115840
115841
115842
115843
116784
116785
116786
116787
116788
116789
116790
116791
116792
116793
116794
116795
116796
116797
116798
116799
116800
116801
116802
116803
116804
117745
117746
117747
117748
117749
117750
117751
117752
117753
117754
117755
117756
117757
117758
117759
117760
117761
117762
117763
117764
117765
118706
118707
118708
118709
118710
118711
118712
118713
118714
118715
118716
118717
118718
118719
118720
118721
118722
118723
118724
118725
118726
119667
119668
119669
119670
119671
119672
119673
119674
119675
119676
119677
119678
119679
119680
119681
119682
119683
119684
119685
119686
119687
120628
120629
120630
120631
120632
120633
120634
120635
120636
120637
120638
120639
120640
120641
120642
120643
120644
120645
120646
120647
120648
121589
121590
121591
121592
121593
121594
121595
121596
121597
121598
121599
121600
121601
121602
121603
121604
121605
121606
121607
121608
121609
122549
122550
122551
122552
122553
122554
122555
122556
122557
122558
122559
122560
122561
122562
122563
122564
122565
122566
122567
122568
122569
122570
123510
123511
123512
123513
123514
123515
123516
123517
123518
123519
123520
123521
123522
123523
123524
123525
123526
123527
123528
123529
123530
123531
124471
124472
124473
124474
124475
124476
124477
124478
124479
124480
124481
124482
124483
124484
124485
124486
124487
124488
124489
124490
124491
124492
125432
125433
125434
125435
125436
125437
125438
125439
125440
125441
125442
125443
125444
125445
125446
125447
125448
125449
125450
125451
125452
125453
126393
126394
126395
126396
126397
126398
126399
126400
126401
126402
126403
126404
126405
126406
126407
126408
126409
126410
126411
126412
126413
126414
127354
127355
127356
127357
127358
127359
127360
127361
127362
127363
127364
127365
127366
127367
127368
127369
127370
127371
127372
127373
127374
127375
128315
128316
128317
128318
128319
128320
128321
128322
128323
128324
128325
128326
128327
128328
128329
128330
128331
128332
128333
128334
128335
128336
129276
129277
129278
129279
129280
129281
129282
129283
129284
129285
129286
129287
129288
129289
129290
129291
129292
129293
129294
129295
129296
129297
130237
130238
130239
130240
130241
130242
130243
130244
130245
130246
130247
130248
130249
130250
130251
130252
130253
130254
130255
130256
130257
130258
131198
131199
131200
131201
131202
131203
131204
131205
131206
131207
131208
131209
131210
131211
131212
131213
131214
131215
131216
131217
131218
131219
132159
132160
132161
132162
132163
132164
132165
132166
132167
132168
132169
132170
132171
132172
132173
132174
132175
132176
132177
132178
132179
132180
133120
133121
133122
133123
133124
133125
133126
133127
133128
133129
133130
133131
133132
133133
133134
133135
133136
133137
133138
133139
133140
133141
134081
134082
134083
134084
134085
134086
134087
134088
134089
134090
134091
134092
134093
134094
134095
134096
134097
134098
134099
134100
134101
135042
135043
135044
135045
135046
135047
135048
135049
135050
135051
135052
135053
135054
135055
135056
135057
135058
135059
135060
135061
135062
136003
136004
136005
136006
136007
136008
136009
136010
136011
136012
136013
136014
136015
136016
136017
136018
136019
136020
136021
136022
136023
136964
136965
136966
136967
136968
136969
136970
136971
136972
136973
136974
136975
136976
136977
136978
136979
136980
136981
136982
136983
136984
137925
137926
137927
137928
137929
137930
137931
137932
137933
137934
137935
137936
137937
137938
137939
137940
137941
137942
137943
137944
137945
138886
138887
138888
138889
138890
138891
138892
138893
138894
138895
138896
138897
138898
138899
138900
138901
138902
138903
138904
138905
138906
139847
139848
139849
139850
139851
139852
139853
139854
139855
139856
139857
139858
139859
139860
139861
139862
139863
139864
139865
139866
139867
140808
140809
140810
140811
140812
140813
140814
140815
140816
140817
140818
140819
140820
140821
140822
140823
140824
140825
140826
140827
140828
141769
141770
141771
141772
141773
141774
141775
141776
141777
141778
141779
141780
141781
141782
141783
141784
141785
141786
141787
141788
141789
142730
142731
142732
142733
142734
142735
142736
142737
142738
142739
142740
142741
142742
142743
142744
142745
142746
142747
142748
142749
142750
143691
143692
143693
143694
143695
143696
143697
143698
143699
143700
143701
143702
143703
143704
143705
143706
143707
143708
143709
143710
143711
144652
144653
144654
144655
144656
144657
144658
144659
144660
144661
144662
144663
144664
144665
144666
144667
144668
144669
144670
144671
144672
145613
145614
145615
145616
145617
145618
145619
145620
145621
145622
145623
145624
145625
145626
145627
145628
145629
145630
145631
145632
145633
146574
146575
146576
146577
146578
146579
146580
146581
146582
146583
146584
146585
146586
146587
146588
146589
146590
146591
146592
146593
146594
147535
147536
147537
147538
147539
147540
147541
147542
147543
147544
147545
147546
147547
147548
147549
147550
147551
147552
147553
147554
147555
148496
148497
148498
148499
148500
148501
148502
148503
148504
148505
148506
148507
148508
148509
148510
148511
148512
148513
148514
148515
148516
149457
149458
149459
149460
149461
149462
149463
149464
149465
149466
149467
149468
149469
149470
149471
149472
149473
149474
149475
149476
149477
150418
150419
150420
150421
150422
150423
150424
150425
150426
150427
150428
150429
150430
150431
150432
150433
150434
150435
150436
150437
150438
151379
151380
151381
151382
151383
151384
151385
151386
151387
151388
151389
151390
151391
151392
151393
151394
151395
151396
151397
151398
151399
152340
152341
152342
152343
152344
152345
152346
152347
152348
152349
152350
152351
152352
152353
152354
152355
152356
152357
152358
152359
152360
153301
153302
153303
153304
153305
153306
153307
153308
153309
153310
153311
153312
153313
153314
153315
153316
153317
153318
153319
153320
153321
154262
154263
154264
154265
154266
154267
154268
154269
154270
154271
154272
154273
154274
154275
154276
154277
154278
154279
154280
154281
154282
155830
155831
155832
155833
155834
155835
155836
155837
155838
155839
155840
155841
155842
155843
155844
155845
155846
155847
155848
155849
155850
)


// ************************************************************************* //
