/*--------------------------------*- C++ -*----------------------------------*\
| =========                 |                                                 |
| \\      /  F ield         | OpenFOAM: The Open Source CFD Toolbox           |
|  \\    /   O peration     | Version:  2.3.0                                 |
|   \\  /    A nd           | Web:      www.OpenFOAM.org                      |
|    \\/     M anipulation  |                                                 |
\*---------------------------------------------------------------------------*/
FoamFile
{
    version     2.0;
    format      ascii;
    class       labelList;
    location    "constant/polyMesh";
    object      faceProcAddressing;
}
// * * * * * * * * * * * * * * * * * * * * * * * * * * * * * * * * * * * * * //


6525
(
1722
1723
1724
1725
1726
1727
1728
1729
1730
1731
1732
1733
1734
1735
1736
1737
1738
1739
1740
1741
1742
1743
1744
1745
1746
1747
1748
1749
1750
1751
1752
1753
1754
1755
1756
1757
1758
1759
1761
3642
3643
3644
3645
3646
3647
3648
3649
3650
3651
3652
3653
3654
3655
3656
3657
3658
3659
3660
3661
3662
3663
3664
3665
3666
3667
3668
3669
3670
3671
3672
3673
3674
3675
3676
3677
3678
3679
3681
5562
5563
5564
5565
5566
5567
5568
5569
5570
5571
5572
5573
5574
5575
5576
5577
5578
5579
5580
5581
5582
5583
5584
5585
5586
5587
5588
5589
5590
5591
5592
5593
5594
5595
5596
5597
5598
5599
5601
7482
7483
7484
7485
7486
7487
7488
7489
7490
7491
7492
7493
7494
7495
7496
7497
7498
7499
7500
7501
7502
7503
7504
7505
7506
7507
7508
7509
7510
7511
7512
7513
7514
7515
7516
7517
7518
7519
7521
9402
9403
9404
9405
9406
9407
9408
9409
9410
9411
9412
9413
9414
9415
9416
9417
9418
9419
9420
9421
9422
9423
9424
9425
9426
9427
9428
9429
9430
9431
9432
9433
9434
9435
9436
9437
9438
9439
9441
11322
11323
11324
11325
11326
11327
11328
11329
11330
11331
11332
11333
11334
11335
11336
11337
11338
11339
11340
11341
11342
11343
11344
11345
11346
11347
11348
11349
11350
11351
11352
11353
11354
11355
11356
11357
11358
11359
11361
13242
13243
13244
13245
13246
13247
13248
13249
13250
13251
13252
13253
13254
13255
13256
13257
13258
13259
13260
13261
13262
13263
13264
13265
13266
13267
13268
13269
13270
13271
13272
13273
13274
13275
13276
13277
13278
13279
13281
15161
15162
15163
15164
15165
15166
15167
15168
15169
15170
15171
15172
15173
15174
15175
15176
15177
15178
15179
15180
15181
15182
15183
15184
15185
15186
15187
15188
15189
15190
15191
15192
15193
15194
15195
15196
15197
15198
15200
17080
17081
17082
17083
17084
17085
17086
17087
17088
17089
17090
17091
17092
17093
17094
17095
17096
17097
17098
17099
17100
17101
17102
17103
17104
17105
17106
17107
17108
17109
17110
17111
17112
17113
17114
17115
17116
17117
17119
18999
19000
19001
19002
19003
19004
19005
19006
19007
19008
19009
19010
19011
19012
19013
19014
19015
19016
19017
19018
19019
19020
19021
19022
19023
19024
19025
19026
19027
19028
19029
19030
19031
19032
19033
19034
19035
19036
19038
20918
20919
20920
20921
20922
20923
20924
20925
20926
20927
20928
20929
20930
20931
20932
20933
20934
20935
20936
20937
20938
20939
20940
20941
20942
20943
20944
20945
20946
20947
20948
20949
20950
20951
20952
20953
20954
20955
20957
22837
22838
22839
22840
22841
22842
22843
22844
22845
22846
22847
22848
22849
22850
22851
22852
22853
22854
22855
22856
22857
22858
22859
22860
22861
22862
22863
22864
22865
22866
22867
22868
22869
22870
22871
22872
22873
22874
22876
24756
24757
24758
24759
24760
24761
24762
24763
24764
24765
24766
24767
24768
24769
24770
24771
24772
24773
24774
24775
24776
24777
24778
24779
24780
24781
24782
24783
24784
24785
24786
24787
24788
24789
24790
24791
24792
24793
24795
26675
26676
26677
26678
26679
26680
26681
26682
26683
26684
26685
26686
26687
26688
26689
26690
26691
26692
26693
26694
26695
26696
26697
26698
26699
26700
26701
26702
26703
26704
26705
26706
26707
26708
26709
26710
26711
26712
26714
28594
28595
28596
28597
28598
28599
28600
28601
28602
28603
28604
28605
28606
28607
28608
28609
28610
28611
28612
28613
28614
28615
28616
28617
28618
28619
28620
28621
28622
28623
28624
28625
28626
28627
28628
28629
28630
28631
28633
30513
30514
30515
30516
30517
30518
30519
30520
30521
30522
30523
30524
30525
30526
30527
30528
30529
30530
30531
30532
30533
30534
30535
30536
30537
30538
30539
30540
30541
30542
30543
30544
30545
30546
30547
30548
30549
30550
30552
32432
32433
32434
32435
32436
32437
32438
32439
32440
32441
32442
32443
32444
32445
32446
32447
32448
32449
32450
32451
32452
32453
32454
32455
32456
32457
32458
32459
32460
32461
32462
32463
32464
32465
32466
32467
32468
32469
32471
34351
34352
34353
34354
34355
34356
34357
34358
34359
34360
34361
34362
34363
34364
34365
34366
34367
34368
34369
34370
34371
34372
34373
34374
34375
34376
34377
34378
34379
34380
34381
34382
34383
34384
34385
34386
34387
34388
34390
36270
36271
36272
36273
36274
36275
36276
36277
36278
36279
36280
36281
36282
36283
36284
36285
36286
36287
36288
36289
36290
36291
36292
36293
36294
36295
36296
36297
36298
36299
36300
36301
36302
36303
36304
36305
36306
36307
36309
38189
38190
38191
38192
38193
38194
38195
38196
38197
38198
38199
38200
38201
38202
38203
38204
38205
38206
38207
38208
38209
38210
38211
38212
38213
38214
38215
38216
38217
38218
38219
38220
38221
38222
38223
38224
38225
38226
38228
40108
40109
40110
40111
40112
40113
40114
40115
40116
40117
40118
40119
40120
40121
40122
40123
40124
40125
40126
40127
40128
40129
40130
40131
40132
40133
40134
40135
40136
40137
40138
40139
40140
40141
40142
40143
40144
40145
40147
42027
42028
42029
42030
42031
42032
42033
42034
42035
42036
42037
42038
42039
42040
42041
42042
42043
42044
42045
42046
42047
42048
42049
42050
42051
42052
42053
42054
42055
42056
42057
42058
42059
42060
42061
42062
42063
42064
42066
43946
43947
43948
43949
43950
43951
43952
43953
43954
43955
43956
43957
43958
43959
43960
43961
43962
43963
43964
43965
43966
43967
43968
43969
43970
43971
43972
43973
43974
43975
43976
43977
43978
43979
43980
43981
43982
43983
43985
45865
45866
45867
45868
45869
45870
45871
45872
45873
45874
45875
45876
45877
45878
45879
45880
45881
45882
45883
45884
45885
45886
45887
45888
45889
45890
45891
45892
45893
45894
45895
45896
45897
45898
45899
45900
45901
45902
45904
47784
47785
47786
47787
47788
47789
47790
47791
47792
47793
47794
47795
47796
47797
47798
47799
47800
47801
47802
47803
47804
47805
47806
47807
47808
47809
47810
47811
47812
47813
47814
47815
47816
47817
47818
47819
47820
47821
47823
49701
49702
49703
49704
49705
49706
49707
49708
49709
49710
49711
49712
49713
49714
49715
49716
49717
49718
49719
49720
49721
49722
49723
49724
49725
49726
49727
49728
49729
49730
49731
49732
49733
49734
49735
49736
49737
49738
49739
49740
49742
51620
51621
51622
51623
51624
51625
51626
51627
51628
51629
51630
51631
51632
51633
51634
51635
51636
51637
51638
51639
51640
51641
51642
51643
51644
51645
51646
51647
51648
51649
51650
51651
51652
51653
51654
51655
51656
51657
51658
51659
51661
53539
53540
53541
53542
53543
53544
53545
53546
53547
53548
53549
53550
53551
53552
53553
53554
53555
53556
53557
53558
53559
53560
53561
53562
53563
53564
53565
53566
53567
53568
53569
53570
53571
53572
53573
53574
53575
53576
53577
53578
53580
55458
55459
55460
55461
55462
55463
55464
55465
55466
55467
55468
55469
55470
55471
55472
55473
55474
55475
55476
55477
55478
55479
55480
55481
55482
55483
55484
55485
55486
55487
55488
55489
55490
55491
55492
55493
55494
55495
55496
55497
55499
57377
57378
57379
57380
57381
57382
57383
57384
57385
57386
57387
57388
57389
57390
57391
57392
57393
57394
57395
57396
57397
57398
57399
57400
57401
57402
57403
57404
57405
57406
57407
57408
57409
57410
57411
57412
57413
57414
57415
57416
57418
59296
59297
59298
59299
59300
59301
59302
59303
59304
59305
59306
59307
59308
59309
59310
59311
59312
59313
59314
59315
59316
59317
59318
59319
59320
59321
59322
59323
59324
59325
59326
59327
59328
59329
59330
59331
59332
59333
59334
59335
59337
61215
61216
61217
61218
61219
61220
61221
61222
61223
61224
61225
61226
61227
61228
61229
61230
61231
61232
61233
61234
61235
61236
61237
61238
61239
61240
61241
61242
61243
61244
61245
61246
61247
61248
61249
61250
61251
61252
61253
61254
61256
63134
63135
63136
63137
63138
63139
63140
63141
63142
63143
63144
63145
63146
63147
63148
63149
63150
63151
63152
63153
63154
63155
63156
63157
63158
63159
63160
63161
63162
63163
63164
63165
63166
63167
63168
63169
63170
63171
63172
63173
63175
65053
65054
65055
65056
65057
65058
65059
65060
65061
65062
65063
65064
65065
65066
65067
65068
65069
65070
65071
65072
65073
65074
65075
65076
65077
65078
65079
65080
65081
65082
65083
65084
65085
65086
65087
65088
65089
65090
65091
65092
65094
66972
66973
66974
66975
66976
66977
66978
66979
66980
66981
66982
66983
66984
66985
66986
66987
66988
66989
66990
66991
66992
66993
66994
66995
66996
66997
66998
66999
67000
67001
67002
67003
67004
67005
67006
67007
67008
67009
67010
67011
67013
68891
68892
68893
68894
68895
68896
68897
68898
68899
68900
68901
68902
68903
68904
68905
68906
68907
68908
68909
68910
68911
68912
68913
68914
68915
68916
68917
68918
68919
68920
68921
68922
68923
68924
68925
68926
68927
68928
68929
68930
70810
70811
70812
70813
70814
70815
70816
70817
70818
70819
70820
70821
70822
70823
70824
70825
70826
70827
70828
70829
70830
70831
70832
70833
70834
70835
70836
70837
70838
70839
70840
70841
70842
70843
70844
70845
70846
70847
70849
72729
72730
72731
72732
72733
72734
72735
72736
72737
72738
72739
72740
72741
72742
72743
72744
72745
72746
72747
72748
72749
72750
72751
72752
72753
72754
72755
72756
72757
72758
72759
72760
72761
72762
72763
72764
72765
72766
72768
74648
74649
74650
74651
74652
74653
74654
74655
74656
74657
74658
74659
74660
74661
74662
74663
74664
74665
74666
74667
74668
74669
74670
74671
74672
74673
74674
74675
74676
74677
74678
74679
74680
74681
74682
74683
74684
74685
74687
76568
76569
76570
76571
76572
76573
76574
76575
76576
76577
76578
76579
76580
76581
76582
76583
76584
76585
76586
76587
76588
76589
76590
76591
76592
76593
76594
76595
76596
76597
76598
76599
76600
76601
76602
76603
76604
76605
76607
78488
78489
78490
78491
78492
78493
78494
78495
78496
78497
78498
78499
78500
78501
78502
78503
78504
78505
78506
78507
78508
78509
78510
78511
78512
78513
78514
78515
78516
78517
78518
78519
78520
78521
78522
78523
78524
78525
78527
80408
80409
80410
80411
80412
80413
80414
80415
80416
80417
80418
80419
80420
80421
80422
80423
80424
80425
80426
80427
80428
80429
80430
80431
80432
80433
80434
80435
80436
80437
80438
80439
80440
80441
80442
80443
80444
80445
80447
82328
82329
82330
82331
82332
82333
82334
82335
82336
82337
82338
82339
82340
82341
82342
82343
82344
82345
82346
82347
82348
82349
82350
82351
82352
82353
82354
82355
82356
82357
82358
82359
82360
82361
82362
82363
82364
82365
82367
84248
84249
84250
84251
84252
84253
84254
84255
84256
84257
84258
84259
84260
84261
84262
84263
84264
84265
84266
84267
84268
84269
84270
84271
84272
84273
84274
84275
84276
84277
84278
84279
84280
84281
84282
84283
84284
84285
84287
86168
86169
86170
86171
86172
86173
86174
86175
86176
86177
86178
86179
86180
86181
86182
86183
86184
86185
86186
86187
86188
86189
86190
86191
86192
86193
86194
86195
86196
86197
86198
86199
86200
86201
86202
86203
86204
86205
86207
88088
88089
88090
88091
88092
88093
88094
88095
88096
88097
88098
88099
88100
88101
88102
88103
88104
88105
88106
88107
88108
88109
88110
88111
88112
88113
88114
88115
88116
88117
88118
88119
88120
88121
88122
88123
88124
88125
88127
90008
90009
90010
90011
90012
90013
90014
90015
90016
90017
90018
90019
90020
90021
90022
90023
90024
90025
90026
90027
90028
90029
90030
90031
90032
90033
90034
90035
90036
90037
90038
90039
90040
90041
90042
90043
90044
90045
90047
91928
91929
91930
91931
91932
91933
91934
91935
91936
91937
91938
91939
91940
91941
91942
91943
91944
91945
91946
91947
91948
91949
91950
91951
91952
91953
91954
91955
91956
91957
91958
91959
91960
91961
91962
91963
91964
91965
91967
93847
93848
93849
93850
93851
93852
93853
93854
93855
93856
93857
93858
93859
93860
93861
93862
93863
93864
93865
93866
93867
93868
93869
93870
93871
93872
93873
93874
93875
93876
93877
93878
93879
93880
93881
93882
93883
93884
93886
95766
95767
95768
95769
95770
95771
95772
95773
95774
95775
95776
95777
95778
95779
95780
95781
95782
95783
95784
95785
95786
95787
95788
95789
95790
95791
95792
95793
95794
95795
95796
95797
95798
95799
95800
95801
95802
95803
95805
97685
97686
97687
97688
97689
97690
97691
97692
97693
97694
97695
97696
97697
97698
97699
97700
97701
97702
97703
97704
97705
97706
97707
97708
97709
97710
97711
97712
97713
97714
97715
97716
97717
97718
97719
97720
97721
97722
97724
99604
99605
99606
99607
99608
99609
99610
99611
99612
99613
99614
99615
99616
99617
99618
99619
99620
99621
99622
99623
99624
99625
99626
99627
99628
99629
99630
99631
99632
99633
99634
99635
99636
99637
99638
99639
99640
99641
99643
101523
101524
101525
101526
101527
101528
101529
101530
101531
101532
101533
101534
101535
101536
101537
101538
101539
101540
101541
101542
101543
101544
101545
101546
101547
101548
101549
101550
101551
101552
101553
101554
101555
101556
101557
101558
101559
101560
101562
103442
103443
103444
103445
103446
103447
103448
103449
103450
103451
103452
103453
103454
103455
103456
103457
103458
103459
103460
103461
103462
103463
103464
103465
103466
103467
103468
103469
103470
103471
103472
103473
103474
103475
103476
103477
103478
103479
103481
105361
105362
105363
105364
105365
105366
105367
105368
105369
105370
105371
105372
105373
105374
105375
105376
105377
105378
105379
105380
105381
105382
105383
105384
105385
105386
105387
105388
105389
105390
105391
105392
105393
105394
105395
105396
105397
105398
105400
107280
107281
107282
107283
107284
107285
107286
107287
107288
107289
107290
107291
107292
107293
107294
107295
107296
107297
107298
107299
107300
107301
107302
107303
107304
107305
107306
107307
107308
107309
107310
107311
107312
107313
107314
107315
107316
107317
107319
109199
109200
109201
109202
109203
109204
109205
109206
109207
109208
109209
109210
109211
109212
109213
109214
109215
109216
109217
109218
109219
109220
109221
109222
109223
109224
109225
109226
109227
109228
109229
109230
109231
109232
109233
109234
109235
109236
109238
111118
111119
111120
111121
111122
111123
111124
111125
111126
111127
111128
111129
111130
111131
111132
111133
111134
111135
111136
111137
111138
111139
111140
111141
111142
111143
111144
111145
111146
111147
111148
111149
111150
111151
111152
111153
111154
111155
111157
113037
113038
113039
113040
113041
113042
113043
113044
113045
113046
113047
113048
113049
113050
113051
113052
113053
113054
113055
113056
113057
113058
113059
113060
113061
113062
113063
113064
113065
113066
113067
113068
113069
113070
113071
113072
113073
113074
113076
114956
114957
114958
114959
114960
114961
114962
114963
114964
114965
114966
114967
114968
114969
114970
114971
114972
114973
114974
114975
114976
114977
114978
114979
114980
114981
114982
114983
114984
114985
114986
114987
114988
114989
114990
114991
114992
114993
114995
116875
116876
116877
116878
116879
116880
116881
116882
116883
116884
116885
116886
116887
116888
116889
116890
116891
116892
116893
116894
116895
116896
116897
116898
116899
116900
116901
116902
116903
116904
116905
116906
116907
116908
116909
116910
116911
116912
116914
118794
118795
118796
118797
118798
118799
118800
118801
118802
118803
118804
118805
118806
118807
118808
118809
118810
118811
118812
118813
118814
118815
118816
118817
118818
118819
118820
118821
118822
118823
118824
118825
118826
118827
118828
118829
118830
118831
118833
120713
120714
120715
120716
120717
120718
120719
120720
120721
120722
120723
120724
120725
120726
120727
120728
120729
120730
120731
120732
120733
120734
120735
120736
120737
120738
120739
120740
120741
120742
120743
120744
120745
120746
120747
120748
120749
120750
120752
122632
122633
122634
122635
122636
122637
122638
122639
122640
122641
122642
122643
122644
122645
122646
122647
122648
122649
122650
122651
122652
122653
122654
122655
122656
122657
122658
122659
122660
122661
122662
122663
122664
122665
122666
122667
122668
122669
122671
124551
124552
124553
124554
124555
124556
124557
124558
124559
124560
124561
124562
124563
124564
124565
124566
124567
124568
124569
124570
124571
124572
124573
124574
124575
124576
124577
124578
124579
124580
124581
124582
124583
124584
124585
124586
124587
124588
124590
126470
126471
126472
126473
126474
126475
126476
126477
126478
126479
126480
126481
126482
126483
126484
126485
126486
126487
126488
126489
126490
126491
126492
126493
126494
126495
126496
126497
126498
126499
126500
126501
126502
126503
126504
126505
126506
126507
126509
128389
128390
128391
128392
128393
128394
128395
128396
128397
128398
128399
128400
128401
128402
128403
128404
128405
128406
128407
128408
128409
128410
128411
128412
128413
128414
128415
128416
128417
128418
128419
128420
128421
128422
128423
128424
128425
128426
128428
130308
130309
130310
130311
130312
130313
130314
130315
130316
130317
130318
130319
130320
130321
130322
130323
130324
130325
130326
130327
130328
130329
130330
130331
130332
130333
130334
130335
130336
130337
130338
130339
130340
130341
130342
130343
130344
130345
130347
132227
132228
132229
132230
132231
132232
132233
132234
132235
132236
132237
132238
132239
132240
132241
132242
132243
132244
132245
132246
132247
132248
132249
132250
132251
132252
132253
132254
132255
132256
132257
132258
132259
132260
132261
132262
132263
132264
132266
134146
134147
134148
134149
134150
134151
134152
134153
134154
134155
134156
134157
134158
134159
134160
134161
134162
134163
134164
134165
134166
134167
134168
134169
134170
134171
134172
134173
134174
134175
134176
134177
134178
134179
134180
134181
134182
134183
134185
136065
136066
136067
136068
136069
136070
136071
136072
136073
136074
136075
136076
136077
136078
136079
136080
136081
136082
136083
136084
136085
136086
136087
136088
136089
136090
136091
136092
136093
136094
136095
136096
136097
136098
136099
136100
136101
136102
136104
137984
137985
137986
137987
137988
137989
137990
137991
137992
137993
137994
137995
137996
137997
137998
137999
138000
138001
138002
138003
138004
138005
138006
138007
138008
138009
138010
138011
138012
138013
138014
138015
138016
138017
138018
138019
138020
138021
138023
139903
139904
139905
139906
139907
139908
139909
139910
139911
139912
139913
139914
139915
139916
139917
139918
139919
139920
139921
139922
139923
139924
139925
139926
139927
139928
139929
139930
139931
139932
139933
139934
139935
139936
139937
139938
139939
139940
139942
141822
141823
141824
141825
141826
141827
141828
141829
141830
141831
141832
141833
141834
141835
141836
141837
141838
141839
141840
141841
141842
141843
141844
141845
141846
141847
141848
141849
141850
141851
141852
141853
141854
141855
141856
141857
141858
141859
141861
143741
143742
143743
143744
143745
143746
143747
143748
143749
143750
143751
143752
143753
143754
143755
143756
143757
143758
143759
143760
143761
143762
143763
143764
143765
143766
143767
143768
143769
143770
143771
143772
143773
143774
143775
143776
143777
143778
143780
145660
145661
145662
145663
145664
145665
145666
145667
145668
145669
145670
145671
145672
145673
145674
145675
145676
145677
145678
145679
145680
145681
145682
145683
145684
145685
145686
145687
145688
145689
145690
145691
145692
145693
145694
145695
145696
145697
145699
147579
147580
147581
147582
147583
147584
147585
147586
147587
147588
147589
147590
147591
147592
147593
147594
147595
147596
147597
147598
147599
147600
147601
147602
147603
147604
147605
147606
147607
147608
147609
147610
147611
147612
147613
147614
147615
147616
147618
149498
149499
149500
149501
149502
149503
149504
149505
149506
149507
149508
149509
149510
149511
149512
149513
149514
149515
149516
149517
149518
149519
149520
149521
149522
149523
149524
149525
149526
149527
149528
149529
149530
149531
149532
149533
149534
149535
149537
151417
151418
151419
151420
151421
151422
151423
151424
151425
151426
151427
151428
151429
151430
151431
151432
151433
151434
151435
151436
151437
151438
151439
151440
151441
151442
151443
151444
151445
151446
151447
151448
151449
151450
151451
151452
151453
151454
151456
152477
152478
152479
152480
152481
152482
152483
152484
152485
152486
152487
152488
152489
152490
152491
152492
152493
152494
152495
154522
154523
154524
154525
154526
154527
154528
154529
154530
154531
154532
154533
154534
154535
154536
154537
154538
154539
154540
154541
155482
155483
155484
155485
155486
155487
155488
155489
155490
155491
155492
155493
155494
155495
155496
155497
155498
155499
155500
155501
156442
156443
156444
156445
156446
156447
156448
156449
156450
156451
156452
156453
156454
156455
156456
156457
156458
156459
156460
156461
157402
157403
157404
157405
157406
157407
157408
157409
157410
157411
157412
157413
157414
157415
157416
157417
157418
157419
157420
157421
158362
158363
158364
158365
158366
158367
158368
158369
158370
158371
158372
158373
158374
158375
158376
158377
158378
158379
158380
158381
159322
159323
159324
159325
159326
159327
159328
159329
159330
159331
159332
159333
159334
159335
159336
159337
159338
159339
159340
159341
160282
160283
160284
160285
160286
160287
160288
160289
160290
160291
160292
160293
160294
160295
160296
160297
160298
160299
160300
160301
161242
161243
161244
161245
161246
161247
161248
161249
161250
161251
161252
161253
161254
161255
161256
161257
161258
161259
161260
161261
162202
162203
162204
162205
162206
162207
162208
162209
162210
162211
162212
162213
162214
162215
162216
162217
162218
162219
162220
162221
163162
163163
163164
163165
163166
163167
163168
163169
163170
163171
163172
163173
163174
163175
163176
163177
163178
163179
163180
163181
164122
164123
164124
164125
164126
164127
164128
164129
164130
164131
164132
164133
164134
164135
164136
164137
164138
164139
164140
164141
165082
165083
165084
165085
165086
165087
165088
165089
165090
165091
165092
165093
165094
165095
165096
165097
165098
165099
165100
165101
166042
166043
166044
166045
166046
166047
166048
166049
166050
166051
166052
166053
166054
166055
166056
166057
166058
166059
166060
166061
167002
167003
167004
167005
167006
167007
167008
167009
167010
167011
167012
167013
167014
167015
167016
167017
167018
167019
167020
167021
167962
167963
167964
167965
167966
167967
167968
167969
167970
167971
167972
167973
167974
167975
167976
167977
167978
167979
167980
167981
168922
168923
168924
168925
168926
168927
168928
168929
168930
168931
168932
168933
168934
168935
168936
168937
168938
168939
168940
168941
169882
169883
169884
169885
169886
169887
169888
169889
169890
169891
169892
169893
169894
169895
169896
169897
169898
169899
169900
169901
170842
170843
170844
170845
170846
170847
170848
170849
170850
170851
170852
170853
170854
170855
170856
170857
170858
170859
170860
170861
171802
171803
171804
171805
171806
171807
171808
171809
171810
171811
171812
171813
171814
171815
171816
171817
171818
171819
171820
171821
172762
172763
172764
172765
172766
172767
172768
172769
172770
172771
172772
172773
172774
172775
172776
172777
172778
172779
172780
172781
173722
173723
173724
173725
173726
173727
173728
173729
173730
173731
173732
173733
173734
173735
173736
173737
173738
173739
173740
173741
174682
174683
174684
174685
174686
174687
174688
174689
174690
174691
174692
174693
174694
174695
174696
174697
174698
174699
174700
174701
175642
175643
175644
175645
175646
175647
175648
175649
175650
175651
175652
175653
175654
175655
175656
175657
175658
175659
175660
175661
176602
176603
176604
176605
176606
176607
176608
176609
176610
176611
176612
176613
176614
176615
176616
176617
176618
176619
176620
176621
177562
177563
177564
177565
177566
177567
177568
177569
177570
177571
177572
177573
177574
177575
177576
177577
177578
177579
177580
177581
178521
178522
178523
178524
178525
178526
178527
178528
178529
178530
178531
178532
178533
178534
178535
178536
178537
178538
178539
178540
178541
179481
179482
179483
179484
179485
179486
179487
179488
179489
179490
179491
179492
179493
179494
179495
179496
179497
179498
179499
179500
179501
180441
180442
180443
180444
180445
180446
180447
180448
180449
180450
180451
180452
180453
180454
180455
180456
180457
180458
180459
180460
180461
181401
181402
181403
181404
181405
181406
181407
181408
181409
181410
181411
181412
181413
181414
181415
181416
181417
181418
181419
181420
181421
182361
182362
182363
182364
182365
182366
182367
182368
182369
182370
182371
182372
182373
182374
182375
182376
182377
182378
182379
182380
182381
183321
183322
183323
183324
183325
183326
183327
183328
183329
183330
183331
183332
183333
183334
183335
183336
183337
183338
183339
183340
183341
184281
184282
184283
184284
184285
184286
184287
184288
184289
184290
184291
184292
184293
184294
184295
184296
184297
184298
184299
184300
184301
185241
185242
185243
185244
185245
185246
185247
185248
185249
185250
185251
185252
185253
185254
185255
185256
185257
185258
185259
185260
185261
186201
186202
186203
186204
186205
186206
186207
186208
186209
186210
186211
186212
186213
186214
186215
186216
186217
186218
186219
186220
186221
187161
187162
187163
187164
187165
187166
187167
187168
187169
187170
187171
187172
187173
187174
187175
187176
187177
187178
187179
187180
187181
188121
188122
188123
188124
188125
188126
188127
188128
188129
188130
188131
188132
188133
188134
188135
188136
188137
188138
188139
188140
188141
189081
189082
189083
189084
189085
189086
189087
189088
189089
189090
189091
189092
189093
189094
189095
189096
189097
189098
189099
189100
190041
190042
190043
190044
190045
190046
190047
190048
190049
190050
190051
190052
190053
190054
190055
190056
190057
190058
190059
190060
191001
191002
191003
191004
191005
191006
191007
191008
191009
191010
191011
191012
191013
191014
191015
191016
191017
191018
191019
191020
191961
191962
191963
191964
191965
191966
191967
191968
191969
191970
191971
191972
191973
191974
191975
191976
191977
191978
191979
191980
192921
192922
192923
192924
192925
192926
192927
192928
192929
192930
192931
192932
192933
192934
192935
192936
192937
192938
192939
192940
193881
193882
193883
193884
193885
193886
193887
193888
193889
193890
193891
193892
193893
193894
193895
193896
193897
193898
193899
193900
194841
194842
194843
194844
194845
194846
194847
194848
194849
194850
194851
194852
194853
194854
194855
194856
194857
194858
194859
194860
195801
195802
195803
195804
195805
195806
195807
195808
195809
195810
195811
195812
195813
195814
195815
195816
195817
195818
195819
195820
196761
196762
196763
196764
196765
196766
196767
196768
196769
196770
196771
196772
196773
196774
196775
196776
196777
196778
196779
196780
197721
197722
197723
197724
197725
197726
197727
197728
197729
197730
197731
197732
197733
197734
197735
197736
197737
197738
197739
197740
198681
198682
198683
198684
198685
198686
198687
198688
198689
198690
198691
198692
198693
198694
198695
198696
198697
198698
198699
198700
199641
199642
199643
199644
199645
199646
199647
199648
199649
199650
199651
199652
199653
199654
199655
199656
199657
199658
199659
199660
200601
200602
200603
200604
200605
200606
200607
200608
200609
200610
200611
200612
200613
200614
200615
200616
200617
200618
200619
200620
201561
201562
201563
201564
201565
201566
201567
201568
201569
201570
201571
201572
201573
201574
201575
201576
201577
201578
201579
201580
202521
202522
202523
202524
202525
202526
202527
202528
202529
202530
202531
202532
202533
202534
202535
202536
202537
202538
202539
202540
203481
203482
203483
203484
203485
203486
203487
203488
203489
203490
203491
203492
203493
203494
203495
203496
203497
203498
203499
203500
204441
204442
204443
204444
204445
204446
204447
204448
204449
204450
204451
204452
204453
204454
204455
204456
204457
204458
204459
204460
205401
205402
205403
205404
205405
205406
205407
205408
205409
205410
205411
205412
205413
205414
205415
205416
205417
205418
205419
205420
206361
206362
206363
206364
206365
206366
206367
206368
206369
206370
206371
206372
206373
206374
206375
206376
206377
206378
206379
206380
207321
207322
207323
207324
207325
207326
207327
207328
207329
207330
207331
207332
207333
207334
207335
207336
207337
207338
207339
207340
208281
208282
208283
208284
208285
208286
208287
208288
208289
208290
208291
208292
208293
208294
208295
208296
208297
208298
208299
208300
209241
209242
209243
209244
209245
209246
209247
209248
209249
209250
209251
209252
209253
209254
209255
209256
209257
209258
209259
209260
210201
210202
210203
210204
210205
210206
210207
210208
210209
210210
210211
210212
210213
210214
210215
210216
210217
210218
210219
210220
211161
211162
211163
211164
211165
211166
211167
211168
211169
211170
211171
211172
211173
211174
211175
211176
211177
211178
211179
211180
212121
212122
212123
212124
212125
212126
212127
212128
212129
212130
212131
212132
212133
212134
212135
212136
212137
212138
212139
212140
213081
213082
213083
213084
213085
213086
213087
213088
213089
213090
213091
213092
213093
213094
213095
213096
213097
213098
213099
213100
214041
214042
214043
214044
214045
214046
214047
214048
214049
214050
214051
214052
214053
214054
214055
214056
214057
214058
214059
214060
215001
215002
215003
215004
215005
215006
215007
215008
215009
215010
215011
215012
215013
215014
215015
215016
215017
215018
215019
215020
215961
215962
215963
215964
215965
215966
215967
215968
215969
215970
215971
215972
215973
215974
215975
215976
215977
215978
215979
215980
216921
216922
216923
216924
216925
216926
216927
216928
216929
216930
216931
216932
216933
216934
216935
216936
216937
216938
216939
216940
217881
217882
217883
217884
217885
217886
217887
217888
217889
217890
217891
217892
217893
217894
217895
217896
217897
217898
217899
217900
218841
218842
218843
218844
218845
218846
218847
218848
218849
218850
218851
218852
218853
218854
218855
218856
218857
218858
218859
218860
219801
219802
219803
219804
219805
219806
219807
219808
219809
219810
219811
219812
219813
219814
219815
219816
219817
219818
219819
219820
220761
220762
220763
220764
220765
220766
220767
220768
220769
220770
220771
220772
220773
220774
220775
220776
220777
220778
220779
220780
221721
221722
221723
221724
221725
221726
221727
221728
221729
221730
221731
221732
221733
221734
221735
221736
221737
221738
221739
221740
222681
222682
222683
222684
222685
222686
222687
222688
222689
222690
222691
222692
222693
222694
222695
222696
222697
222698
222699
222700
223641
223642
223643
223644
223645
223646
223647
223648
223649
223650
223651
223652
223653
223654
223655
223656
223657
223658
223659
223660
224601
224602
224603
224604
224605
224606
224607
224608
224609
224610
224611
224612
224613
224614
224615
224616
224617
224618
224619
224620
225561
225562
225563
225564
225565
225566
225567
225568
225569
225570
225571
225572
225573
225574
225575
225576
225577
225578
225579
225580
226521
226522
226523
226524
226525
226526
226527
226528
226529
226530
226531
226532
226533
226534
226535
226536
226537
226538
226539
226540
227481
227482
227483
227484
227485
227486
227487
227488
227489
227490
227491
227492
227493
227494
227495
227496
227497
227498
227499
227500
228441
228442
228443
228444
228445
228446
228447
228448
228449
228450
228451
228452
228453
228454
228455
228456
228457
228458
228459
228460
229401
229402
229403
229404
229405
229406
229407
229408
229409
229410
229411
229412
229413
229414
229415
229416
229417
229418
229419
229420
230361
230362
230363
230364
230365
230366
230367
230368
230369
230370
230371
230372
230373
230374
230375
230376
230377
230378
230379
230380
231859
231860
231861
231862
231863
231864
231865
231866
231867
231868
231869
231870
231871
231872
231873
231874
231875
231876
231877
231878
232819
232820
232821
232822
232823
232824
232825
232826
232827
232828
232829
232830
232831
232832
232833
232834
232835
232836
232837
232838
233779
233780
233781
233782
233783
233784
233785
233786
233787
233788
233789
233790
233791
233792
233793
233794
233795
233796
233797
233798
234739
234740
234741
234742
234743
234744
234745
234746
234747
234748
234749
234750
234751
234752
234753
234754
234755
234756
234757
234758
235699
235700
235701
235702
235703
235704
235705
235706
235707
235708
235709
235710
235711
235712
235713
235714
235715
235716
235717
235718
236659
236660
236661
236662
236663
236664
236665
236666
236667
236668
236669
236670
236671
236672
236673
236674
236675
236676
236677
236678
237619
237620
237621
237622
237623
237624
237625
237626
237627
237628
237629
237630
237631
237632
237633
237634
237635
237636
237637
237638
238579
238580
238581
238582
238583
238584
238585
238586
238587
238588
238589
238590
238591
238592
238593
238594
238595
238596
238597
238598
239539
239540
239541
239542
239543
239544
239545
239546
239547
239548
239549
239550
239551
239552
239553
239554
239555
239556
239557
239558
240499
240500
240501
240502
240503
240504
240505
240506
240507
240508
240509
240510
240511
240512
240513
240514
240515
240516
240517
240518
241459
241460
241461
241462
241463
241464
241465
241466
241467
241468
241469
241470
241471
241472
241473
241474
241475
241476
241477
241478
242419
242420
242421
242422
242423
242424
242425
242426
242427
242428
242429
242430
242431
242432
242433
242434
242435
242436
242437
242438
243379
243380
243381
243382
243383
243384
243385
243386
243387
243388
243389
243390
243391
243392
243393
243394
243395
243396
243397
243398
244339
244340
244341
244342
244343
244344
244345
244346
244347
244348
244349
244350
244351
244352
244353
244354
244355
244356
244357
244358
245299
245300
245301
245302
245303
245304
245305
245306
245307
245308
245309
245310
245311
245312
245313
245314
245315
245316
245317
245318
246259
246260
246261
246262
246263
246264
246265
246266
246267
246268
246269
246270
246271
246272
246273
246274
246275
246276
246277
246278
247219
247220
247221
247222
247223
247224
247225
247226
247227
247228
247229
247230
247231
247232
247233
247234
247235
247236
247237
247238
248179
248180
248181
248182
248183
248184
248185
248186
248187
248188
248189
248190
248191
248192
248193
248194
248195
248196
248197
248198
249139
249140
249141
249142
249143
249144
249145
249146
249147
249148
249149
249150
249151
249152
249153
249154
249155
249156
249157
249158
250099
250100
250101
250102
250103
250104
250105
250106
250107
250108
250109
250110
250111
250112
250113
250114
250115
250116
250117
250118
251059
251060
251061
251062
251063
251064
251065
251066
251067
251068
251069
251070
251071
251072
251073
251074
251075
251076
251077
251078
252019
252020
252021
252022
252023
252024
252025
252026
252027
252028
252029
252030
252031
252032
252033
252034
252035
252036
252037
252038
252979
252980
252981
252982
252983
252984
252985
252986
252987
252988
252989
252990
252991
252992
252993
252994
252995
252996
252997
252998
253939
253940
253941
253942
253943
253944
253945
253946
253947
253948
253949
253950
253951
253952
253953
253954
253955
253956
253957
253958
254899
254900
254901
254902
254903
254904
254905
254906
254907
254908
254909
254910
254911
254912
254913
254914
254915
254916
254917
254918
255858
255859
255860
255861
255862
255863
255864
255865
255866
255867
255868
255869
255870
255871
255872
255873
255874
255875
255876
255877
255878
256818
256819
256820
256821
256822
256823
256824
256825
256826
256827
256828
256829
256830
256831
256832
256833
256834
256835
256836
256837
256838
257778
257779
257780
257781
257782
257783
257784
257785
257786
257787
257788
257789
257790
257791
257792
257793
257794
257795
257796
257797
257798
258738
258739
258740
258741
258742
258743
258744
258745
258746
258747
258748
258749
258750
258751
258752
258753
258754
258755
258756
258757
258758
259698
259699
259700
259701
259702
259703
259704
259705
259706
259707
259708
259709
259710
259711
259712
259713
259714
259715
259716
259717
259718
260658
260659
260660
260661
260662
260663
260664
260665
260666
260667
260668
260669
260670
260671
260672
260673
260674
260675
260676
260677
260678
261618
261619
261620
261621
261622
261623
261624
261625
261626
261627
261628
261629
261630
261631
261632
261633
261634
261635
261636
261637
261638
262578
262579
262580
262581
262582
262583
262584
262585
262586
262587
262588
262589
262590
262591
262592
262593
262594
262595
262596
262597
262598
263538
263539
263540
263541
263542
263543
263544
263545
263546
263547
263548
263549
263550
263551
263552
263553
263554
263555
263556
263557
263558
264498
264499
264500
264501
264502
264503
264504
264505
264506
264507
264508
264509
264510
264511
264512
264513
264514
264515
264516
264517
264518
265458
265459
265460
265461
265462
265463
265464
265465
265466
265467
265468
265469
265470
265471
265472
265473
265474
265475
265476
265477
265478
266418
266419
266420
266421
266422
266423
266424
266425
266426
266427
266428
266429
266430
266431
266432
266433
266434
266435
266436
266437
267378
267379
267380
267381
267382
267383
267384
267385
267386
267387
267388
267389
267390
267391
267392
267393
267394
267395
267396
267397
268338
268339
268340
268341
268342
268343
268344
268345
268346
268347
268348
268349
268350
268351
268352
268353
268354
268355
268356
268357
269298
269299
269300
269301
269302
269303
269304
269305
269306
269307
269308
269309
269310
269311
269312
269313
269314
269315
269316
269317
270258
270259
270260
270261
270262
270263
270264
270265
270266
270267
270268
270269
270270
270271
270272
270273
270274
270275
270276
270277
271218
271219
271220
271221
271222
271223
271224
271225
271226
271227
271228
271229
271230
271231
271232
271233
271234
271235
271236
271237
272178
272179
272180
272181
272182
272183
272184
272185
272186
272187
272188
272189
272190
272191
272192
272193
272194
272195
272196
272197
273138
273139
273140
273141
273142
273143
273144
273145
273146
273147
273148
273149
273150
273151
273152
273153
273154
273155
273156
273157
274098
274099
274100
274101
274102
274103
274104
274105
274106
274107
274108
274109
274110
274111
274112
274113
274114
274115
274116
274117
275058
275059
275060
275061
275062
275063
275064
275065
275066
275067
275068
275069
275070
275071
275072
275073
275074
275075
275076
275077
276018
276019
276020
276021
276022
276023
276024
276025
276026
276027
276028
276029
276030
276031
276032
276033
276034
276035
276036
276037
276978
276979
276980
276981
276982
276983
276984
276985
276986
276987
276988
276989
276990
276991
276992
276993
276994
276995
276996
276997
277938
277939
277940
277941
277942
277943
277944
277945
277946
277947
277948
277949
277950
277951
277952
277953
277954
277955
277956
277957
278898
278899
278900
278901
278902
278903
278904
278905
278906
278907
278908
278909
278910
278911
278912
278913
278914
278915
278916
278917
279858
279859
279860
279861
279862
279863
279864
279865
279866
279867
279868
279869
279870
279871
279872
279873
279874
279875
279876
279877
280818
280819
280820
280821
280822
280823
280824
280825
280826
280827
280828
280829
280830
280831
280832
280833
280834
280835
280836
280837
281778
281779
281780
281781
281782
281783
281784
281785
281786
281787
281788
281789
281790
281791
281792
281793
281794
281795
281796
281797
282738
282739
282740
282741
282742
282743
282744
282745
282746
282747
282748
282749
282750
282751
282752
282753
282754
282755
282756
282757
283698
283699
283700
283701
283702
283703
283704
283705
283706
283707
283708
283709
283710
283711
283712
283713
283714
283715
283716
283717
284658
284659
284660
284661
284662
284663
284664
284665
284666
284667
284668
284669
284670
284671
284672
284673
284674
284675
284676
284677
285618
285619
285620
285621
285622
285623
285624
285625
285626
285627
285628
285629
285630
285631
285632
285633
285634
285635
285636
285637
286578
286579
286580
286581
286582
286583
286584
286585
286586
286587
286588
286589
286590
286591
286592
286593
286594
286595
286596
286597
287538
287539
287540
287541
287542
287543
287544
287545
287546
287547
287548
287549
287550
287551
287552
287553
287554
287555
287556
287557
288498
288499
288500
288501
288502
288503
288504
288505
288506
288507
288508
288509
288510
288511
288512
288513
288514
288515
288516
288517
289458
289459
289460
289461
289462
289463
289464
289465
289466
289467
289468
289469
289470
289471
289472
289473
289474
289475
289476
289477
290418
290419
290420
290421
290422
290423
290424
290425
290426
290427
290428
290429
290430
290431
290432
290433
290434
290435
290436
290437
291378
291379
291380
291381
291382
291383
291384
291385
291386
291387
291388
291389
291390
291391
291392
291393
291394
291395
291396
291397
292338
292339
292340
292341
292342
292343
292344
292345
292346
292347
292348
292349
292350
292351
292352
292353
292354
292355
292356
292357
293298
293299
293300
293301
293302
293303
293304
293305
293306
293307
293308
293309
293310
293311
293312
293313
293314
293315
293316
293317
294258
294259
294260
294261
294262
294263
294264
294265
294266
294267
294268
294269
294270
294271
294272
294273
294274
294275
294276
294277
295218
295219
295220
295221
295222
295223
295224
295225
295226
295227
295228
295229
295230
295231
295232
295233
295234
295235
295236
295237
296178
296179
296180
296181
296182
296183
296184
296185
296186
296187
296188
296189
296190
296191
296192
296193
296194
296195
296196
296197
297138
297139
297140
297141
297142
297143
297144
297145
297146
297147
297148
297149
297150
297151
297152
297153
297154
297155
297156
297157
298098
298099
298100
298101
298102
298103
298104
298105
298106
298107
298108
298109
298110
298111
298112
298113
298114
298115
298116
298117
299058
299059
299060
299061
299062
299063
299064
299065
299066
299067
299068
299069
299070
299071
299072
299073
299074
299075
299076
299077
300018
300019
300020
300021
300022
300023
300024
300025
300026
300027
300028
300029
300030
300031
300032
300033
300034
300035
300036
300037
300978
300979
300980
300981
300982
300983
300984
300985
300986
300987
300988
300989
300990
300991
300992
300993
300994
300995
300996
300997
301938
301939
301940
301941
301942
301943
301944
301945
301946
301947
301948
301949
301950
301951
301952
301953
301954
301955
301956
301957
302898
302899
302900
302901
302902
302903
302904
302905
302906
302907
302908
302909
302910
302911
302912
302913
302914
302915
302916
302917
303858
303859
303860
303861
303862
303863
303864
303865
303866
303867
303868
303869
303870
303871
303872
303873
303874
303875
303876
303877
304818
304819
304820
304821
304822
304823
304824
304825
304826
304827
304828
304829
304830
304831
304832
304833
304834
304835
304836
304837
305778
305779
305780
305781
305782
305783
305784
305785
305786
305787
305788
305789
305790
305791
305792
305793
305794
305795
305796
305797
306738
306739
306740
306741
306742
306743
306744
306745
306746
306747
306748
306749
306750
306751
306752
306753
306754
306755
306756
306757
307698
307699
307700
307701
307702
307703
307704
307705
307706
307707
307708
307709
307710
307711
307712
307713
307714
307715
307716
307717
309355
309356
309357
309358
309359
309360
309361
309362
309363
309364
309365
309366
309367
309368
309369
309370
309371
309372
309373
309374
-1720
-3640
-5560
-7480
-9400
-11320
-13240
-15159
-17078
-18997
-20916
-22835
-24754
-26673
-28592
-30511
-32430
-34349
-36268
-38187
-40106
-42025
-43944
-45863
-47782
-47783
-49699
-51618
-53537
-55456
-57375
-59294
-61213
-63132
-65051
-66970
-68889
-70808
-72727
-74646
-76566
-78486
-80406
-82326
-84246
-86166
-88086
-90006
-91926
-93845
-95764
-97683
-99602
-101521
-103440
-105359
-107278
-109197
-111116
-113035
-114954
-116873
-118792
-120711
-122630
-124549
-126468
-128387
-130306
-132225
-134144
-136063
-137982
-139901
-141820
-143739
-145658
-147577
-149496
-151415
-152476
1760
3680
5600
7520
9440
11360
13280
15199
17118
19037
20956
22875
24794
26713
28632
30551
32470
34389
36308
38227
40146
42065
43984
45903
47822
49741
51660
53579
55498
57417
59336
61255
63174
65093
67012
68931
68932
70848
72767
74686
76606
78526
80446
82366
84286
86206
88126
90046
91966
93885
95804
97723
99642
101561
103480
105399
107318
109237
111156
113075
114994
116913
118832
120751
122670
124589
126508
128427
130346
132265
134184
136103
138022
139941
141860
143779
145698
147617
149536
151455
152496
)


// ************************************************************************* //
