/*--------------------------------*- C++ -*----------------------------------*\
| =========                 |                                                 |
| \\      /  F ield         | OpenFOAM: The Open Source CFD Toolbox           |
|  \\    /   O peration     | Version:  2.3.0                                 |
|   \\  /    A nd           | Web:      www.OpenFOAM.org                      |
|    \\/     M anipulation  |                                                 |
\*---------------------------------------------------------------------------*/
FoamFile
{
    version     2.0;
    format      ascii;
    class       labelList;
    location    "constant/polyMesh";
    object      faceProcAddressing;
}
// * * * * * * * * * * * * * * * * * * * * * * * * * * * * * * * * * * * * * //


6525
(
634
635
636
637
638
639
640
641
642
643
644
645
646
647
648
649
650
651
652
653
654
655
656
657
658
659
660
661
662
663
664
665
666
667
668
669
670
671
673
2554
2555
2556
2557
2558
2559
2560
2561
2562
2563
2564
2565
2566
2567
2568
2569
2570
2571
2572
2573
2574
2575
2576
2577
2578
2579
2580
2581
2582
2583
2584
2585
2586
2587
2588
2589
2590
2591
2593
4474
4475
4476
4477
4478
4479
4480
4481
4482
4483
4484
4485
4486
4487
4488
4489
4490
4491
4492
4493
4494
4495
4496
4497
4498
4499
4500
4501
4502
4503
4504
4505
4506
4507
4508
4509
4510
4511
4513
6394
6395
6396
6397
6398
6399
6400
6401
6402
6403
6404
6405
6406
6407
6408
6409
6410
6411
6412
6413
6414
6415
6416
6417
6418
6419
6420
6421
6422
6423
6424
6425
6426
6427
6428
6429
6430
6431
6433
8314
8315
8316
8317
8318
8319
8320
8321
8322
8323
8324
8325
8326
8327
8328
8329
8330
8331
8332
8333
8334
8335
8336
8337
8338
8339
8340
8341
8342
8343
8344
8345
8346
8347
8348
8349
8350
8351
8353
10234
10235
10236
10237
10238
10239
10240
10241
10242
10243
10244
10245
10246
10247
10248
10249
10250
10251
10252
10253
10254
10255
10256
10257
10258
10259
10260
10261
10262
10263
10264
10265
10266
10267
10268
10269
10270
10271
10273
12154
12155
12156
12157
12158
12159
12160
12161
12162
12163
12164
12165
12166
12167
12168
12169
12170
12171
12172
12173
12174
12175
12176
12177
12178
12179
12180
12181
12182
12183
12184
12185
12186
12187
12188
12189
12190
12191
12193
14073
14074
14075
14076
14077
14078
14079
14080
14081
14082
14083
14084
14085
14086
14087
14088
14089
14090
14091
14092
14093
14094
14095
14096
14097
14098
14099
14100
14101
14102
14103
14104
14105
14106
14107
14108
14109
14110
14112
15992
15993
15994
15995
15996
15997
15998
15999
16000
16001
16002
16003
16004
16005
16006
16007
16008
16009
16010
16011
16012
16013
16014
16015
16016
16017
16018
16019
16020
16021
16022
16023
16024
16025
16026
16027
16028
16029
16031
17911
17912
17913
17914
17915
17916
17917
17918
17919
17920
17921
17922
17923
17924
17925
17926
17927
17928
17929
17930
17931
17932
17933
17934
17935
17936
17937
17938
17939
17940
17941
17942
17943
17944
17945
17946
17947
17948
17950
19830
19831
19832
19833
19834
19835
19836
19837
19838
19839
19840
19841
19842
19843
19844
19845
19846
19847
19848
19849
19850
19851
19852
19853
19854
19855
19856
19857
19858
19859
19860
19861
19862
19863
19864
19865
19866
19867
19869
21749
21750
21751
21752
21753
21754
21755
21756
21757
21758
21759
21760
21761
21762
21763
21764
21765
21766
21767
21768
21769
21770
21771
21772
21773
21774
21775
21776
21777
21778
21779
21780
21781
21782
21783
21784
21785
21786
21788
23668
23669
23670
23671
23672
23673
23674
23675
23676
23677
23678
23679
23680
23681
23682
23683
23684
23685
23686
23687
23688
23689
23690
23691
23692
23693
23694
23695
23696
23697
23698
23699
23700
23701
23702
23703
23704
23705
23707
25587
25588
25589
25590
25591
25592
25593
25594
25595
25596
25597
25598
25599
25600
25601
25602
25603
25604
25605
25606
25607
25608
25609
25610
25611
25612
25613
25614
25615
25616
25617
25618
25619
25620
25621
25622
25623
25624
25626
27506
27507
27508
27509
27510
27511
27512
27513
27514
27515
27516
27517
27518
27519
27520
27521
27522
27523
27524
27525
27526
27527
27528
27529
27530
27531
27532
27533
27534
27535
27536
27537
27538
27539
27540
27541
27542
27543
27545
29425
29426
29427
29428
29429
29430
29431
29432
29433
29434
29435
29436
29437
29438
29439
29440
29441
29442
29443
29444
29445
29446
29447
29448
29449
29450
29451
29452
29453
29454
29455
29456
29457
29458
29459
29460
29461
29462
29464
31344
31345
31346
31347
31348
31349
31350
31351
31352
31353
31354
31355
31356
31357
31358
31359
31360
31361
31362
31363
31364
31365
31366
31367
31368
31369
31370
31371
31372
31373
31374
31375
31376
31377
31378
31379
31380
31381
31383
33263
33264
33265
33266
33267
33268
33269
33270
33271
33272
33273
33274
33275
33276
33277
33278
33279
33280
33281
33282
33283
33284
33285
33286
33287
33288
33289
33290
33291
33292
33293
33294
33295
33296
33297
33298
33299
33300
33302
35182
35183
35184
35185
35186
35187
35188
35189
35190
35191
35192
35193
35194
35195
35196
35197
35198
35199
35200
35201
35202
35203
35204
35205
35206
35207
35208
35209
35210
35211
35212
35213
35214
35215
35216
35217
35218
35219
35221
37101
37102
37103
37104
37105
37106
37107
37108
37109
37110
37111
37112
37113
37114
37115
37116
37117
37118
37119
37120
37121
37122
37123
37124
37125
37126
37127
37128
37129
37130
37131
37132
37133
37134
37135
37136
37137
37138
37140
39020
39021
39022
39023
39024
39025
39026
39027
39028
39029
39030
39031
39032
39033
39034
39035
39036
39037
39038
39039
39040
39041
39042
39043
39044
39045
39046
39047
39048
39049
39050
39051
39052
39053
39054
39055
39056
39057
39059
40939
40940
40941
40942
40943
40944
40945
40946
40947
40948
40949
40950
40951
40952
40953
40954
40955
40956
40957
40958
40959
40960
40961
40962
40963
40964
40965
40966
40967
40968
40969
40970
40971
40972
40973
40974
40975
40976
40978
42858
42859
42860
42861
42862
42863
42864
42865
42866
42867
42868
42869
42870
42871
42872
42873
42874
42875
42876
42877
42878
42879
42880
42881
42882
42883
42884
42885
42886
42887
42888
42889
42890
42891
42892
42893
42894
42895
42897
44777
44778
44779
44780
44781
44782
44783
44784
44785
44786
44787
44788
44789
44790
44791
44792
44793
44794
44795
44796
44797
44798
44799
44800
44801
44802
44803
44804
44805
44806
44807
44808
44809
44810
44811
44812
44813
44814
44816
46696
46697
46698
46699
46700
46701
46702
46703
46704
46705
46706
46707
46708
46709
46710
46711
46712
46713
46714
46715
46716
46717
46718
46719
46720
46721
46722
46723
46724
46725
46726
46727
46728
46729
46730
46731
46732
46733
46735
48615
48616
48617
48618
48619
48620
48621
48622
48623
48624
48625
48626
48627
48628
48629
48630
48631
48632
48633
48634
48635
48636
48637
48638
48639
48640
48641
48642
48643
48644
48645
48646
48647
48648
48649
48650
48651
48652
48654
50534
50535
50536
50537
50538
50539
50540
50541
50542
50543
50544
50545
50546
50547
50548
50549
50550
50551
50552
50553
50554
50555
50556
50557
50558
50559
50560
50561
50562
50563
50564
50565
50566
50567
50568
50569
50570
50571
50573
52453
52454
52455
52456
52457
52458
52459
52460
52461
52462
52463
52464
52465
52466
52467
52468
52469
52470
52471
52472
52473
52474
52475
52476
52477
52478
52479
52480
52481
52482
52483
52484
52485
52486
52487
52488
52489
52490
52492
54372
54373
54374
54375
54376
54377
54378
54379
54380
54381
54382
54383
54384
54385
54386
54387
54388
54389
54390
54391
54392
54393
54394
54395
54396
54397
54398
54399
54400
54401
54402
54403
54404
54405
54406
54407
54408
54409
54411
56291
56292
56293
56294
56295
56296
56297
56298
56299
56300
56301
56302
56303
56304
56305
56306
56307
56308
56309
56310
56311
56312
56313
56314
56315
56316
56317
56318
56319
56320
56321
56322
56323
56324
56325
56326
56327
56328
56330
58210
58211
58212
58213
58214
58215
58216
58217
58218
58219
58220
58221
58222
58223
58224
58225
58226
58227
58228
58229
58230
58231
58232
58233
58234
58235
58236
58237
58238
58239
58240
58241
58242
58243
58244
58245
58246
58247
58249
60129
60130
60131
60132
60133
60134
60135
60136
60137
60138
60139
60140
60141
60142
60143
60144
60145
60146
60147
60148
60149
60150
60151
60152
60153
60154
60155
60156
60157
60158
60159
60160
60161
60162
60163
60164
60165
60166
60168
62048
62049
62050
62051
62052
62053
62054
62055
62056
62057
62058
62059
62060
62061
62062
62063
62064
62065
62066
62067
62068
62069
62070
62071
62072
62073
62074
62075
62076
62077
62078
62079
62080
62081
62082
62083
62084
62085
62087
63967
63968
63969
63970
63971
63972
63973
63974
63975
63976
63977
63978
63979
63980
63981
63982
63983
63984
63985
63986
63987
63988
63989
63990
63991
63992
63993
63994
63995
63996
63997
63998
63999
64000
64001
64002
64003
64004
64006
65886
65887
65888
65889
65890
65891
65892
65893
65894
65895
65896
65897
65898
65899
65900
65901
65902
65903
65904
65905
65906
65907
65908
65909
65910
65911
65912
65913
65914
65915
65916
65917
65918
65919
65920
65921
65922
65923
65925
67805
67806
67807
67808
67809
67810
67811
67812
67813
67814
67815
67816
67817
67818
67819
67820
67821
67822
67823
67824
67825
67826
67827
67828
67829
67830
67831
67832
67833
67834
67835
67836
67837
67838
67839
67840
67841
67842
67844
69724
69725
69726
69727
69728
69729
69730
69731
69732
69733
69734
69735
69736
69737
69738
69739
69740
69741
69742
69743
69744
69745
69746
69747
69748
69749
69750
69751
69752
69753
69754
69755
69756
69757
69758
69759
69760
69761
69763
71643
71644
71645
71646
71647
71648
71649
71650
71651
71652
71653
71654
71655
71656
71657
71658
71659
71660
71661
71662
71663
71664
71665
71666
71667
71668
71669
71670
71671
71672
71673
71674
71675
71676
71677
71678
71679
71680
71682
73562
73563
73564
73565
73566
73567
73568
73569
73570
73571
73572
73573
73574
73575
73576
73577
73578
73579
73580
73581
73582
73583
73584
73585
73586
73587
73588
73589
73590
73591
73592
73593
73594
73595
73596
73597
73598
73599
73601
75482
75483
75484
75485
75486
75487
75488
75489
75490
75491
75492
75493
75494
75495
75496
75497
75498
75499
75500
75501
75502
75503
75504
75505
75506
75507
75508
75509
75510
75511
75512
75513
75514
75515
75516
75517
75518
75519
75521
77402
77403
77404
77405
77406
77407
77408
77409
77410
77411
77412
77413
77414
77415
77416
77417
77418
77419
77420
77421
77422
77423
77424
77425
77426
77427
77428
77429
77430
77431
77432
77433
77434
77435
77436
77437
77438
77439
77441
79322
79323
79324
79325
79326
79327
79328
79329
79330
79331
79332
79333
79334
79335
79336
79337
79338
79339
79340
79341
79342
79343
79344
79345
79346
79347
79348
79349
79350
79351
79352
79353
79354
79355
79356
79357
79358
79359
79361
81242
81243
81244
81245
81246
81247
81248
81249
81250
81251
81252
81253
81254
81255
81256
81257
81258
81259
81260
81261
81262
81263
81264
81265
81266
81267
81268
81269
81270
81271
81272
81273
81274
81275
81276
81277
81278
81279
81281
83162
83163
83164
83165
83166
83167
83168
83169
83170
83171
83172
83173
83174
83175
83176
83177
83178
83179
83180
83181
83182
83183
83184
83185
83186
83187
83188
83189
83190
83191
83192
83193
83194
83195
83196
83197
83198
83199
83201
85082
85083
85084
85085
85086
85087
85088
85089
85090
85091
85092
85093
85094
85095
85096
85097
85098
85099
85100
85101
85102
85103
85104
85105
85106
85107
85108
85109
85110
85111
85112
85113
85114
85115
85116
85117
85118
85119
85121
87002
87003
87004
87005
87006
87007
87008
87009
87010
87011
87012
87013
87014
87015
87016
87017
87018
87019
87020
87021
87022
87023
87024
87025
87026
87027
87028
87029
87030
87031
87032
87033
87034
87035
87036
87037
87038
87039
87041
88922
88923
88924
88925
88926
88927
88928
88929
88930
88931
88932
88933
88934
88935
88936
88937
88938
88939
88940
88941
88942
88943
88944
88945
88946
88947
88948
88949
88950
88951
88952
88953
88954
88955
88956
88957
88958
88959
88961
90842
90843
90844
90845
90846
90847
90848
90849
90850
90851
90852
90853
90854
90855
90856
90857
90858
90859
90860
90861
90862
90863
90864
90865
90866
90867
90868
90869
90870
90871
90872
90873
90874
90875
90876
90877
90878
90879
90881
92759
92760
92761
92762
92763
92764
92765
92766
92767
92768
92769
92770
92771
92772
92773
92774
92775
92776
92777
92778
92779
92780
92781
92782
92783
92784
92785
92786
92787
92788
92789
92790
92791
92792
92793
92794
92795
92796
92797
92798
92800
94678
94679
94680
94681
94682
94683
94684
94685
94686
94687
94688
94689
94690
94691
94692
94693
94694
94695
94696
94697
94698
94699
94700
94701
94702
94703
94704
94705
94706
94707
94708
94709
94710
94711
94712
94713
94714
94715
94716
94717
94719
96597
96598
96599
96600
96601
96602
96603
96604
96605
96606
96607
96608
96609
96610
96611
96612
96613
96614
96615
96616
96617
96618
96619
96620
96621
96622
96623
96624
96625
96626
96627
96628
96629
96630
96631
96632
96633
96634
96635
96636
96638
98516
98517
98518
98519
98520
98521
98522
98523
98524
98525
98526
98527
98528
98529
98530
98531
98532
98533
98534
98535
98536
98537
98538
98539
98540
98541
98542
98543
98544
98545
98546
98547
98548
98549
98550
98551
98552
98553
98554
98555
98557
100435
100436
100437
100438
100439
100440
100441
100442
100443
100444
100445
100446
100447
100448
100449
100450
100451
100452
100453
100454
100455
100456
100457
100458
100459
100460
100461
100462
100463
100464
100465
100466
100467
100468
100469
100470
100471
100472
100473
100474
100476
102354
102355
102356
102357
102358
102359
102360
102361
102362
102363
102364
102365
102366
102367
102368
102369
102370
102371
102372
102373
102374
102375
102376
102377
102378
102379
102380
102381
102382
102383
102384
102385
102386
102387
102388
102389
102390
102391
102392
102393
102395
104273
104274
104275
104276
104277
104278
104279
104280
104281
104282
104283
104284
104285
104286
104287
104288
104289
104290
104291
104292
104293
104294
104295
104296
104297
104298
104299
104300
104301
104302
104303
104304
104305
104306
104307
104308
104309
104310
104311
104312
104314
106192
106193
106194
106195
106196
106197
106198
106199
106200
106201
106202
106203
106204
106205
106206
106207
106208
106209
106210
106211
106212
106213
106214
106215
106216
106217
106218
106219
106220
106221
106222
106223
106224
106225
106226
106227
106228
106229
106230
106231
106233
108111
108112
108113
108114
108115
108116
108117
108118
108119
108120
108121
108122
108123
108124
108125
108126
108127
108128
108129
108130
108131
108132
108133
108134
108135
108136
108137
108138
108139
108140
108141
108142
108143
108144
108145
108146
108147
108148
108149
108150
108152
110030
110031
110032
110033
110034
110035
110036
110037
110038
110039
110040
110041
110042
110043
110044
110045
110046
110047
110048
110049
110050
110051
110052
110053
110054
110055
110056
110057
110058
110059
110060
110061
110062
110063
110064
110065
110066
110067
110068
110069
110071
111949
111950
111951
111952
111953
111954
111955
111956
111957
111958
111959
111960
111961
111962
111963
111964
111965
111966
111967
111968
111969
111970
111971
111972
111973
111974
111975
111976
111977
111978
111979
111980
111981
111982
111983
111984
111985
111986
111987
111988
113868
113869
113870
113871
113872
113873
113874
113875
113876
113877
113878
113879
113880
113881
113882
113883
113884
113885
113886
113887
113888
113889
113890
113891
113892
113893
113894
113895
113896
113897
113898
113899
113900
113901
113902
113903
113904
113905
113907
115787
115788
115789
115790
115791
115792
115793
115794
115795
115796
115797
115798
115799
115800
115801
115802
115803
115804
115805
115806
115807
115808
115809
115810
115811
115812
115813
115814
115815
115816
115817
115818
115819
115820
115821
115822
115823
115824
115826
117706
117707
117708
117709
117710
117711
117712
117713
117714
117715
117716
117717
117718
117719
117720
117721
117722
117723
117724
117725
117726
117727
117728
117729
117730
117731
117732
117733
117734
117735
117736
117737
117738
117739
117740
117741
117742
117743
117745
119625
119626
119627
119628
119629
119630
119631
119632
119633
119634
119635
119636
119637
119638
119639
119640
119641
119642
119643
119644
119645
119646
119647
119648
119649
119650
119651
119652
119653
119654
119655
119656
119657
119658
119659
119660
119661
119662
119664
121544
121545
121546
121547
121548
121549
121550
121551
121552
121553
121554
121555
121556
121557
121558
121559
121560
121561
121562
121563
121564
121565
121566
121567
121568
121569
121570
121571
121572
121573
121574
121575
121576
121577
121578
121579
121580
121581
121583
123463
123464
123465
123466
123467
123468
123469
123470
123471
123472
123473
123474
123475
123476
123477
123478
123479
123480
123481
123482
123483
123484
123485
123486
123487
123488
123489
123490
123491
123492
123493
123494
123495
123496
123497
123498
123499
123500
123502
125382
125383
125384
125385
125386
125387
125388
125389
125390
125391
125392
125393
125394
125395
125396
125397
125398
125399
125400
125401
125402
125403
125404
125405
125406
125407
125408
125409
125410
125411
125412
125413
125414
125415
125416
125417
125418
125419
125421
127301
127302
127303
127304
127305
127306
127307
127308
127309
127310
127311
127312
127313
127314
127315
127316
127317
127318
127319
127320
127321
127322
127323
127324
127325
127326
127327
127328
127329
127330
127331
127332
127333
127334
127335
127336
127337
127338
127340
129220
129221
129222
129223
129224
129225
129226
129227
129228
129229
129230
129231
129232
129233
129234
129235
129236
129237
129238
129239
129240
129241
129242
129243
129244
129245
129246
129247
129248
129249
129250
129251
129252
129253
129254
129255
129256
129257
129259
131139
131140
131141
131142
131143
131144
131145
131146
131147
131148
131149
131150
131151
131152
131153
131154
131155
131156
131157
131158
131159
131160
131161
131162
131163
131164
131165
131166
131167
131168
131169
131170
131171
131172
131173
131174
131175
131176
131178
133058
133059
133060
133061
133062
133063
133064
133065
133066
133067
133068
133069
133070
133071
133072
133073
133074
133075
133076
133077
133078
133079
133080
133081
133082
133083
133084
133085
133086
133087
133088
133089
133090
133091
133092
133093
133094
133095
133097
134977
134978
134979
134980
134981
134982
134983
134984
134985
134986
134987
134988
134989
134990
134991
134992
134993
134994
134995
134996
134997
134998
134999
135000
135001
135002
135003
135004
135005
135006
135007
135008
135009
135010
135011
135012
135013
135014
135016
136896
136897
136898
136899
136900
136901
136902
136903
136904
136905
136906
136907
136908
136909
136910
136911
136912
136913
136914
136915
136916
136917
136918
136919
136920
136921
136922
136923
136924
136925
136926
136927
136928
136929
136930
136931
136932
136933
136935
138815
138816
138817
138818
138819
138820
138821
138822
138823
138824
138825
138826
138827
138828
138829
138830
138831
138832
138833
138834
138835
138836
138837
138838
138839
138840
138841
138842
138843
138844
138845
138846
138847
138848
138849
138850
138851
138852
138854
140734
140735
140736
140737
140738
140739
140740
140741
140742
140743
140744
140745
140746
140747
140748
140749
140750
140751
140752
140753
140754
140755
140756
140757
140758
140759
140760
140761
140762
140763
140764
140765
140766
140767
140768
140769
140770
140771
140773
142653
142654
142655
142656
142657
142658
142659
142660
142661
142662
142663
142664
142665
142666
142667
142668
142669
142670
142671
142672
142673
142674
142675
142676
142677
142678
142679
142680
142681
142682
142683
142684
142685
142686
142687
142688
142689
142690
142692
144572
144573
144574
144575
144576
144577
144578
144579
144580
144581
144582
144583
144584
144585
144586
144587
144588
144589
144590
144591
144592
144593
144594
144595
144596
144597
144598
144599
144600
144601
144602
144603
144604
144605
144606
144607
144608
144609
144611
146491
146492
146493
146494
146495
146496
146497
146498
146499
146500
146501
146502
146503
146504
146505
146506
146507
146508
146509
146510
146511
146512
146513
146514
146515
146516
146517
146518
146519
146520
146521
146522
146523
146524
146525
146526
146527
146528
146530
148410
148411
148412
148413
148414
148415
148416
148417
148418
148419
148420
148421
148422
148423
148424
148425
148426
148427
148428
148429
148430
148431
148432
148433
148434
148435
148436
148437
148438
148439
148440
148441
148442
148443
148444
148445
148446
148447
148449
150329
150330
150331
150332
150333
150334
150335
150336
150337
150338
150339
150340
150341
150342
150343
150344
150345
150346
150347
150348
150349
150350
150351
150352
150353
150354
150355
150356
150357
150358
150359
150360
150361
150362
150363
150364
150365
150366
150368
151933
151934
151935
151936
151937
151938
151939
151940
151941
151942
151943
151944
151945
151946
151947
151948
151949
151950
151951
153978
153979
153980
153981
153982
153983
153984
153985
153986
153987
153988
153989
153990
153991
153992
153993
153994
153995
153996
153997
154938
154939
154940
154941
154942
154943
154944
154945
154946
154947
154948
154949
154950
154951
154952
154953
154954
154955
154956
154957
155898
155899
155900
155901
155902
155903
155904
155905
155906
155907
155908
155909
155910
155911
155912
155913
155914
155915
155916
155917
156858
156859
156860
156861
156862
156863
156864
156865
156866
156867
156868
156869
156870
156871
156872
156873
156874
156875
156876
156877
157818
157819
157820
157821
157822
157823
157824
157825
157826
157827
157828
157829
157830
157831
157832
157833
157834
157835
157836
157837
158778
158779
158780
158781
158782
158783
158784
158785
158786
158787
158788
158789
158790
158791
158792
158793
158794
158795
158796
158797
159738
159739
159740
159741
159742
159743
159744
159745
159746
159747
159748
159749
159750
159751
159752
159753
159754
159755
159756
159757
160698
160699
160700
160701
160702
160703
160704
160705
160706
160707
160708
160709
160710
160711
160712
160713
160714
160715
160716
160717
161658
161659
161660
161661
161662
161663
161664
161665
161666
161667
161668
161669
161670
161671
161672
161673
161674
161675
161676
161677
162618
162619
162620
162621
162622
162623
162624
162625
162626
162627
162628
162629
162630
162631
162632
162633
162634
162635
162636
162637
163578
163579
163580
163581
163582
163583
163584
163585
163586
163587
163588
163589
163590
163591
163592
163593
163594
163595
163596
163597
164538
164539
164540
164541
164542
164543
164544
164545
164546
164547
164548
164549
164550
164551
164552
164553
164554
164555
164556
164557
165498
165499
165500
165501
165502
165503
165504
165505
165506
165507
165508
165509
165510
165511
165512
165513
165514
165515
165516
165517
166458
166459
166460
166461
166462
166463
166464
166465
166466
166467
166468
166469
166470
166471
166472
166473
166474
166475
166476
166477
167418
167419
167420
167421
167422
167423
167424
167425
167426
167427
167428
167429
167430
167431
167432
167433
167434
167435
167436
167437
168378
168379
168380
168381
168382
168383
168384
168385
168386
168387
168388
168389
168390
168391
168392
168393
168394
168395
168396
168397
169338
169339
169340
169341
169342
169343
169344
169345
169346
169347
169348
169349
169350
169351
169352
169353
169354
169355
169356
169357
170298
170299
170300
170301
170302
170303
170304
170305
170306
170307
170308
170309
170310
170311
170312
170313
170314
170315
170316
170317
171258
171259
171260
171261
171262
171263
171264
171265
171266
171267
171268
171269
171270
171271
171272
171273
171274
171275
171276
171277
172218
172219
172220
172221
172222
172223
172224
172225
172226
172227
172228
172229
172230
172231
172232
172233
172234
172235
172236
172237
173178
173179
173180
173181
173182
173183
173184
173185
173186
173187
173188
173189
173190
173191
173192
173193
173194
173195
173196
173197
174138
174139
174140
174141
174142
174143
174144
174145
174146
174147
174148
174149
174150
174151
174152
174153
174154
174155
174156
174157
175098
175099
175100
175101
175102
175103
175104
175105
175106
175107
175108
175109
175110
175111
175112
175113
175114
175115
175116
175117
176058
176059
176060
176061
176062
176063
176064
176065
176066
176067
176068
176069
176070
176071
176072
176073
176074
176075
176076
176077
177018
177019
177020
177021
177022
177023
177024
177025
177026
177027
177028
177029
177030
177031
177032
177033
177034
177035
177036
177037
177978
177979
177980
177981
177982
177983
177984
177985
177986
177987
177988
177989
177990
177991
177992
177993
177994
177995
177996
177997
178938
178939
178940
178941
178942
178943
178944
178945
178946
178947
178948
178949
178950
178951
178952
178953
178954
178955
178956
178957
179898
179899
179900
179901
179902
179903
179904
179905
179906
179907
179908
179909
179910
179911
179912
179913
179914
179915
179916
179917
180858
180859
180860
180861
180862
180863
180864
180865
180866
180867
180868
180869
180870
180871
180872
180873
180874
180875
180876
180877
181818
181819
181820
181821
181822
181823
181824
181825
181826
181827
181828
181829
181830
181831
181832
181833
181834
181835
181836
181837
182778
182779
182780
182781
182782
182783
182784
182785
182786
182787
182788
182789
182790
182791
182792
182793
182794
182795
182796
182797
183738
183739
183740
183741
183742
183743
183744
183745
183746
183747
183748
183749
183750
183751
183752
183753
183754
183755
183756
183757
184698
184699
184700
184701
184702
184703
184704
184705
184706
184707
184708
184709
184710
184711
184712
184713
184714
184715
184716
184717
185658
185659
185660
185661
185662
185663
185664
185665
185666
185667
185668
185669
185670
185671
185672
185673
185674
185675
185676
185677
186618
186619
186620
186621
186622
186623
186624
186625
186626
186627
186628
186629
186630
186631
186632
186633
186634
186635
186636
186637
187578
187579
187580
187581
187582
187583
187584
187585
187586
187587
187588
187589
187590
187591
187592
187593
187594
187595
187596
187597
188538
188539
188540
188541
188542
188543
188544
188545
188546
188547
188548
188549
188550
188551
188552
188553
188554
188555
188556
188557
189498
189499
189500
189501
189502
189503
189504
189505
189506
189507
189508
189509
189510
189511
189512
189513
189514
189515
189516
189517
190458
190459
190460
190461
190462
190463
190464
190465
190466
190467
190468
190469
190470
190471
190472
190473
190474
190475
190476
190477
191418
191419
191420
191421
191422
191423
191424
191425
191426
191427
191428
191429
191430
191431
191432
191433
191434
191435
191436
191437
192378
192379
192380
192381
192382
192383
192384
192385
192386
192387
192388
192389
192390
192391
192392
192393
192394
192395
192396
192397
193338
193339
193340
193341
193342
193343
193344
193345
193346
193347
193348
193349
193350
193351
193352
193353
193354
193355
193356
193357
194298
194299
194300
194301
194302
194303
194304
194305
194306
194307
194308
194309
194310
194311
194312
194313
194314
194315
194316
194317
195258
195259
195260
195261
195262
195263
195264
195265
195266
195267
195268
195269
195270
195271
195272
195273
195274
195275
195276
195277
196218
196219
196220
196221
196222
196223
196224
196225
196226
196227
196228
196229
196230
196231
196232
196233
196234
196235
196236
196237
197178
197179
197180
197181
197182
197183
197184
197185
197186
197187
197188
197189
197190
197191
197192
197193
197194
197195
197196
197197
198138
198139
198140
198141
198142
198143
198144
198145
198146
198147
198148
198149
198150
198151
198152
198153
198154
198155
198156
198157
199098
199099
199100
199101
199102
199103
199104
199105
199106
199107
199108
199109
199110
199111
199112
199113
199114
199115
199116
199117
200057
200058
200059
200060
200061
200062
200063
200064
200065
200066
200067
200068
200069
200070
200071
200072
200073
200074
200075
200076
200077
201017
201018
201019
201020
201021
201022
201023
201024
201025
201026
201027
201028
201029
201030
201031
201032
201033
201034
201035
201036
201037
201977
201978
201979
201980
201981
201982
201983
201984
201985
201986
201987
201988
201989
201990
201991
201992
201993
201994
201995
201996
201997
202937
202938
202939
202940
202941
202942
202943
202944
202945
202946
202947
202948
202949
202950
202951
202952
202953
202954
202955
202956
202957
203897
203898
203899
203900
203901
203902
203903
203904
203905
203906
203907
203908
203909
203910
203911
203912
203913
203914
203915
203916
203917
204857
204858
204859
204860
204861
204862
204863
204864
204865
204866
204867
204868
204869
204870
204871
204872
204873
204874
204875
204876
204877
205817
205818
205819
205820
205821
205822
205823
205824
205825
205826
205827
205828
205829
205830
205831
205832
205833
205834
205835
205836
205837
206777
206778
206779
206780
206781
206782
206783
206784
206785
206786
206787
206788
206789
206790
206791
206792
206793
206794
206795
206796
206797
207737
207738
207739
207740
207741
207742
207743
207744
207745
207746
207747
207748
207749
207750
207751
207752
207753
207754
207755
207756
207757
208697
208698
208699
208700
208701
208702
208703
208704
208705
208706
208707
208708
208709
208710
208711
208712
208713
208714
208715
208716
208717
209657
209658
209659
209660
209661
209662
209663
209664
209665
209666
209667
209668
209669
209670
209671
209672
209673
209674
209675
209676
209677
210617
210618
210619
210620
210621
210622
210623
210624
210625
210626
210627
210628
210629
210630
210631
210632
210633
210634
210635
210636
211577
211578
211579
211580
211581
211582
211583
211584
211585
211586
211587
211588
211589
211590
211591
211592
211593
211594
211595
211596
212537
212538
212539
212540
212541
212542
212543
212544
212545
212546
212547
212548
212549
212550
212551
212552
212553
212554
212555
212556
213497
213498
213499
213500
213501
213502
213503
213504
213505
213506
213507
213508
213509
213510
213511
213512
213513
213514
213515
213516
214457
214458
214459
214460
214461
214462
214463
214464
214465
214466
214467
214468
214469
214470
214471
214472
214473
214474
214475
214476
215417
215418
215419
215420
215421
215422
215423
215424
215425
215426
215427
215428
215429
215430
215431
215432
215433
215434
215435
215436
216377
216378
216379
216380
216381
216382
216383
216384
216385
216386
216387
216388
216389
216390
216391
216392
216393
216394
216395
216396
217337
217338
217339
217340
217341
217342
217343
217344
217345
217346
217347
217348
217349
217350
217351
217352
217353
217354
217355
217356
218297
218298
218299
218300
218301
218302
218303
218304
218305
218306
218307
218308
218309
218310
218311
218312
218313
218314
218315
218316
219257
219258
219259
219260
219261
219262
219263
219264
219265
219266
219267
219268
219269
219270
219271
219272
219273
219274
219275
219276
220217
220218
220219
220220
220221
220222
220223
220224
220225
220226
220227
220228
220229
220230
220231
220232
220233
220234
220235
220236
221177
221178
221179
221180
221181
221182
221183
221184
221185
221186
221187
221188
221189
221190
221191
221192
221193
221194
221195
221196
222137
222138
222139
222140
222141
222142
222143
222144
222145
222146
222147
222148
222149
222150
222151
222152
222153
222154
222155
222156
223097
223098
223099
223100
223101
223102
223103
223104
223105
223106
223107
223108
223109
223110
223111
223112
223113
223114
223115
223116
224057
224058
224059
224060
224061
224062
224063
224064
224065
224066
224067
224068
224069
224070
224071
224072
224073
224074
224075
224076
225017
225018
225019
225020
225021
225022
225023
225024
225025
225026
225027
225028
225029
225030
225031
225032
225033
225034
225035
225036
225977
225978
225979
225980
225981
225982
225983
225984
225985
225986
225987
225988
225989
225990
225991
225992
225993
225994
225995
225996
226937
226938
226939
226940
226941
226942
226943
226944
226945
226946
226947
226948
226949
226950
226951
226952
226953
226954
226955
226956
227897
227898
227899
227900
227901
227902
227903
227904
227905
227906
227907
227908
227909
227910
227911
227912
227913
227914
227915
227916
228857
228858
228859
228860
228861
228862
228863
228864
228865
228866
228867
228868
228869
228870
228871
228872
228873
228874
228875
228876
229817
229818
229819
229820
229821
229822
229823
229824
229825
229826
229827
229828
229829
229830
229831
229832
229833
229834
229835
229836
231315
231316
231317
231318
231319
231320
231321
231322
231323
231324
231325
231326
231327
231328
231329
231330
231331
231332
231333
231334
232275
232276
232277
232278
232279
232280
232281
232282
232283
232284
232285
232286
232287
232288
232289
232290
232291
232292
232293
232294
233235
233236
233237
233238
233239
233240
233241
233242
233243
233244
233245
233246
233247
233248
233249
233250
233251
233252
233253
233254
234195
234196
234197
234198
234199
234200
234201
234202
234203
234204
234205
234206
234207
234208
234209
234210
234211
234212
234213
234214
235155
235156
235157
235158
235159
235160
235161
235162
235163
235164
235165
235166
235167
235168
235169
235170
235171
235172
235173
235174
236115
236116
236117
236118
236119
236120
236121
236122
236123
236124
236125
236126
236127
236128
236129
236130
236131
236132
236133
236134
237075
237076
237077
237078
237079
237080
237081
237082
237083
237084
237085
237086
237087
237088
237089
237090
237091
237092
237093
237094
238035
238036
238037
238038
238039
238040
238041
238042
238043
238044
238045
238046
238047
238048
238049
238050
238051
238052
238053
238054
238995
238996
238997
238998
238999
239000
239001
239002
239003
239004
239005
239006
239007
239008
239009
239010
239011
239012
239013
239014
239955
239956
239957
239958
239959
239960
239961
239962
239963
239964
239965
239966
239967
239968
239969
239970
239971
239972
239973
239974
240915
240916
240917
240918
240919
240920
240921
240922
240923
240924
240925
240926
240927
240928
240929
240930
240931
240932
240933
240934
241875
241876
241877
241878
241879
241880
241881
241882
241883
241884
241885
241886
241887
241888
241889
241890
241891
241892
241893
241894
242835
242836
242837
242838
242839
242840
242841
242842
242843
242844
242845
242846
242847
242848
242849
242850
242851
242852
242853
242854
243795
243796
243797
243798
243799
243800
243801
243802
243803
243804
243805
243806
243807
243808
243809
243810
243811
243812
243813
243814
244755
244756
244757
244758
244759
244760
244761
244762
244763
244764
244765
244766
244767
244768
244769
244770
244771
244772
244773
244774
245715
245716
245717
245718
245719
245720
245721
245722
245723
245724
245725
245726
245727
245728
245729
245730
245731
245732
245733
245734
246675
246676
246677
246678
246679
246680
246681
246682
246683
246684
246685
246686
246687
246688
246689
246690
246691
246692
246693
246694
247635
247636
247637
247638
247639
247640
247641
247642
247643
247644
247645
247646
247647
247648
247649
247650
247651
247652
247653
247654
248595
248596
248597
248598
248599
248600
248601
248602
248603
248604
248605
248606
248607
248608
248609
248610
248611
248612
248613
248614
249555
249556
249557
249558
249559
249560
249561
249562
249563
249564
249565
249566
249567
249568
249569
249570
249571
249572
249573
249574
250515
250516
250517
250518
250519
250520
250521
250522
250523
250524
250525
250526
250527
250528
250529
250530
250531
250532
250533
250534
251475
251476
251477
251478
251479
251480
251481
251482
251483
251484
251485
251486
251487
251488
251489
251490
251491
251492
251493
251494
252435
252436
252437
252438
252439
252440
252441
252442
252443
252444
252445
252446
252447
252448
252449
252450
252451
252452
252453
252454
253395
253396
253397
253398
253399
253400
253401
253402
253403
253404
253405
253406
253407
253408
253409
253410
253411
253412
253413
253414
254355
254356
254357
254358
254359
254360
254361
254362
254363
254364
254365
254366
254367
254368
254369
254370
254371
254372
254373
254374
255315
255316
255317
255318
255319
255320
255321
255322
255323
255324
255325
255326
255327
255328
255329
255330
255331
255332
255333
255334
256275
256276
256277
256278
256279
256280
256281
256282
256283
256284
256285
256286
256287
256288
256289
256290
256291
256292
256293
256294
257235
257236
257237
257238
257239
257240
257241
257242
257243
257244
257245
257246
257247
257248
257249
257250
257251
257252
257253
257254
258195
258196
258197
258198
258199
258200
258201
258202
258203
258204
258205
258206
258207
258208
258209
258210
258211
258212
258213
258214
259155
259156
259157
259158
259159
259160
259161
259162
259163
259164
259165
259166
259167
259168
259169
259170
259171
259172
259173
259174
260115
260116
260117
260118
260119
260120
260121
260122
260123
260124
260125
260126
260127
260128
260129
260130
260131
260132
260133
260134
261075
261076
261077
261078
261079
261080
261081
261082
261083
261084
261085
261086
261087
261088
261089
261090
261091
261092
261093
261094
262035
262036
262037
262038
262039
262040
262041
262042
262043
262044
262045
262046
262047
262048
262049
262050
262051
262052
262053
262054
262995
262996
262997
262998
262999
263000
263001
263002
263003
263004
263005
263006
263007
263008
263009
263010
263011
263012
263013
263014
263955
263956
263957
263958
263959
263960
263961
263962
263963
263964
263965
263966
263967
263968
263969
263970
263971
263972
263973
263974
264915
264916
264917
264918
264919
264920
264921
264922
264923
264924
264925
264926
264927
264928
264929
264930
264931
264932
264933
264934
265875
265876
265877
265878
265879
265880
265881
265882
265883
265884
265885
265886
265887
265888
265889
265890
265891
265892
265893
265894
266835
266836
266837
266838
266839
266840
266841
266842
266843
266844
266845
266846
266847
266848
266849
266850
266851
266852
266853
266854
267795
267796
267797
267798
267799
267800
267801
267802
267803
267804
267805
267806
267807
267808
267809
267810
267811
267812
267813
267814
268755
268756
268757
268758
268759
268760
268761
268762
268763
268764
268765
268766
268767
268768
268769
268770
268771
268772
268773
268774
269715
269716
269717
269718
269719
269720
269721
269722
269723
269724
269725
269726
269727
269728
269729
269730
269731
269732
269733
269734
270675
270676
270677
270678
270679
270680
270681
270682
270683
270684
270685
270686
270687
270688
270689
270690
270691
270692
270693
270694
271635
271636
271637
271638
271639
271640
271641
271642
271643
271644
271645
271646
271647
271648
271649
271650
271651
271652
271653
271654
272595
272596
272597
272598
272599
272600
272601
272602
272603
272604
272605
272606
272607
272608
272609
272610
272611
272612
272613
272614
273555
273556
273557
273558
273559
273560
273561
273562
273563
273564
273565
273566
273567
273568
273569
273570
273571
273572
273573
273574
274515
274516
274517
274518
274519
274520
274521
274522
274523
274524
274525
274526
274527
274528
274529
274530
274531
274532
274533
274534
275475
275476
275477
275478
275479
275480
275481
275482
275483
275484
275485
275486
275487
275488
275489
275490
275491
275492
275493
275494
276435
276436
276437
276438
276439
276440
276441
276442
276443
276444
276445
276446
276447
276448
276449
276450
276451
276452
276453
276454
277394
277395
277396
277397
277398
277399
277400
277401
277402
277403
277404
277405
277406
277407
277408
277409
277410
277411
277412
277413
277414
278354
278355
278356
278357
278358
278359
278360
278361
278362
278363
278364
278365
278366
278367
278368
278369
278370
278371
278372
278373
278374
279314
279315
279316
279317
279318
279319
279320
279321
279322
279323
279324
279325
279326
279327
279328
279329
279330
279331
279332
279333
279334
280274
280275
280276
280277
280278
280279
280280
280281
280282
280283
280284
280285
280286
280287
280288
280289
280290
280291
280292
280293
280294
281234
281235
281236
281237
281238
281239
281240
281241
281242
281243
281244
281245
281246
281247
281248
281249
281250
281251
281252
281253
281254
282194
282195
282196
282197
282198
282199
282200
282201
282202
282203
282204
282205
282206
282207
282208
282209
282210
282211
282212
282213
282214
283154
283155
283156
283157
283158
283159
283160
283161
283162
283163
283164
283165
283166
283167
283168
283169
283170
283171
283172
283173
283174
284114
284115
284116
284117
284118
284119
284120
284121
284122
284123
284124
284125
284126
284127
284128
284129
284130
284131
284132
284133
284134
285074
285075
285076
285077
285078
285079
285080
285081
285082
285083
285084
285085
285086
285087
285088
285089
285090
285091
285092
285093
285094
286034
286035
286036
286037
286038
286039
286040
286041
286042
286043
286044
286045
286046
286047
286048
286049
286050
286051
286052
286053
286054
286994
286995
286996
286997
286998
286999
287000
287001
287002
287003
287004
287005
287006
287007
287008
287009
287010
287011
287012
287013
287014
287954
287955
287956
287957
287958
287959
287960
287961
287962
287963
287964
287965
287966
287967
287968
287969
287970
287971
287972
287973
288914
288915
288916
288917
288918
288919
288920
288921
288922
288923
288924
288925
288926
288927
288928
288929
288930
288931
288932
288933
289874
289875
289876
289877
289878
289879
289880
289881
289882
289883
289884
289885
289886
289887
289888
289889
289890
289891
289892
289893
290834
290835
290836
290837
290838
290839
290840
290841
290842
290843
290844
290845
290846
290847
290848
290849
290850
290851
290852
290853
291794
291795
291796
291797
291798
291799
291800
291801
291802
291803
291804
291805
291806
291807
291808
291809
291810
291811
291812
291813
292754
292755
292756
292757
292758
292759
292760
292761
292762
292763
292764
292765
292766
292767
292768
292769
292770
292771
292772
292773
293714
293715
293716
293717
293718
293719
293720
293721
293722
293723
293724
293725
293726
293727
293728
293729
293730
293731
293732
293733
294674
294675
294676
294677
294678
294679
294680
294681
294682
294683
294684
294685
294686
294687
294688
294689
294690
294691
294692
294693
295634
295635
295636
295637
295638
295639
295640
295641
295642
295643
295644
295645
295646
295647
295648
295649
295650
295651
295652
295653
296594
296595
296596
296597
296598
296599
296600
296601
296602
296603
296604
296605
296606
296607
296608
296609
296610
296611
296612
296613
297554
297555
297556
297557
297558
297559
297560
297561
297562
297563
297564
297565
297566
297567
297568
297569
297570
297571
297572
297573
298514
298515
298516
298517
298518
298519
298520
298521
298522
298523
298524
298525
298526
298527
298528
298529
298530
298531
298532
298533
299474
299475
299476
299477
299478
299479
299480
299481
299482
299483
299484
299485
299486
299487
299488
299489
299490
299491
299492
299493
300434
300435
300436
300437
300438
300439
300440
300441
300442
300443
300444
300445
300446
300447
300448
300449
300450
300451
300452
300453
301394
301395
301396
301397
301398
301399
301400
301401
301402
301403
301404
301405
301406
301407
301408
301409
301410
301411
301412
301413
302354
302355
302356
302357
302358
302359
302360
302361
302362
302363
302364
302365
302366
302367
302368
302369
302370
302371
302372
302373
303314
303315
303316
303317
303318
303319
303320
303321
303322
303323
303324
303325
303326
303327
303328
303329
303330
303331
303332
303333
304274
304275
304276
304277
304278
304279
304280
304281
304282
304283
304284
304285
304286
304287
304288
304289
304290
304291
304292
304293
305234
305235
305236
305237
305238
305239
305240
305241
305242
305243
305244
305245
305246
305247
305248
305249
305250
305251
305252
305253
306194
306195
306196
306197
306198
306199
306200
306201
306202
306203
306204
306205
306206
306207
306208
306209
306210
306211
306212
306213
307154
307155
307156
307157
307158
307159
307160
307161
307162
307163
307164
307165
307166
307167
307168
307169
307170
307171
307172
307173
308811
308812
308813
308814
308815
308816
308817
308818
308819
308820
308821
308822
308823
308824
308825
308826
308827
308828
308829
308830
-632
-2552
-4472
-6392
-8312
-10232
-12152
-14071
-15990
-17909
-19828
-21747
-23666
-25585
-27504
-29423
-31342
-33261
-35180
-37099
-39018
-40937
-42856
-44775
-46694
-48613
-50532
-52451
-54370
-56289
-58208
-60127
-62046
-63965
-65884
-67803
-69722
-71641
-73560
-75480
-77400
-79320
-81240
-83160
-85080
-87000
-88920
-90840
-90841
-92757
-94676
-96595
-98514
-100433
-102352
-104271
-106190
-108109
-110028
-111947
-113866
-115785
-117704
-119623
-121542
-123461
-125380
-127299
-129218
-131137
-133056
-134975
-136894
-138813
-140732
-142651
-144570
-146489
-148408
-150327
-151932
672
2592
4512
6432
8352
10272
12192
14111
16030
17949
19868
21787
23706
25625
27544
29463
31382
33301
35220
37139
39058
40977
42896
44815
46734
48653
50572
52491
54410
56329
58248
60167
62086
64005
65924
67843
69762
71681
73600
75520
77440
79360
81280
83200
85120
87040
88960
90880
92799
94718
96637
98556
100475
102394
104313
106232
108151
110070
111989
111990
113906
115825
117744
119663
121582
123501
125420
127339
129258
131177
133096
135015
136934
138853
140772
142691
144610
146529
148448
150367
151952
)


// ************************************************************************* //
