/*--------------------------------*- C++ -*----------------------------------*\
| =========                 |                                                 |
| \\      /  F ield         | OpenFOAM: The Open Source CFD Toolbox           |
|  \\    /   O peration     | Version:  2.3.0                                 |
|   \\  /    A nd           | Web:      www.OpenFOAM.org                      |
|    \\/     M anipulation  |                                                 |
\*---------------------------------------------------------------------------*/
FoamFile
{
    version     2.0;
    format      ascii;
    class       labelList;
    location    "constant/polyMesh";
    object      faceProcAddressing;
}
// * * * * * * * * * * * * * * * * * * * * * * * * * * * * * * * * * * * * * //


6525
(
1400
1401
1402
1403
1404
1405
1406
1407
1408
1409
1410
1411
1412
1413
1414
1415
1416
1417
1418
1419
1420
1421
1422
1423
1424
1425
1426
1427
1428
1429
1430
1431
1432
1433
1434
1435
1436
1437
1439
3320
3321
3322
3323
3324
3325
3326
3327
3328
3329
3330
3331
3332
3333
3334
3335
3336
3337
3338
3339
3340
3341
3342
3343
3344
3345
3346
3347
3348
3349
3350
3351
3352
3353
3354
3355
3356
3357
3359
5240
5241
5242
5243
5244
5245
5246
5247
5248
5249
5250
5251
5252
5253
5254
5255
5256
5257
5258
5259
5260
5261
5262
5263
5264
5265
5266
5267
5268
5269
5270
5271
5272
5273
5274
5275
5276
5277
5279
7160
7161
7162
7163
7164
7165
7166
7167
7168
7169
7170
7171
7172
7173
7174
7175
7176
7177
7178
7179
7180
7181
7182
7183
7184
7185
7186
7187
7188
7189
7190
7191
7192
7193
7194
7195
7196
7197
7199
9080
9081
9082
9083
9084
9085
9086
9087
9088
9089
9090
9091
9092
9093
9094
9095
9096
9097
9098
9099
9100
9101
9102
9103
9104
9105
9106
9107
9108
9109
9110
9111
9112
9113
9114
9115
9116
9117
9119
11000
11001
11002
11003
11004
11005
11006
11007
11008
11009
11010
11011
11012
11013
11014
11015
11016
11017
11018
11019
11020
11021
11022
11023
11024
11025
11026
11027
11028
11029
11030
11031
11032
11033
11034
11035
11036
11037
11039
12920
12921
12922
12923
12924
12925
12926
12927
12928
12929
12930
12931
12932
12933
12934
12935
12936
12937
12938
12939
12940
12941
12942
12943
12944
12945
12946
12947
12948
12949
12950
12951
12952
12953
12954
12955
12956
12957
12959
14839
14840
14841
14842
14843
14844
14845
14846
14847
14848
14849
14850
14851
14852
14853
14854
14855
14856
14857
14858
14859
14860
14861
14862
14863
14864
14865
14866
14867
14868
14869
14870
14871
14872
14873
14874
14875
14876
14878
16758
16759
16760
16761
16762
16763
16764
16765
16766
16767
16768
16769
16770
16771
16772
16773
16774
16775
16776
16777
16778
16779
16780
16781
16782
16783
16784
16785
16786
16787
16788
16789
16790
16791
16792
16793
16794
16795
16797
18677
18678
18679
18680
18681
18682
18683
18684
18685
18686
18687
18688
18689
18690
18691
18692
18693
18694
18695
18696
18697
18698
18699
18700
18701
18702
18703
18704
18705
18706
18707
18708
18709
18710
18711
18712
18713
18714
18716
20596
20597
20598
20599
20600
20601
20602
20603
20604
20605
20606
20607
20608
20609
20610
20611
20612
20613
20614
20615
20616
20617
20618
20619
20620
20621
20622
20623
20624
20625
20626
20627
20628
20629
20630
20631
20632
20633
20635
22515
22516
22517
22518
22519
22520
22521
22522
22523
22524
22525
22526
22527
22528
22529
22530
22531
22532
22533
22534
22535
22536
22537
22538
22539
22540
22541
22542
22543
22544
22545
22546
22547
22548
22549
22550
22551
22552
22554
24434
24435
24436
24437
24438
24439
24440
24441
24442
24443
24444
24445
24446
24447
24448
24449
24450
24451
24452
24453
24454
24455
24456
24457
24458
24459
24460
24461
24462
24463
24464
24465
24466
24467
24468
24469
24470
24471
24473
26353
26354
26355
26356
26357
26358
26359
26360
26361
26362
26363
26364
26365
26366
26367
26368
26369
26370
26371
26372
26373
26374
26375
26376
26377
26378
26379
26380
26381
26382
26383
26384
26385
26386
26387
26388
26389
26390
26392
28272
28273
28274
28275
28276
28277
28278
28279
28280
28281
28282
28283
28284
28285
28286
28287
28288
28289
28290
28291
28292
28293
28294
28295
28296
28297
28298
28299
28300
28301
28302
28303
28304
28305
28306
28307
28308
28309
28311
30191
30192
30193
30194
30195
30196
30197
30198
30199
30200
30201
30202
30203
30204
30205
30206
30207
30208
30209
30210
30211
30212
30213
30214
30215
30216
30217
30218
30219
30220
30221
30222
30223
30224
30225
30226
30227
30228
30230
32110
32111
32112
32113
32114
32115
32116
32117
32118
32119
32120
32121
32122
32123
32124
32125
32126
32127
32128
32129
32130
32131
32132
32133
32134
32135
32136
32137
32138
32139
32140
32141
32142
32143
32144
32145
32146
32147
32149
34027
34028
34029
34030
34031
34032
34033
34034
34035
34036
34037
34038
34039
34040
34041
34042
34043
34044
34045
34046
34047
34048
34049
34050
34051
34052
34053
34054
34055
34056
34057
34058
34059
34060
34061
34062
34063
34064
34065
34066
34068
35946
35947
35948
35949
35950
35951
35952
35953
35954
35955
35956
35957
35958
35959
35960
35961
35962
35963
35964
35965
35966
35967
35968
35969
35970
35971
35972
35973
35974
35975
35976
35977
35978
35979
35980
35981
35982
35983
35984
35985
35987
37865
37866
37867
37868
37869
37870
37871
37872
37873
37874
37875
37876
37877
37878
37879
37880
37881
37882
37883
37884
37885
37886
37887
37888
37889
37890
37891
37892
37893
37894
37895
37896
37897
37898
37899
37900
37901
37902
37903
37904
37906
39784
39785
39786
39787
39788
39789
39790
39791
39792
39793
39794
39795
39796
39797
39798
39799
39800
39801
39802
39803
39804
39805
39806
39807
39808
39809
39810
39811
39812
39813
39814
39815
39816
39817
39818
39819
39820
39821
39822
39823
39825
41703
41704
41705
41706
41707
41708
41709
41710
41711
41712
41713
41714
41715
41716
41717
41718
41719
41720
41721
41722
41723
41724
41725
41726
41727
41728
41729
41730
41731
41732
41733
41734
41735
41736
41737
41738
41739
41740
41741
41742
41744
43622
43623
43624
43625
43626
43627
43628
43629
43630
43631
43632
43633
43634
43635
43636
43637
43638
43639
43640
43641
43642
43643
43644
43645
43646
43647
43648
43649
43650
43651
43652
43653
43654
43655
43656
43657
43658
43659
43660
43661
43663
45541
45542
45543
45544
45545
45546
45547
45548
45549
45550
45551
45552
45553
45554
45555
45556
45557
45558
45559
45560
45561
45562
45563
45564
45565
45566
45567
45568
45569
45570
45571
45572
45573
45574
45575
45576
45577
45578
45579
45580
45582
47460
47461
47462
47463
47464
47465
47466
47467
47468
47469
47470
47471
47472
47473
47474
47475
47476
47477
47478
47479
47480
47481
47482
47483
47484
47485
47486
47487
47488
47489
47490
47491
47492
47493
47494
47495
47496
47497
47498
47499
47501
49379
49380
49381
49382
49383
49384
49385
49386
49387
49388
49389
49390
49391
49392
49393
49394
49395
49396
49397
49398
49399
49400
49401
49402
49403
49404
49405
49406
49407
49408
49409
49410
49411
49412
49413
49414
49415
49416
49417
49418
49420
51298
51299
51300
51301
51302
51303
51304
51305
51306
51307
51308
51309
51310
51311
51312
51313
51314
51315
51316
51317
51318
51319
51320
51321
51322
51323
51324
51325
51326
51327
51328
51329
51330
51331
51332
51333
51334
51335
51336
51337
51339
53217
53218
53219
53220
53221
53222
53223
53224
53225
53226
53227
53228
53229
53230
53231
53232
53233
53234
53235
53236
53237
53238
53239
53240
53241
53242
53243
53244
53245
53246
53247
53248
53249
53250
53251
53252
53253
53254
53255
53256
55136
55137
55138
55139
55140
55141
55142
55143
55144
55145
55146
55147
55148
55149
55150
55151
55152
55153
55154
55155
55156
55157
55158
55159
55160
55161
55162
55163
55164
55165
55166
55167
55168
55169
55170
55171
55172
55173
55175
57055
57056
57057
57058
57059
57060
57061
57062
57063
57064
57065
57066
57067
57068
57069
57070
57071
57072
57073
57074
57075
57076
57077
57078
57079
57080
57081
57082
57083
57084
57085
57086
57087
57088
57089
57090
57091
57092
57094
58974
58975
58976
58977
58978
58979
58980
58981
58982
58983
58984
58985
58986
58987
58988
58989
58990
58991
58992
58993
58994
58995
58996
58997
58998
58999
59000
59001
59002
59003
59004
59005
59006
59007
59008
59009
59010
59011
59013
60893
60894
60895
60896
60897
60898
60899
60900
60901
60902
60903
60904
60905
60906
60907
60908
60909
60910
60911
60912
60913
60914
60915
60916
60917
60918
60919
60920
60921
60922
60923
60924
60925
60926
60927
60928
60929
60930
60932
62812
62813
62814
62815
62816
62817
62818
62819
62820
62821
62822
62823
62824
62825
62826
62827
62828
62829
62830
62831
62832
62833
62834
62835
62836
62837
62838
62839
62840
62841
62842
62843
62844
62845
62846
62847
62848
62849
62851
64731
64732
64733
64734
64735
64736
64737
64738
64739
64740
64741
64742
64743
64744
64745
64746
64747
64748
64749
64750
64751
64752
64753
64754
64755
64756
64757
64758
64759
64760
64761
64762
64763
64764
64765
64766
64767
64768
64770
66650
66651
66652
66653
66654
66655
66656
66657
66658
66659
66660
66661
66662
66663
66664
66665
66666
66667
66668
66669
66670
66671
66672
66673
66674
66675
66676
66677
66678
66679
66680
66681
66682
66683
66684
66685
66686
66687
66689
68569
68570
68571
68572
68573
68574
68575
68576
68577
68578
68579
68580
68581
68582
68583
68584
68585
68586
68587
68588
68589
68590
68591
68592
68593
68594
68595
68596
68597
68598
68599
68600
68601
68602
68603
68604
68605
68606
68608
70488
70489
70490
70491
70492
70493
70494
70495
70496
70497
70498
70499
70500
70501
70502
70503
70504
70505
70506
70507
70508
70509
70510
70511
70512
70513
70514
70515
70516
70517
70518
70519
70520
70521
70522
70523
70524
70525
70527
72407
72408
72409
72410
72411
72412
72413
72414
72415
72416
72417
72418
72419
72420
72421
72422
72423
72424
72425
72426
72427
72428
72429
72430
72431
72432
72433
72434
72435
72436
72437
72438
72439
72440
72441
72442
72443
72444
72446
74326
74327
74328
74329
74330
74331
74332
74333
74334
74335
74336
74337
74338
74339
74340
74341
74342
74343
74344
74345
74346
74347
74348
74349
74350
74351
74352
74353
74354
74355
74356
74357
74358
74359
74360
74361
74362
74363
74365
76246
76247
76248
76249
76250
76251
76252
76253
76254
76255
76256
76257
76258
76259
76260
76261
76262
76263
76264
76265
76266
76267
76268
76269
76270
76271
76272
76273
76274
76275
76276
76277
76278
76279
76280
76281
76282
76283
76285
78166
78167
78168
78169
78170
78171
78172
78173
78174
78175
78176
78177
78178
78179
78180
78181
78182
78183
78184
78185
78186
78187
78188
78189
78190
78191
78192
78193
78194
78195
78196
78197
78198
78199
78200
78201
78202
78203
78205
80086
80087
80088
80089
80090
80091
80092
80093
80094
80095
80096
80097
80098
80099
80100
80101
80102
80103
80104
80105
80106
80107
80108
80109
80110
80111
80112
80113
80114
80115
80116
80117
80118
80119
80120
80121
80122
80123
80125
82006
82007
82008
82009
82010
82011
82012
82013
82014
82015
82016
82017
82018
82019
82020
82021
82022
82023
82024
82025
82026
82027
82028
82029
82030
82031
82032
82033
82034
82035
82036
82037
82038
82039
82040
82041
82042
82043
82045
83926
83927
83928
83929
83930
83931
83932
83933
83934
83935
83936
83937
83938
83939
83940
83941
83942
83943
83944
83945
83946
83947
83948
83949
83950
83951
83952
83953
83954
83955
83956
83957
83958
83959
83960
83961
83962
83963
83965
85846
85847
85848
85849
85850
85851
85852
85853
85854
85855
85856
85857
85858
85859
85860
85861
85862
85863
85864
85865
85866
85867
85868
85869
85870
85871
85872
85873
85874
85875
85876
85877
85878
85879
85880
85881
85882
85883
85885
87766
87767
87768
87769
87770
87771
87772
87773
87774
87775
87776
87777
87778
87779
87780
87781
87782
87783
87784
87785
87786
87787
87788
87789
87790
87791
87792
87793
87794
87795
87796
87797
87798
87799
87800
87801
87802
87803
87805
89686
89687
89688
89689
89690
89691
89692
89693
89694
89695
89696
89697
89698
89699
89700
89701
89702
89703
89704
89705
89706
89707
89708
89709
89710
89711
89712
89713
89714
89715
89716
89717
89718
89719
89720
89721
89722
89723
89725
91606
91607
91608
91609
91610
91611
91612
91613
91614
91615
91616
91617
91618
91619
91620
91621
91622
91623
91624
91625
91626
91627
91628
91629
91630
91631
91632
91633
91634
91635
91636
91637
91638
91639
91640
91641
91642
91643
91645
93525
93526
93527
93528
93529
93530
93531
93532
93533
93534
93535
93536
93537
93538
93539
93540
93541
93542
93543
93544
93545
93546
93547
93548
93549
93550
93551
93552
93553
93554
93555
93556
93557
93558
93559
93560
93561
93562
93564
95444
95445
95446
95447
95448
95449
95450
95451
95452
95453
95454
95455
95456
95457
95458
95459
95460
95461
95462
95463
95464
95465
95466
95467
95468
95469
95470
95471
95472
95473
95474
95475
95476
95477
95478
95479
95480
95481
95483
97363
97364
97365
97366
97367
97368
97369
97370
97371
97372
97373
97374
97375
97376
97377
97378
97379
97380
97381
97382
97383
97384
97385
97386
97387
97388
97389
97390
97391
97392
97393
97394
97395
97396
97397
97398
97399
97400
97402
99282
99283
99284
99285
99286
99287
99288
99289
99290
99291
99292
99293
99294
99295
99296
99297
99298
99299
99300
99301
99302
99303
99304
99305
99306
99307
99308
99309
99310
99311
99312
99313
99314
99315
99316
99317
99318
99319
99321
101201
101202
101203
101204
101205
101206
101207
101208
101209
101210
101211
101212
101213
101214
101215
101216
101217
101218
101219
101220
101221
101222
101223
101224
101225
101226
101227
101228
101229
101230
101231
101232
101233
101234
101235
101236
101237
101238
101240
103120
103121
103122
103123
103124
103125
103126
103127
103128
103129
103130
103131
103132
103133
103134
103135
103136
103137
103138
103139
103140
103141
103142
103143
103144
103145
103146
103147
103148
103149
103150
103151
103152
103153
103154
103155
103156
103157
103159
105039
105040
105041
105042
105043
105044
105045
105046
105047
105048
105049
105050
105051
105052
105053
105054
105055
105056
105057
105058
105059
105060
105061
105062
105063
105064
105065
105066
105067
105068
105069
105070
105071
105072
105073
105074
105075
105076
105078
106958
106959
106960
106961
106962
106963
106964
106965
106966
106967
106968
106969
106970
106971
106972
106973
106974
106975
106976
106977
106978
106979
106980
106981
106982
106983
106984
106985
106986
106987
106988
106989
106990
106991
106992
106993
106994
106995
106997
108877
108878
108879
108880
108881
108882
108883
108884
108885
108886
108887
108888
108889
108890
108891
108892
108893
108894
108895
108896
108897
108898
108899
108900
108901
108902
108903
108904
108905
108906
108907
108908
108909
108910
108911
108912
108913
108914
108916
110796
110797
110798
110799
110800
110801
110802
110803
110804
110805
110806
110807
110808
110809
110810
110811
110812
110813
110814
110815
110816
110817
110818
110819
110820
110821
110822
110823
110824
110825
110826
110827
110828
110829
110830
110831
110832
110833
110835
112715
112716
112717
112718
112719
112720
112721
112722
112723
112724
112725
112726
112727
112728
112729
112730
112731
112732
112733
112734
112735
112736
112737
112738
112739
112740
112741
112742
112743
112744
112745
112746
112747
112748
112749
112750
112751
112752
112754
114634
114635
114636
114637
114638
114639
114640
114641
114642
114643
114644
114645
114646
114647
114648
114649
114650
114651
114652
114653
114654
114655
114656
114657
114658
114659
114660
114661
114662
114663
114664
114665
114666
114667
114668
114669
114670
114671
114673
116553
116554
116555
116556
116557
116558
116559
116560
116561
116562
116563
116564
116565
116566
116567
116568
116569
116570
116571
116572
116573
116574
116575
116576
116577
116578
116579
116580
116581
116582
116583
116584
116585
116586
116587
116588
116589
116590
116592
118472
118473
118474
118475
118476
118477
118478
118479
118480
118481
118482
118483
118484
118485
118486
118487
118488
118489
118490
118491
118492
118493
118494
118495
118496
118497
118498
118499
118500
118501
118502
118503
118504
118505
118506
118507
118508
118509
118511
120391
120392
120393
120394
120395
120396
120397
120398
120399
120400
120401
120402
120403
120404
120405
120406
120407
120408
120409
120410
120411
120412
120413
120414
120415
120416
120417
120418
120419
120420
120421
120422
120423
120424
120425
120426
120427
120428
120430
122310
122311
122312
122313
122314
122315
122316
122317
122318
122319
122320
122321
122322
122323
122324
122325
122326
122327
122328
122329
122330
122331
122332
122333
122334
122335
122336
122337
122338
122339
122340
122341
122342
122343
122344
122345
122346
122347
122349
124229
124230
124231
124232
124233
124234
124235
124236
124237
124238
124239
124240
124241
124242
124243
124244
124245
124246
124247
124248
124249
124250
124251
124252
124253
124254
124255
124256
124257
124258
124259
124260
124261
124262
124263
124264
124265
124266
124268
126148
126149
126150
126151
126152
126153
126154
126155
126156
126157
126158
126159
126160
126161
126162
126163
126164
126165
126166
126167
126168
126169
126170
126171
126172
126173
126174
126175
126176
126177
126178
126179
126180
126181
126182
126183
126184
126185
126187
128067
128068
128069
128070
128071
128072
128073
128074
128075
128076
128077
128078
128079
128080
128081
128082
128083
128084
128085
128086
128087
128088
128089
128090
128091
128092
128093
128094
128095
128096
128097
128098
128099
128100
128101
128102
128103
128104
128106
129986
129987
129988
129989
129990
129991
129992
129993
129994
129995
129996
129997
129998
129999
130000
130001
130002
130003
130004
130005
130006
130007
130008
130009
130010
130011
130012
130013
130014
130015
130016
130017
130018
130019
130020
130021
130022
130023
130025
131905
131906
131907
131908
131909
131910
131911
131912
131913
131914
131915
131916
131917
131918
131919
131920
131921
131922
131923
131924
131925
131926
131927
131928
131929
131930
131931
131932
131933
131934
131935
131936
131937
131938
131939
131940
131941
131942
131944
133824
133825
133826
133827
133828
133829
133830
133831
133832
133833
133834
133835
133836
133837
133838
133839
133840
133841
133842
133843
133844
133845
133846
133847
133848
133849
133850
133851
133852
133853
133854
133855
133856
133857
133858
133859
133860
133861
133863
135743
135744
135745
135746
135747
135748
135749
135750
135751
135752
135753
135754
135755
135756
135757
135758
135759
135760
135761
135762
135763
135764
135765
135766
135767
135768
135769
135770
135771
135772
135773
135774
135775
135776
135777
135778
135779
135780
135782
137662
137663
137664
137665
137666
137667
137668
137669
137670
137671
137672
137673
137674
137675
137676
137677
137678
137679
137680
137681
137682
137683
137684
137685
137686
137687
137688
137689
137690
137691
137692
137693
137694
137695
137696
137697
137698
137699
137701
139581
139582
139583
139584
139585
139586
139587
139588
139589
139590
139591
139592
139593
139594
139595
139596
139597
139598
139599
139600
139601
139602
139603
139604
139605
139606
139607
139608
139609
139610
139611
139612
139613
139614
139615
139616
139617
139618
139620
141500
141501
141502
141503
141504
141505
141506
141507
141508
141509
141510
141511
141512
141513
141514
141515
141516
141517
141518
141519
141520
141521
141522
141523
141524
141525
141526
141527
141528
141529
141530
141531
141532
141533
141534
141535
141536
141537
141539
143419
143420
143421
143422
143423
143424
143425
143426
143427
143428
143429
143430
143431
143432
143433
143434
143435
143436
143437
143438
143439
143440
143441
143442
143443
143444
143445
143446
143447
143448
143449
143450
143451
143452
143453
143454
143455
143456
143458
145338
145339
145340
145341
145342
145343
145344
145345
145346
145347
145348
145349
145350
145351
145352
145353
145354
145355
145356
145357
145358
145359
145360
145361
145362
145363
145364
145365
145366
145367
145368
145369
145370
145371
145372
145373
145374
145375
145377
147257
147258
147259
147260
147261
147262
147263
147264
147265
147266
147267
147268
147269
147270
147271
147272
147273
147274
147275
147276
147277
147278
147279
147280
147281
147282
147283
147284
147285
147286
147287
147288
147289
147290
147291
147292
147293
147294
147296
149176
149177
149178
149179
149180
149181
149182
149183
149184
149185
149186
149187
149188
149189
149190
149191
149192
149193
149194
149195
149196
149197
149198
149199
149200
149201
149202
149203
149204
149205
149206
149207
149208
149209
149210
149211
149212
149213
149215
151095
151096
151097
151098
151099
151100
151101
151102
151103
151104
151105
151106
151107
151108
151109
151110
151111
151112
151113
151114
151115
151116
151117
151118
151119
151120
151121
151122
151123
151124
151125
151126
151127
151128
151129
151130
151131
151132
151134
152316
152317
152318
152319
152320
152321
152322
152323
152324
152325
152326
152327
152328
152329
152330
152331
152332
152333
152334
154361
154362
154363
154364
154365
154366
154367
154368
154369
154370
154371
154372
154373
154374
154375
154376
154377
154378
154379
154380
155321
155322
155323
155324
155325
155326
155327
155328
155329
155330
155331
155332
155333
155334
155335
155336
155337
155338
155339
155340
156281
156282
156283
156284
156285
156286
156287
156288
156289
156290
156291
156292
156293
156294
156295
156296
156297
156298
156299
156300
157241
157242
157243
157244
157245
157246
157247
157248
157249
157250
157251
157252
157253
157254
157255
157256
157257
157258
157259
157260
158201
158202
158203
158204
158205
158206
158207
158208
158209
158210
158211
158212
158213
158214
158215
158216
158217
158218
158219
158220
159161
159162
159163
159164
159165
159166
159167
159168
159169
159170
159171
159172
159173
159174
159175
159176
159177
159178
159179
159180
160121
160122
160123
160124
160125
160126
160127
160128
160129
160130
160131
160132
160133
160134
160135
160136
160137
160138
160139
160140
161081
161082
161083
161084
161085
161086
161087
161088
161089
161090
161091
161092
161093
161094
161095
161096
161097
161098
161099
161100
162041
162042
162043
162044
162045
162046
162047
162048
162049
162050
162051
162052
162053
162054
162055
162056
162057
162058
162059
162060
163001
163002
163003
163004
163005
163006
163007
163008
163009
163010
163011
163012
163013
163014
163015
163016
163017
163018
163019
163020
163961
163962
163963
163964
163965
163966
163967
163968
163969
163970
163971
163972
163973
163974
163975
163976
163977
163978
163979
163980
164921
164922
164923
164924
164925
164926
164927
164928
164929
164930
164931
164932
164933
164934
164935
164936
164937
164938
164939
164940
165881
165882
165883
165884
165885
165886
165887
165888
165889
165890
165891
165892
165893
165894
165895
165896
165897
165898
165899
165900
166841
166842
166843
166844
166845
166846
166847
166848
166849
166850
166851
166852
166853
166854
166855
166856
166857
166858
166859
166860
167801
167802
167803
167804
167805
167806
167807
167808
167809
167810
167811
167812
167813
167814
167815
167816
167817
167818
167819
167820
168761
168762
168763
168764
168765
168766
168767
168768
168769
168770
168771
168772
168773
168774
168775
168776
168777
168778
168779
168780
169721
169722
169723
169724
169725
169726
169727
169728
169729
169730
169731
169732
169733
169734
169735
169736
169737
169738
169739
169740
170680
170681
170682
170683
170684
170685
170686
170687
170688
170689
170690
170691
170692
170693
170694
170695
170696
170697
170698
170699
170700
171640
171641
171642
171643
171644
171645
171646
171647
171648
171649
171650
171651
171652
171653
171654
171655
171656
171657
171658
171659
171660
172600
172601
172602
172603
172604
172605
172606
172607
172608
172609
172610
172611
172612
172613
172614
172615
172616
172617
172618
172619
172620
173560
173561
173562
173563
173564
173565
173566
173567
173568
173569
173570
173571
173572
173573
173574
173575
173576
173577
173578
173579
173580
174520
174521
174522
174523
174524
174525
174526
174527
174528
174529
174530
174531
174532
174533
174534
174535
174536
174537
174538
174539
174540
175480
175481
175482
175483
175484
175485
175486
175487
175488
175489
175490
175491
175492
175493
175494
175495
175496
175497
175498
175499
175500
176440
176441
176442
176443
176444
176445
176446
176447
176448
176449
176450
176451
176452
176453
176454
176455
176456
176457
176458
176459
176460
177400
177401
177402
177403
177404
177405
177406
177407
177408
177409
177410
177411
177412
177413
177414
177415
177416
177417
177418
177419
177420
178360
178361
178362
178363
178364
178365
178366
178367
178368
178369
178370
178371
178372
178373
178374
178375
178376
178377
178378
178379
178380
179320
179321
179322
179323
179324
179325
179326
179327
179328
179329
179330
179331
179332
179333
179334
179335
179336
179337
179338
179339
179340
180280
180281
180282
180283
180284
180285
180286
180287
180288
180289
180290
180291
180292
180293
180294
180295
180296
180297
180298
180299
180300
181240
181241
181242
181243
181244
181245
181246
181247
181248
181249
181250
181251
181252
181253
181254
181255
181256
181257
181258
181259
182200
182201
182202
182203
182204
182205
182206
182207
182208
182209
182210
182211
182212
182213
182214
182215
182216
182217
182218
182219
183160
183161
183162
183163
183164
183165
183166
183167
183168
183169
183170
183171
183172
183173
183174
183175
183176
183177
183178
183179
184120
184121
184122
184123
184124
184125
184126
184127
184128
184129
184130
184131
184132
184133
184134
184135
184136
184137
184138
184139
185080
185081
185082
185083
185084
185085
185086
185087
185088
185089
185090
185091
185092
185093
185094
185095
185096
185097
185098
185099
186040
186041
186042
186043
186044
186045
186046
186047
186048
186049
186050
186051
186052
186053
186054
186055
186056
186057
186058
186059
187000
187001
187002
187003
187004
187005
187006
187007
187008
187009
187010
187011
187012
187013
187014
187015
187016
187017
187018
187019
187960
187961
187962
187963
187964
187965
187966
187967
187968
187969
187970
187971
187972
187973
187974
187975
187976
187977
187978
187979
188920
188921
188922
188923
188924
188925
188926
188927
188928
188929
188930
188931
188932
188933
188934
188935
188936
188937
188938
188939
189880
189881
189882
189883
189884
189885
189886
189887
189888
189889
189890
189891
189892
189893
189894
189895
189896
189897
189898
189899
190840
190841
190842
190843
190844
190845
190846
190847
190848
190849
190850
190851
190852
190853
190854
190855
190856
190857
190858
190859
191800
191801
191802
191803
191804
191805
191806
191807
191808
191809
191810
191811
191812
191813
191814
191815
191816
191817
191818
191819
192760
192761
192762
192763
192764
192765
192766
192767
192768
192769
192770
192771
192772
192773
192774
192775
192776
192777
192778
192779
193720
193721
193722
193723
193724
193725
193726
193727
193728
193729
193730
193731
193732
193733
193734
193735
193736
193737
193738
193739
194680
194681
194682
194683
194684
194685
194686
194687
194688
194689
194690
194691
194692
194693
194694
194695
194696
194697
194698
194699
195640
195641
195642
195643
195644
195645
195646
195647
195648
195649
195650
195651
195652
195653
195654
195655
195656
195657
195658
195659
196600
196601
196602
196603
196604
196605
196606
196607
196608
196609
196610
196611
196612
196613
196614
196615
196616
196617
196618
196619
197560
197561
197562
197563
197564
197565
197566
197567
197568
197569
197570
197571
197572
197573
197574
197575
197576
197577
197578
197579
198520
198521
198522
198523
198524
198525
198526
198527
198528
198529
198530
198531
198532
198533
198534
198535
198536
198537
198538
198539
199480
199481
199482
199483
199484
199485
199486
199487
199488
199489
199490
199491
199492
199493
199494
199495
199496
199497
199498
199499
200440
200441
200442
200443
200444
200445
200446
200447
200448
200449
200450
200451
200452
200453
200454
200455
200456
200457
200458
200459
201400
201401
201402
201403
201404
201405
201406
201407
201408
201409
201410
201411
201412
201413
201414
201415
201416
201417
201418
201419
202360
202361
202362
202363
202364
202365
202366
202367
202368
202369
202370
202371
202372
202373
202374
202375
202376
202377
202378
202379
203320
203321
203322
203323
203324
203325
203326
203327
203328
203329
203330
203331
203332
203333
203334
203335
203336
203337
203338
203339
204280
204281
204282
204283
204284
204285
204286
204287
204288
204289
204290
204291
204292
204293
204294
204295
204296
204297
204298
204299
205240
205241
205242
205243
205244
205245
205246
205247
205248
205249
205250
205251
205252
205253
205254
205255
205256
205257
205258
205259
206200
206201
206202
206203
206204
206205
206206
206207
206208
206209
206210
206211
206212
206213
206214
206215
206216
206217
206218
206219
207160
207161
207162
207163
207164
207165
207166
207167
207168
207169
207170
207171
207172
207173
207174
207175
207176
207177
207178
207179
208120
208121
208122
208123
208124
208125
208126
208127
208128
208129
208130
208131
208132
208133
208134
208135
208136
208137
208138
208139
209080
209081
209082
209083
209084
209085
209086
209087
209088
209089
209090
209091
209092
209093
209094
209095
209096
209097
209098
209099
210040
210041
210042
210043
210044
210045
210046
210047
210048
210049
210050
210051
210052
210053
210054
210055
210056
210057
210058
210059
211000
211001
211002
211003
211004
211005
211006
211007
211008
211009
211010
211011
211012
211013
211014
211015
211016
211017
211018
211019
211960
211961
211962
211963
211964
211965
211966
211967
211968
211969
211970
211971
211972
211973
211974
211975
211976
211977
211978
211979
212920
212921
212922
212923
212924
212925
212926
212927
212928
212929
212930
212931
212932
212933
212934
212935
212936
212937
212938
212939
213880
213881
213882
213883
213884
213885
213886
213887
213888
213889
213890
213891
213892
213893
213894
213895
213896
213897
213898
213899
214840
214841
214842
214843
214844
214845
214846
214847
214848
214849
214850
214851
214852
214853
214854
214855
214856
214857
214858
214859
215800
215801
215802
215803
215804
215805
215806
215807
215808
215809
215810
215811
215812
215813
215814
215815
215816
215817
215818
215819
216760
216761
216762
216763
216764
216765
216766
216767
216768
216769
216770
216771
216772
216773
216774
216775
216776
216777
216778
216779
217720
217721
217722
217723
217724
217725
217726
217727
217728
217729
217730
217731
217732
217733
217734
217735
217736
217737
217738
217739
218680
218681
218682
218683
218684
218685
218686
218687
218688
218689
218690
218691
218692
218693
218694
218695
218696
218697
218698
218699
219640
219641
219642
219643
219644
219645
219646
219647
219648
219649
219650
219651
219652
219653
219654
219655
219656
219657
219658
219659
220600
220601
220602
220603
220604
220605
220606
220607
220608
220609
220610
220611
220612
220613
220614
220615
220616
220617
220618
220619
221560
221561
221562
221563
221564
221565
221566
221567
221568
221569
221570
221571
221572
221573
221574
221575
221576
221577
221578
221579
222520
222521
222522
222523
222524
222525
222526
222527
222528
222529
222530
222531
222532
222533
222534
222535
222536
222537
222538
222539
223480
223481
223482
223483
223484
223485
223486
223487
223488
223489
223490
223491
223492
223493
223494
223495
223496
223497
223498
223499
224440
224441
224442
224443
224444
224445
224446
224447
224448
224449
224450
224451
224452
224453
224454
224455
224456
224457
224458
224459
225400
225401
225402
225403
225404
225405
225406
225407
225408
225409
225410
225411
225412
225413
225414
225415
225416
225417
225418
225419
226360
226361
226362
226363
226364
226365
226366
226367
226368
226369
226370
226371
226372
226373
226374
226375
226376
226377
226378
226379
227320
227321
227322
227323
227324
227325
227326
227327
227328
227329
227330
227331
227332
227333
227334
227335
227336
227337
227338
227339
228280
228281
228282
228283
228284
228285
228286
228287
228288
228289
228290
228291
228292
228293
228294
228295
228296
228297
228298
228299
229240
229241
229242
229243
229244
229245
229246
229247
229248
229249
229250
229251
229252
229253
229254
229255
229256
229257
229258
229259
230200
230201
230202
230203
230204
230205
230206
230207
230208
230209
230210
230211
230212
230213
230214
230215
230216
230217
230218
230219
231698
231699
231700
231701
231702
231703
231704
231705
231706
231707
231708
231709
231710
231711
231712
231713
231714
231715
231716
231717
232658
232659
232660
232661
232662
232663
232664
232665
232666
232667
232668
232669
232670
232671
232672
232673
232674
232675
232676
232677
233618
233619
233620
233621
233622
233623
233624
233625
233626
233627
233628
233629
233630
233631
233632
233633
233634
233635
233636
233637
234578
234579
234580
234581
234582
234583
234584
234585
234586
234587
234588
234589
234590
234591
234592
234593
234594
234595
234596
234597
235538
235539
235540
235541
235542
235543
235544
235545
235546
235547
235548
235549
235550
235551
235552
235553
235554
235555
235556
235557
236498
236499
236500
236501
236502
236503
236504
236505
236506
236507
236508
236509
236510
236511
236512
236513
236514
236515
236516
236517
237458
237459
237460
237461
237462
237463
237464
237465
237466
237467
237468
237469
237470
237471
237472
237473
237474
237475
237476
237477
238418
238419
238420
238421
238422
238423
238424
238425
238426
238427
238428
238429
238430
238431
238432
238433
238434
238435
238436
238437
239378
239379
239380
239381
239382
239383
239384
239385
239386
239387
239388
239389
239390
239391
239392
239393
239394
239395
239396
239397
240338
240339
240340
240341
240342
240343
240344
240345
240346
240347
240348
240349
240350
240351
240352
240353
240354
240355
240356
240357
241298
241299
241300
241301
241302
241303
241304
241305
241306
241307
241308
241309
241310
241311
241312
241313
241314
241315
241316
241317
242258
242259
242260
242261
242262
242263
242264
242265
242266
242267
242268
242269
242270
242271
242272
242273
242274
242275
242276
242277
243218
243219
243220
243221
243222
243223
243224
243225
243226
243227
243228
243229
243230
243231
243232
243233
243234
243235
243236
243237
244178
244179
244180
244181
244182
244183
244184
244185
244186
244187
244188
244189
244190
244191
244192
244193
244194
244195
244196
244197
245138
245139
245140
245141
245142
245143
245144
245145
245146
245147
245148
245149
245150
245151
245152
245153
245154
245155
245156
245157
246098
246099
246100
246101
246102
246103
246104
246105
246106
246107
246108
246109
246110
246111
246112
246113
246114
246115
246116
246117
247058
247059
247060
247061
247062
247063
247064
247065
247066
247067
247068
247069
247070
247071
247072
247073
247074
247075
247076
247077
248017
248018
248019
248020
248021
248022
248023
248024
248025
248026
248027
248028
248029
248030
248031
248032
248033
248034
248035
248036
248037
248977
248978
248979
248980
248981
248982
248983
248984
248985
248986
248987
248988
248989
248990
248991
248992
248993
248994
248995
248996
248997
249937
249938
249939
249940
249941
249942
249943
249944
249945
249946
249947
249948
249949
249950
249951
249952
249953
249954
249955
249956
249957
250897
250898
250899
250900
250901
250902
250903
250904
250905
250906
250907
250908
250909
250910
250911
250912
250913
250914
250915
250916
250917
251857
251858
251859
251860
251861
251862
251863
251864
251865
251866
251867
251868
251869
251870
251871
251872
251873
251874
251875
251876
251877
252817
252818
252819
252820
252821
252822
252823
252824
252825
252826
252827
252828
252829
252830
252831
252832
252833
252834
252835
252836
252837
253777
253778
253779
253780
253781
253782
253783
253784
253785
253786
253787
253788
253789
253790
253791
253792
253793
253794
253795
253796
253797
254737
254738
254739
254740
254741
254742
254743
254744
254745
254746
254747
254748
254749
254750
254751
254752
254753
254754
254755
254756
254757
255697
255698
255699
255700
255701
255702
255703
255704
255705
255706
255707
255708
255709
255710
255711
255712
255713
255714
255715
255716
255717
256657
256658
256659
256660
256661
256662
256663
256664
256665
256666
256667
256668
256669
256670
256671
256672
256673
256674
256675
256676
256677
257617
257618
257619
257620
257621
257622
257623
257624
257625
257626
257627
257628
257629
257630
257631
257632
257633
257634
257635
257636
257637
258577
258578
258579
258580
258581
258582
258583
258584
258585
258586
258587
258588
258589
258590
258591
258592
258593
258594
258595
258596
259537
259538
259539
259540
259541
259542
259543
259544
259545
259546
259547
259548
259549
259550
259551
259552
259553
259554
259555
259556
260497
260498
260499
260500
260501
260502
260503
260504
260505
260506
260507
260508
260509
260510
260511
260512
260513
260514
260515
260516
261457
261458
261459
261460
261461
261462
261463
261464
261465
261466
261467
261468
261469
261470
261471
261472
261473
261474
261475
261476
262417
262418
262419
262420
262421
262422
262423
262424
262425
262426
262427
262428
262429
262430
262431
262432
262433
262434
262435
262436
263377
263378
263379
263380
263381
263382
263383
263384
263385
263386
263387
263388
263389
263390
263391
263392
263393
263394
263395
263396
264337
264338
264339
264340
264341
264342
264343
264344
264345
264346
264347
264348
264349
264350
264351
264352
264353
264354
264355
264356
265297
265298
265299
265300
265301
265302
265303
265304
265305
265306
265307
265308
265309
265310
265311
265312
265313
265314
265315
265316
266257
266258
266259
266260
266261
266262
266263
266264
266265
266266
266267
266268
266269
266270
266271
266272
266273
266274
266275
266276
267217
267218
267219
267220
267221
267222
267223
267224
267225
267226
267227
267228
267229
267230
267231
267232
267233
267234
267235
267236
268177
268178
268179
268180
268181
268182
268183
268184
268185
268186
268187
268188
268189
268190
268191
268192
268193
268194
268195
268196
269137
269138
269139
269140
269141
269142
269143
269144
269145
269146
269147
269148
269149
269150
269151
269152
269153
269154
269155
269156
270097
270098
270099
270100
270101
270102
270103
270104
270105
270106
270107
270108
270109
270110
270111
270112
270113
270114
270115
270116
271057
271058
271059
271060
271061
271062
271063
271064
271065
271066
271067
271068
271069
271070
271071
271072
271073
271074
271075
271076
272017
272018
272019
272020
272021
272022
272023
272024
272025
272026
272027
272028
272029
272030
272031
272032
272033
272034
272035
272036
272977
272978
272979
272980
272981
272982
272983
272984
272985
272986
272987
272988
272989
272990
272991
272992
272993
272994
272995
272996
273937
273938
273939
273940
273941
273942
273943
273944
273945
273946
273947
273948
273949
273950
273951
273952
273953
273954
273955
273956
274897
274898
274899
274900
274901
274902
274903
274904
274905
274906
274907
274908
274909
274910
274911
274912
274913
274914
274915
274916
275857
275858
275859
275860
275861
275862
275863
275864
275865
275866
275867
275868
275869
275870
275871
275872
275873
275874
275875
275876
276817
276818
276819
276820
276821
276822
276823
276824
276825
276826
276827
276828
276829
276830
276831
276832
276833
276834
276835
276836
277777
277778
277779
277780
277781
277782
277783
277784
277785
277786
277787
277788
277789
277790
277791
277792
277793
277794
277795
277796
278737
278738
278739
278740
278741
278742
278743
278744
278745
278746
278747
278748
278749
278750
278751
278752
278753
278754
278755
278756
279697
279698
279699
279700
279701
279702
279703
279704
279705
279706
279707
279708
279709
279710
279711
279712
279713
279714
279715
279716
280657
280658
280659
280660
280661
280662
280663
280664
280665
280666
280667
280668
280669
280670
280671
280672
280673
280674
280675
280676
281617
281618
281619
281620
281621
281622
281623
281624
281625
281626
281627
281628
281629
281630
281631
281632
281633
281634
281635
281636
282577
282578
282579
282580
282581
282582
282583
282584
282585
282586
282587
282588
282589
282590
282591
282592
282593
282594
282595
282596
283537
283538
283539
283540
283541
283542
283543
283544
283545
283546
283547
283548
283549
283550
283551
283552
283553
283554
283555
283556
284497
284498
284499
284500
284501
284502
284503
284504
284505
284506
284507
284508
284509
284510
284511
284512
284513
284514
284515
284516
285457
285458
285459
285460
285461
285462
285463
285464
285465
285466
285467
285468
285469
285470
285471
285472
285473
285474
285475
285476
286417
286418
286419
286420
286421
286422
286423
286424
286425
286426
286427
286428
286429
286430
286431
286432
286433
286434
286435
286436
287377
287378
287379
287380
287381
287382
287383
287384
287385
287386
287387
287388
287389
287390
287391
287392
287393
287394
287395
287396
288337
288338
288339
288340
288341
288342
288343
288344
288345
288346
288347
288348
288349
288350
288351
288352
288353
288354
288355
288356
289297
289298
289299
289300
289301
289302
289303
289304
289305
289306
289307
289308
289309
289310
289311
289312
289313
289314
289315
289316
290257
290258
290259
290260
290261
290262
290263
290264
290265
290266
290267
290268
290269
290270
290271
290272
290273
290274
290275
290276
291217
291218
291219
291220
291221
291222
291223
291224
291225
291226
291227
291228
291229
291230
291231
291232
291233
291234
291235
291236
292177
292178
292179
292180
292181
292182
292183
292184
292185
292186
292187
292188
292189
292190
292191
292192
292193
292194
292195
292196
293137
293138
293139
293140
293141
293142
293143
293144
293145
293146
293147
293148
293149
293150
293151
293152
293153
293154
293155
293156
294097
294098
294099
294100
294101
294102
294103
294104
294105
294106
294107
294108
294109
294110
294111
294112
294113
294114
294115
294116
295057
295058
295059
295060
295061
295062
295063
295064
295065
295066
295067
295068
295069
295070
295071
295072
295073
295074
295075
295076
296017
296018
296019
296020
296021
296022
296023
296024
296025
296026
296027
296028
296029
296030
296031
296032
296033
296034
296035
296036
296977
296978
296979
296980
296981
296982
296983
296984
296985
296986
296987
296988
296989
296990
296991
296992
296993
296994
296995
296996
297937
297938
297939
297940
297941
297942
297943
297944
297945
297946
297947
297948
297949
297950
297951
297952
297953
297954
297955
297956
298897
298898
298899
298900
298901
298902
298903
298904
298905
298906
298907
298908
298909
298910
298911
298912
298913
298914
298915
298916
299857
299858
299859
299860
299861
299862
299863
299864
299865
299866
299867
299868
299869
299870
299871
299872
299873
299874
299875
299876
300817
300818
300819
300820
300821
300822
300823
300824
300825
300826
300827
300828
300829
300830
300831
300832
300833
300834
300835
300836
301777
301778
301779
301780
301781
301782
301783
301784
301785
301786
301787
301788
301789
301790
301791
301792
301793
301794
301795
301796
302737
302738
302739
302740
302741
302742
302743
302744
302745
302746
302747
302748
302749
302750
302751
302752
302753
302754
302755
302756
303697
303698
303699
303700
303701
303702
303703
303704
303705
303706
303707
303708
303709
303710
303711
303712
303713
303714
303715
303716
304657
304658
304659
304660
304661
304662
304663
304664
304665
304666
304667
304668
304669
304670
304671
304672
304673
304674
304675
304676
305617
305618
305619
305620
305621
305622
305623
305624
305625
305626
305627
305628
305629
305630
305631
305632
305633
305634
305635
305636
306577
306578
306579
306580
306581
306582
306583
306584
306585
306586
306587
306588
306589
306590
306591
306592
306593
306594
306595
306596
307537
307538
307539
307540
307541
307542
307543
307544
307545
307546
307547
307548
307549
307550
307551
307552
307553
307554
307555
307556
309194
309195
309196
309197
309198
309199
309200
309201
309202
309203
309204
309205
309206
309207
309208
309209
309210
309211
309212
309213
-1398
-3318
-5238
-7158
-9078
-10998
-12918
-14837
-16756
-18675
-20594
-22513
-24432
-26351
-28270
-30189
-32108
-32109
-34025
-35944
-37863
-39782
-41701
-43620
-45539
-47458
-49377
-51296
-53215
-55134
-57053
-58972
-60891
-62810
-64729
-66648
-68567
-70486
-72405
-74324
-76244
-78164
-80084
-82004
-83924
-85844
-87764
-89684
-91604
-93523
-95442
-97361
-99280
-101199
-103118
-105037
-106956
-108875
-110794
-112713
-114632
-116551
-118470
-120389
-122308
-124227
-126146
-128065
-129984
-131903
-133822
-135741
-137660
-139579
-141498
-143417
-145336
-147255
-149174
-151093
-152315
1438
3358
5278
7198
9118
11038
12958
14877
16796
18715
20634
22553
24472
26391
28310
30229
32148
34067
35986
37905
39824
41743
43662
45581
47500
49419
51338
53257
53258
55174
57093
59012
60931
62850
64769
66688
68607
70526
72445
74364
76284
78204
80124
82044
83964
85884
87804
89724
91644
93563
95482
97401
99320
101239
103158
105077
106996
108915
110834
112753
114672
116591
118510
120429
122348
124267
126186
128105
130024
131943
133862
135781
137700
139619
141538
143457
145376
147295
149214
151133
152335
)


// ************************************************************************* //
