/*--------------------------------*- C++ -*----------------------------------*\
| =========                 |                                                 |
| \\      /  F ield         | OpenFOAM: The Open Source CFD Toolbox           |
|  \\    /   O peration     | Version:  2.3.0                                 |
|   \\  /    A nd           | Web:      www.OpenFOAM.org                      |
|    \\/     M anipulation  |                                                 |
\*---------------------------------------------------------------------------*/
FoamFile
{
    version     2.0;
    format      ascii;
    class       labelList;
    location    "constant/polyMesh";
    object      pointProcAddressing;
}
// * * * * * * * * * * * * * * * * * * * * * * * * * * * * * * * * * * * * * //


3405
(
699
700
701
702
703
704
705
706
707
708
709
710
711
712
713
714
715
716
717
718
719
1660
1661
1662
1663
1664
1665
1666
1667
1668
1669
1670
1671
1672
1673
1674
1675
1676
1677
1678
1679
1680
2621
2622
2623
2624
2625
2626
2627
2628
2629
2630
2631
2632
2633
2634
2635
2636
2637
2638
2639
2640
2641
3582
3583
3584
3585
3586
3587
3588
3589
3590
3591
3592
3593
3594
3595
3596
3597
3598
3599
3600
3601
3602
4543
4544
4545
4546
4547
4548
4549
4550
4551
4552
4553
4554
4555
4556
4557
4558
4559
4560
4561
4562
4563
5504
5505
5506
5507
5508
5509
5510
5511
5512
5513
5514
5515
5516
5517
5518
5519
5520
5521
5522
5523
5524
6465
6466
6467
6468
6469
6470
6471
6472
6473
6474
6475
6476
6477
6478
6479
6480
6481
6482
6483
6484
6485
7426
7427
7428
7429
7430
7431
7432
7433
7434
7435
7436
7437
7438
7439
7440
7441
7442
7443
7444
7445
7446
8387
8388
8389
8390
8391
8392
8393
8394
8395
8396
8397
8398
8399
8400
8401
8402
8403
8404
8405
8406
8407
9348
9349
9350
9351
9352
9353
9354
9355
9356
9357
9358
9359
9360
9361
9362
9363
9364
9365
9366
9367
9368
10309
10310
10311
10312
10313
10314
10315
10316
10317
10318
10319
10320
10321
10322
10323
10324
10325
10326
10327
10328
10329
11270
11271
11272
11273
11274
11275
11276
11277
11278
11279
11280
11281
11282
11283
11284
11285
11286
11287
11288
11289
11290
12231
12232
12233
12234
12235
12236
12237
12238
12239
12240
12241
12242
12243
12244
12245
12246
12247
12248
12249
12250
12251
13192
13193
13194
13195
13196
13197
13198
13199
13200
13201
13202
13203
13204
13205
13206
13207
13208
13209
13210
13211
13212
14153
14154
14155
14156
14157
14158
14159
14160
14161
14162
14163
14164
14165
14166
14167
14168
14169
14170
14171
14172
14173
15114
15115
15116
15117
15118
15119
15120
15121
15122
15123
15124
15125
15126
15127
15128
15129
15130
15131
15132
15133
15134
16074
16075
16076
16077
16078
16079
16080
16081
16082
16083
16084
16085
16086
16087
16088
16089
16090
16091
16092
16093
16094
16095
17035
17036
17037
17038
17039
17040
17041
17042
17043
17044
17045
17046
17047
17048
17049
17050
17051
17052
17053
17054
17055
17056
17996
17997
17998
17999
18000
18001
18002
18003
18004
18005
18006
18007
18008
18009
18010
18011
18012
18013
18014
18015
18016
18017
18957
18958
18959
18960
18961
18962
18963
18964
18965
18966
18967
18968
18969
18970
18971
18972
18973
18974
18975
18976
18977
18978
19918
19919
19920
19921
19922
19923
19924
19925
19926
19927
19928
19929
19930
19931
19932
19933
19934
19935
19936
19937
19938
19939
20879
20880
20881
20882
20883
20884
20885
20886
20887
20888
20889
20890
20891
20892
20893
20894
20895
20896
20897
20898
20899
20900
21840
21841
21842
21843
21844
21845
21846
21847
21848
21849
21850
21851
21852
21853
21854
21855
21856
21857
21858
21859
21860
21861
22801
22802
22803
22804
22805
22806
22807
22808
22809
22810
22811
22812
22813
22814
22815
22816
22817
22818
22819
22820
22821
22822
23762
23763
23764
23765
23766
23767
23768
23769
23770
23771
23772
23773
23774
23775
23776
23777
23778
23779
23780
23781
23782
23783
24723
24724
24725
24726
24727
24728
24729
24730
24731
24732
24733
24734
24735
24736
24737
24738
24739
24740
24741
24742
24743
24744
25684
25685
25686
25687
25688
25689
25690
25691
25692
25693
25694
25695
25696
25697
25698
25699
25700
25701
25702
25703
25704
25705
26645
26646
26647
26648
26649
26650
26651
26652
26653
26654
26655
26656
26657
26658
26659
26660
26661
26662
26663
26664
26665
26666
27606
27607
27608
27609
27610
27611
27612
27613
27614
27615
27616
27617
27618
27619
27620
27621
27622
27623
27624
27625
27626
28567
28568
28569
28570
28571
28572
28573
28574
28575
28576
28577
28578
28579
28580
28581
28582
28583
28584
28585
28586
28587
29528
29529
29530
29531
29532
29533
29534
29535
29536
29537
29538
29539
29540
29541
29542
29543
29544
29545
29546
29547
29548
30489
30490
30491
30492
30493
30494
30495
30496
30497
30498
30499
30500
30501
30502
30503
30504
30505
30506
30507
30508
30509
31450
31451
31452
31453
31454
31455
31456
31457
31458
31459
31460
31461
31462
31463
31464
31465
31466
31467
31468
31469
31470
32411
32412
32413
32414
32415
32416
32417
32418
32419
32420
32421
32422
32423
32424
32425
32426
32427
32428
32429
32430
32431
33372
33373
33374
33375
33376
33377
33378
33379
33380
33381
33382
33383
33384
33385
33386
33387
33388
33389
33390
33391
33392
34333
34334
34335
34336
34337
34338
34339
34340
34341
34342
34343
34344
34345
34346
34347
34348
34349
34350
34351
34352
34353
35294
35295
35296
35297
35298
35299
35300
35301
35302
35303
35304
35305
35306
35307
35308
35309
35310
35311
35312
35313
35314
36255
36256
36257
36258
36259
36260
36261
36262
36263
36264
36265
36266
36267
36268
36269
36270
36271
36272
36273
36274
36275
37216
37217
37218
37219
37220
37221
37222
37223
37224
37225
37226
37227
37228
37229
37230
37231
37232
37233
37234
37235
37236
38177
38178
38179
38180
38181
38182
38183
38184
38185
38186
38187
38188
38189
38190
38191
38192
38193
38194
38195
38196
38197
39138
39139
39140
39141
39142
39143
39144
39145
39146
39147
39148
39149
39150
39151
39152
39153
39154
39155
39156
39157
39158
40099
40100
40101
40102
40103
40104
40105
40106
40107
40108
40109
40110
40111
40112
40113
40114
40115
40116
40117
40118
40119
41060
41061
41062
41063
41064
41065
41066
41067
41068
41069
41070
41071
41072
41073
41074
41075
41076
41077
41078
41079
41080
42021
42022
42023
42024
42025
42026
42027
42028
42029
42030
42031
42032
42033
42034
42035
42036
42037
42038
42039
42040
42041
42982
42983
42984
42985
42986
42987
42988
42989
42990
42991
42992
42993
42994
42995
42996
42997
42998
42999
43000
43001
43002
43943
43944
43945
43946
43947
43948
43949
43950
43951
43952
43953
43954
43955
43956
43957
43958
43959
43960
43961
43962
43963
44904
44905
44906
44907
44908
44909
44910
44911
44912
44913
44914
44915
44916
44917
44918
44919
44920
44921
44922
44923
44924
45865
45866
45867
45868
45869
45870
45871
45872
45873
45874
45875
45876
45877
45878
45879
45880
45881
45882
45883
45884
45885
46826
46827
46828
46829
46830
46831
46832
46833
46834
46835
46836
46837
46838
46839
46840
46841
46842
46843
46844
46845
46846
47787
47788
47789
47790
47791
47792
47793
47794
47795
47796
47797
47798
47799
47800
47801
47802
47803
47804
47805
47806
47807
48748
48749
48750
48751
48752
48753
48754
48755
48756
48757
48758
48759
48760
48761
48762
48763
48764
48765
48766
48767
48768
49709
49710
49711
49712
49713
49714
49715
49716
49717
49718
49719
49720
49721
49722
49723
49724
49725
49726
49727
49728
49729
50670
50671
50672
50673
50674
50675
50676
50677
50678
50679
50680
50681
50682
50683
50684
50685
50686
50687
50688
50689
50690
51631
51632
51633
51634
51635
51636
51637
51638
51639
51640
51641
51642
51643
51644
51645
51646
51647
51648
51649
51650
51651
52592
52593
52594
52595
52596
52597
52598
52599
52600
52601
52602
52603
52604
52605
52606
52607
52608
52609
52610
52611
52612
53553
53554
53555
53556
53557
53558
53559
53560
53561
53562
53563
53564
53565
53566
53567
53568
53569
53570
53571
53572
53573
54514
54515
54516
54517
54518
54519
54520
54521
54522
54523
54524
54525
54526
54527
54528
54529
54530
54531
54532
54533
54534
55475
55476
55477
55478
55479
55480
55481
55482
55483
55484
55485
55486
55487
55488
55489
55490
55491
55492
55493
55494
55495
56436
56437
56438
56439
56440
56441
56442
56443
56444
56445
56446
56447
56448
56449
56450
56451
56452
56453
56454
56455
56456
57397
57398
57399
57400
57401
57402
57403
57404
57405
57406
57407
57408
57409
57410
57411
57412
57413
57414
57415
57416
57417
58358
58359
58360
58361
58362
58363
58364
58365
58366
58367
58368
58369
58370
58371
58372
58373
58374
58375
58376
58377
58378
59319
59320
59321
59322
59323
59324
59325
59326
59327
59328
59329
59330
59331
59332
59333
59334
59335
59336
59337
59338
59339
60280
60281
60282
60283
60284
60285
60286
60287
60288
60289
60290
60291
60292
60293
60294
60295
60296
60297
60298
60299
60300
61241
61242
61243
61244
61245
61246
61247
61248
61249
61250
61251
61252
61253
61254
61255
61256
61257
61258
61259
61260
61261
62202
62203
62204
62205
62206
62207
62208
62209
62210
62211
62212
62213
62214
62215
62216
62217
62218
62219
62220
62221
62222
63163
63164
63165
63166
63167
63168
63169
63170
63171
63172
63173
63174
63175
63176
63177
63178
63179
63180
63181
63182
63183
64124
64125
64126
64127
64128
64129
64130
64131
64132
64133
64134
64135
64136
64137
64138
64139
64140
64141
64142
64143
64144
65085
65086
65087
65088
65089
65090
65091
65092
65093
65094
65095
65096
65097
65098
65099
65100
65101
65102
65103
65104
65105
66046
66047
66048
66049
66050
66051
66052
66053
66054
66055
66056
66057
66058
66059
66060
66061
66062
66063
66064
66065
66066
67007
67008
67009
67010
67011
67012
67013
67014
67015
67016
67017
67018
67019
67020
67021
67022
67023
67024
67025
67026
67027
67968
67969
67970
67971
67972
67973
67974
67975
67976
67977
67978
67979
67980
67981
67982
67983
67984
67985
67986
67987
67988
68929
68930
68931
68932
68933
68934
68935
68936
68937
68938
68939
68940
68941
68942
68943
68944
68945
68946
68947
68948
68949
69890
69891
69892
69893
69894
69895
69896
69897
69898
69899
69900
69901
69902
69903
69904
69905
69906
69907
69908
69909
69910
70851
70852
70853
70854
70855
70856
70857
70858
70859
70860
70861
70862
70863
70864
70865
70866
70867
70868
70869
70870
70871
71812
71813
71814
71815
71816
71817
71818
71819
71820
71821
71822
71823
71824
71825
71826
71827
71828
71829
71830
71831
71832
72773
72774
72775
72776
72777
72778
72779
72780
72781
72782
72783
72784
72785
72786
72787
72788
72789
72790
72791
72792
72793
73734
73735
73736
73737
73738
73739
73740
73741
73742
73743
73744
73745
73746
73747
73748
73749
73750
73751
73752
73753
73754
74695
74696
74697
74698
74699
74700
74701
74702
74703
74704
74705
74706
74707
74708
74709
74710
74711
74712
74713
74714
74715
75656
75657
75658
75659
75660
75661
75662
75663
75664
75665
75666
75667
75668
75669
75670
75671
75672
75673
75674
75675
75676
76617
76618
76619
76620
76621
76622
76623
76624
76625
76626
76627
76628
76629
76630
76631
76632
76633
76634
76635
76636
76637
78143
78144
78145
78146
78147
78148
78149
78150
78151
78152
78153
78154
78155
78156
78157
78158
78159
78160
78161
78162
78163
79104
79105
79106
79107
79108
79109
79110
79111
79112
79113
79114
79115
79116
79117
79118
79119
79120
79121
79122
79123
79124
80065
80066
80067
80068
80069
80070
80071
80072
80073
80074
80075
80076
80077
80078
80079
80080
80081
80082
80083
80084
80085
81026
81027
81028
81029
81030
81031
81032
81033
81034
81035
81036
81037
81038
81039
81040
81041
81042
81043
81044
81045
81046
81987
81988
81989
81990
81991
81992
81993
81994
81995
81996
81997
81998
81999
82000
82001
82002
82003
82004
82005
82006
82007
82948
82949
82950
82951
82952
82953
82954
82955
82956
82957
82958
82959
82960
82961
82962
82963
82964
82965
82966
82967
82968
83909
83910
83911
83912
83913
83914
83915
83916
83917
83918
83919
83920
83921
83922
83923
83924
83925
83926
83927
83928
83929
84870
84871
84872
84873
84874
84875
84876
84877
84878
84879
84880
84881
84882
84883
84884
84885
84886
84887
84888
84889
84890
85831
85832
85833
85834
85835
85836
85837
85838
85839
85840
85841
85842
85843
85844
85845
85846
85847
85848
85849
85850
85851
86792
86793
86794
86795
86796
86797
86798
86799
86800
86801
86802
86803
86804
86805
86806
86807
86808
86809
86810
86811
86812
87753
87754
87755
87756
87757
87758
87759
87760
87761
87762
87763
87764
87765
87766
87767
87768
87769
87770
87771
87772
87773
88714
88715
88716
88717
88718
88719
88720
88721
88722
88723
88724
88725
88726
88727
88728
88729
88730
88731
88732
88733
88734
89675
89676
89677
89678
89679
89680
89681
89682
89683
89684
89685
89686
89687
89688
89689
89690
89691
89692
89693
89694
89695
90636
90637
90638
90639
90640
90641
90642
90643
90644
90645
90646
90647
90648
90649
90650
90651
90652
90653
90654
90655
90656
91597
91598
91599
91600
91601
91602
91603
91604
91605
91606
91607
91608
91609
91610
91611
91612
91613
91614
91615
91616
91617
92558
92559
92560
92561
92562
92563
92564
92565
92566
92567
92568
92569
92570
92571
92572
92573
92574
92575
92576
92577
92578
93518
93519
93520
93521
93522
93523
93524
93525
93526
93527
93528
93529
93530
93531
93532
93533
93534
93535
93536
93537
93538
93539
94479
94480
94481
94482
94483
94484
94485
94486
94487
94488
94489
94490
94491
94492
94493
94494
94495
94496
94497
94498
94499
94500
95440
95441
95442
95443
95444
95445
95446
95447
95448
95449
95450
95451
95452
95453
95454
95455
95456
95457
95458
95459
95460
95461
96401
96402
96403
96404
96405
96406
96407
96408
96409
96410
96411
96412
96413
96414
96415
96416
96417
96418
96419
96420
96421
96422
97362
97363
97364
97365
97366
97367
97368
97369
97370
97371
97372
97373
97374
97375
97376
97377
97378
97379
97380
97381
97382
97383
98323
98324
98325
98326
98327
98328
98329
98330
98331
98332
98333
98334
98335
98336
98337
98338
98339
98340
98341
98342
98343
98344
99284
99285
99286
99287
99288
99289
99290
99291
99292
99293
99294
99295
99296
99297
99298
99299
99300
99301
99302
99303
99304
99305
100245
100246
100247
100248
100249
100250
100251
100252
100253
100254
100255
100256
100257
100258
100259
100260
100261
100262
100263
100264
100265
100266
101206
101207
101208
101209
101210
101211
101212
101213
101214
101215
101216
101217
101218
101219
101220
101221
101222
101223
101224
101225
101226
101227
102167
102168
102169
102170
102171
102172
102173
102174
102175
102176
102177
102178
102179
102180
102181
102182
102183
102184
102185
102186
102187
102188
103128
103129
103130
103131
103132
103133
103134
103135
103136
103137
103138
103139
103140
103141
103142
103143
103144
103145
103146
103147
103148
103149
104089
104090
104091
104092
104093
104094
104095
104096
104097
104098
104099
104100
104101
104102
104103
104104
104105
104106
104107
104108
104109
104110
105050
105051
105052
105053
105054
105055
105056
105057
105058
105059
105060
105061
105062
105063
105064
105065
105066
105067
105068
105069
105070
106011
106012
106013
106014
106015
106016
106017
106018
106019
106020
106021
106022
106023
106024
106025
106026
106027
106028
106029
106030
106031
106972
106973
106974
106975
106976
106977
106978
106979
106980
106981
106982
106983
106984
106985
106986
106987
106988
106989
106990
106991
106992
107933
107934
107935
107936
107937
107938
107939
107940
107941
107942
107943
107944
107945
107946
107947
107948
107949
107950
107951
107952
107953
108894
108895
108896
108897
108898
108899
108900
108901
108902
108903
108904
108905
108906
108907
108908
108909
108910
108911
108912
108913
108914
109855
109856
109857
109858
109859
109860
109861
109862
109863
109864
109865
109866
109867
109868
109869
109870
109871
109872
109873
109874
109875
110816
110817
110818
110819
110820
110821
110822
110823
110824
110825
110826
110827
110828
110829
110830
110831
110832
110833
110834
110835
110836
111777
111778
111779
111780
111781
111782
111783
111784
111785
111786
111787
111788
111789
111790
111791
111792
111793
111794
111795
111796
111797
112738
112739
112740
112741
112742
112743
112744
112745
112746
112747
112748
112749
112750
112751
112752
112753
112754
112755
112756
112757
112758
113699
113700
113701
113702
113703
113704
113705
113706
113707
113708
113709
113710
113711
113712
113713
113714
113715
113716
113717
113718
113719
114660
114661
114662
114663
114664
114665
114666
114667
114668
114669
114670
114671
114672
114673
114674
114675
114676
114677
114678
114679
114680
115621
115622
115623
115624
115625
115626
115627
115628
115629
115630
115631
115632
115633
115634
115635
115636
115637
115638
115639
115640
115641
116582
116583
116584
116585
116586
116587
116588
116589
116590
116591
116592
116593
116594
116595
116596
116597
116598
116599
116600
116601
116602
117543
117544
117545
117546
117547
117548
117549
117550
117551
117552
117553
117554
117555
117556
117557
117558
117559
117560
117561
117562
117563
118504
118505
118506
118507
118508
118509
118510
118511
118512
118513
118514
118515
118516
118517
118518
118519
118520
118521
118522
118523
118524
119465
119466
119467
119468
119469
119470
119471
119472
119473
119474
119475
119476
119477
119478
119479
119480
119481
119482
119483
119484
119485
120426
120427
120428
120429
120430
120431
120432
120433
120434
120435
120436
120437
120438
120439
120440
120441
120442
120443
120444
120445
120446
121387
121388
121389
121390
121391
121392
121393
121394
121395
121396
121397
121398
121399
121400
121401
121402
121403
121404
121405
121406
121407
122348
122349
122350
122351
122352
122353
122354
122355
122356
122357
122358
122359
122360
122361
122362
122363
122364
122365
122366
122367
122368
123309
123310
123311
123312
123313
123314
123315
123316
123317
123318
123319
123320
123321
123322
123323
123324
123325
123326
123327
123328
123329
124270
124271
124272
124273
124274
124275
124276
124277
124278
124279
124280
124281
124282
124283
124284
124285
124286
124287
124288
124289
124290
125231
125232
125233
125234
125235
125236
125237
125238
125239
125240
125241
125242
125243
125244
125245
125246
125247
125248
125249
125250
125251
126192
126193
126194
126195
126196
126197
126198
126199
126200
126201
126202
126203
126204
126205
126206
126207
126208
126209
126210
126211
126212
127153
127154
127155
127156
127157
127158
127159
127160
127161
127162
127163
127164
127165
127166
127167
127168
127169
127170
127171
127172
127173
128114
128115
128116
128117
128118
128119
128120
128121
128122
128123
128124
128125
128126
128127
128128
128129
128130
128131
128132
128133
128134
129075
129076
129077
129078
129079
129080
129081
129082
129083
129084
129085
129086
129087
129088
129089
129090
129091
129092
129093
129094
129095
130036
130037
130038
130039
130040
130041
130042
130043
130044
130045
130046
130047
130048
130049
130050
130051
130052
130053
130054
130055
130056
130997
130998
130999
131000
131001
131002
131003
131004
131005
131006
131007
131008
131009
131010
131011
131012
131013
131014
131015
131016
131017
131958
131959
131960
131961
131962
131963
131964
131965
131966
131967
131968
131969
131970
131971
131972
131973
131974
131975
131976
131977
131978
132919
132920
132921
132922
132923
132924
132925
132926
132927
132928
132929
132930
132931
132932
132933
132934
132935
132936
132937
132938
132939
133880
133881
133882
133883
133884
133885
133886
133887
133888
133889
133890
133891
133892
133893
133894
133895
133896
133897
133898
133899
133900
134841
134842
134843
134844
134845
134846
134847
134848
134849
134850
134851
134852
134853
134854
134855
134856
134857
134858
134859
134860
134861
135802
135803
135804
135805
135806
135807
135808
135809
135810
135811
135812
135813
135814
135815
135816
135817
135818
135819
135820
135821
135822
136763
136764
136765
136766
136767
136768
136769
136770
136771
136772
136773
136774
136775
136776
136777
136778
136779
136780
136781
136782
136783
137724
137725
137726
137727
137728
137729
137730
137731
137732
137733
137734
137735
137736
137737
137738
137739
137740
137741
137742
137743
137744
138685
138686
138687
138688
138689
138690
138691
138692
138693
138694
138695
138696
138697
138698
138699
138700
138701
138702
138703
138704
138705
139646
139647
139648
139649
139650
139651
139652
139653
139654
139655
139656
139657
139658
139659
139660
139661
139662
139663
139664
139665
139666
140607
140608
140609
140610
140611
140612
140613
140614
140615
140616
140617
140618
140619
140620
140621
140622
140623
140624
140625
140626
140627
141568
141569
141570
141571
141572
141573
141574
141575
141576
141577
141578
141579
141580
141581
141582
141583
141584
141585
141586
141587
141588
142529
142530
142531
142532
142533
142534
142535
142536
142537
142538
142539
142540
142541
142542
142543
142544
142545
142546
142547
142548
142549
143490
143491
143492
143493
143494
143495
143496
143497
143498
143499
143500
143501
143502
143503
143504
143505
143506
143507
143508
143509
143510
144451
144452
144453
144454
144455
144456
144457
144458
144459
144460
144461
144462
144463
144464
144465
144466
144467
144468
144469
144470
144471
145412
145413
145414
145415
145416
145417
145418
145419
145420
145421
145422
145423
145424
145425
145426
145427
145428
145429
145430
145431
145432
146373
146374
146375
146376
146377
146378
146379
146380
146381
146382
146383
146384
146385
146386
146387
146388
146389
146390
146391
146392
146393
147334
147335
147336
147337
147338
147339
147340
147341
147342
147343
147344
147345
147346
147347
147348
147349
147350
147351
147352
147353
147354
148295
148296
148297
148298
148299
148300
148301
148302
148303
148304
148305
148306
148307
148308
148309
148310
148311
148312
148313
148314
148315
149256
149257
149258
149259
149260
149261
149262
149263
149264
149265
149266
149267
149268
149269
149270
149271
149272
149273
149274
149275
149276
150217
150218
150219
150220
150221
150222
150223
150224
150225
150226
150227
150228
150229
150230
150231
150232
150233
150234
150235
150236
150237
151178
151179
151180
151181
151182
151183
151184
151185
151186
151187
151188
151189
151190
151191
151192
151193
151194
151195
151196
151197
151198
152139
152140
152141
152142
152143
152144
152145
152146
152147
152148
152149
152150
152151
152152
152153
152154
152155
152156
152157
152158
152159
153100
153101
153102
153103
153104
153105
153106
153107
153108
153109
153110
153111
153112
153113
153114
153115
153116
153117
153118
153119
153120
154061
154062
154063
154064
154065
154066
154067
154068
154069
154070
154071
154072
154073
154074
154075
154076
154077
154078
154079
154080
154081
155629
155630
155631
155632
155633
155634
155635
155636
155637
155638
155639
155640
155641
155642
155643
155644
155645
155646
155647
155648
155649
)


// ************************************************************************* //
