/*--------------------------------*- C++ -*----------------------------------*\
| =========                 |                                                 |
| \\      /  F ield         | OpenFOAM: The Open Source CFD Toolbox           |
|  \\    /   O peration     | Version:  2.3.0                                 |
|   \\  /    A nd           | Web:      www.OpenFOAM.org                      |
|    \\/     M anipulation  |                                                 |
\*---------------------------------------------------------------------------*/
FoamFile
{
    version     2.0;
    format      ascii;
    class       labelList;
    location    "constant/polyMesh";
    object      faceProcAddressing;
}
// * * * * * * * * * * * * * * * * * * * * * * * * * * * * * * * * * * * * * //


6529
(
232
233
234
235
236
237
238
239
240
241
242
243
244
245
246
247
248
249
250
251
252
253
254
255
256
257
258
259
260
261
262
263
264
265
266
267
268
269
271
2152
2153
2154
2155
2156
2157
2158
2159
2160
2161
2162
2163
2164
2165
2166
2167
2168
2169
2170
2171
2172
2173
2174
2175
2176
2177
2178
2179
2180
2181
2182
2183
2184
2185
2186
2187
2188
2189
2191
4072
4073
4074
4075
4076
4077
4078
4079
4080
4081
4082
4083
4084
4085
4086
4087
4088
4089
4090
4091
4092
4093
4094
4095
4096
4097
4098
4099
4100
4101
4102
4103
4104
4105
4106
4107
4108
4109
4111
5992
5993
5994
5995
5996
5997
5998
5999
6000
6001
6002
6003
6004
6005
6006
6007
6008
6009
6010
6011
6012
6013
6014
6015
6016
6017
6018
6019
6020
6021
6022
6023
6024
6025
6026
6027
6028
6029
6031
7912
7913
7914
7915
7916
7917
7918
7919
7920
7921
7922
7923
7924
7925
7926
7927
7928
7929
7930
7931
7932
7933
7934
7935
7936
7937
7938
7939
7940
7941
7942
7943
7944
7945
7946
7947
7948
7949
7951
9832
9833
9834
9835
9836
9837
9838
9839
9840
9841
9842
9843
9844
9845
9846
9847
9848
9849
9850
9851
9852
9853
9854
9855
9856
9857
9858
9859
9860
9861
9862
9863
9864
9865
9866
9867
9868
9869
9871
11752
11753
11754
11755
11756
11757
11758
11759
11760
11761
11762
11763
11764
11765
11766
11767
11768
11769
11770
11771
11772
11773
11774
11775
11776
11777
11778
11779
11780
11781
11782
11783
11784
11785
11786
11787
11788
11789
11791
13671
13672
13673
13674
13675
13676
13677
13678
13679
13680
13681
13682
13683
13684
13685
13686
13687
13688
13689
13690
13691
13692
13693
13694
13695
13696
13697
13698
13699
13700
13701
13702
13703
13704
13705
13706
13707
13708
13710
15590
15591
15592
15593
15594
15595
15596
15597
15598
15599
15600
15601
15602
15603
15604
15605
15606
15607
15608
15609
15610
15611
15612
15613
15614
15615
15616
15617
15618
15619
15620
15621
15622
15623
15624
15625
15626
15627
15629
17509
17510
17511
17512
17513
17514
17515
17516
17517
17518
17519
17520
17521
17522
17523
17524
17525
17526
17527
17528
17529
17530
17531
17532
17533
17534
17535
17536
17537
17538
17539
17540
17541
17542
17543
17544
17545
17546
17548
19428
19429
19430
19431
19432
19433
19434
19435
19436
19437
19438
19439
19440
19441
19442
19443
19444
19445
19446
19447
19448
19449
19450
19451
19452
19453
19454
19455
19456
19457
19458
19459
19460
19461
19462
19463
19464
19465
19467
21347
21348
21349
21350
21351
21352
21353
21354
21355
21356
21357
21358
21359
21360
21361
21362
21363
21364
21365
21366
21367
21368
21369
21370
21371
21372
21373
21374
21375
21376
21377
21378
21379
21380
21381
21382
21383
21384
21386
23266
23267
23268
23269
23270
23271
23272
23273
23274
23275
23276
23277
23278
23279
23280
23281
23282
23283
23284
23285
23286
23287
23288
23289
23290
23291
23292
23293
23294
23295
23296
23297
23298
23299
23300
23301
23302
23303
23305
25185
25186
25187
25188
25189
25190
25191
25192
25193
25194
25195
25196
25197
25198
25199
25200
25201
25202
25203
25204
25205
25206
25207
25208
25209
25210
25211
25212
25213
25214
25215
25216
25217
25218
25219
25220
25221
25222
25224
27104
27105
27106
27107
27108
27109
27110
27111
27112
27113
27114
27115
27116
27117
27118
27119
27120
27121
27122
27123
27124
27125
27126
27127
27128
27129
27130
27131
27132
27133
27134
27135
27136
27137
27138
27139
27140
27141
27143
29021
29022
29023
29024
29025
29026
29027
29028
29029
29030
29031
29032
29033
29034
29035
29036
29037
29038
29039
29040
29041
29042
29043
29044
29045
29046
29047
29048
29049
29050
29051
29052
29053
29054
29055
29056
29057
29058
29059
29060
29062
30940
30941
30942
30943
30944
30945
30946
30947
30948
30949
30950
30951
30952
30953
30954
30955
30956
30957
30958
30959
30960
30961
30962
30963
30964
30965
30966
30967
30968
30969
30970
30971
30972
30973
30974
30975
30976
30977
30978
30979
30981
32859
32860
32861
32862
32863
32864
32865
32866
32867
32868
32869
32870
32871
32872
32873
32874
32875
32876
32877
32878
32879
32880
32881
32882
32883
32884
32885
32886
32887
32888
32889
32890
32891
32892
32893
32894
32895
32896
32897
32898
32900
34778
34779
34780
34781
34782
34783
34784
34785
34786
34787
34788
34789
34790
34791
34792
34793
34794
34795
34796
34797
34798
34799
34800
34801
34802
34803
34804
34805
34806
34807
34808
34809
34810
34811
34812
34813
34814
34815
34816
34817
34819
36697
36698
36699
36700
36701
36702
36703
36704
36705
36706
36707
36708
36709
36710
36711
36712
36713
36714
36715
36716
36717
36718
36719
36720
36721
36722
36723
36724
36725
36726
36727
36728
36729
36730
36731
36732
36733
36734
36735
36736
36738
38616
38617
38618
38619
38620
38621
38622
38623
38624
38625
38626
38627
38628
38629
38630
38631
38632
38633
38634
38635
38636
38637
38638
38639
38640
38641
38642
38643
38644
38645
38646
38647
38648
38649
38650
38651
38652
38653
38654
38655
38657
40535
40536
40537
40538
40539
40540
40541
40542
40543
40544
40545
40546
40547
40548
40549
40550
40551
40552
40553
40554
40555
40556
40557
40558
40559
40560
40561
40562
40563
40564
40565
40566
40567
40568
40569
40570
40571
40572
40573
40574
40576
42454
42455
42456
42457
42458
42459
42460
42461
42462
42463
42464
42465
42466
42467
42468
42469
42470
42471
42472
42473
42474
42475
42476
42477
42478
42479
42480
42481
42482
42483
42484
42485
42486
42487
42488
42489
42490
42491
42492
42493
42495
44373
44374
44375
44376
44377
44378
44379
44380
44381
44382
44383
44384
44385
44386
44387
44388
44389
44390
44391
44392
44393
44394
44395
44396
44397
44398
44399
44400
44401
44402
44403
44404
44405
44406
44407
44408
44409
44410
44411
44412
44414
46292
46293
46294
46295
46296
46297
46298
46299
46300
46301
46302
46303
46304
46305
46306
46307
46308
46309
46310
46311
46312
46313
46314
46315
46316
46317
46318
46319
46320
46321
46322
46323
46324
46325
46326
46327
46328
46329
46330
46331
46333
48211
48212
48213
48214
48215
48216
48217
48218
48219
48220
48221
48222
48223
48224
48225
48226
48227
48228
48229
48230
48231
48232
48233
48234
48235
48236
48237
48238
48239
48240
48241
48242
48243
48244
48245
48246
48247
48248
48249
48250
48252
50130
50131
50132
50133
50134
50135
50136
50137
50138
50139
50140
50141
50142
50143
50144
50145
50146
50147
50148
50149
50150
50151
50152
50153
50154
50155
50156
50157
50158
50159
50160
50161
50162
50163
50164
50165
50166
50167
50168
50169
52049
52050
52051
52052
52053
52054
52055
52056
52057
52058
52059
52060
52061
52062
52063
52064
52065
52066
52067
52068
52069
52070
52071
52072
52073
52074
52075
52076
52077
52078
52079
52080
52081
52082
52083
52084
52085
52086
52088
53968
53969
53970
53971
53972
53973
53974
53975
53976
53977
53978
53979
53980
53981
53982
53983
53984
53985
53986
53987
53988
53989
53990
53991
53992
53993
53994
53995
53996
53997
53998
53999
54000
54001
54002
54003
54004
54005
54007
55887
55888
55889
55890
55891
55892
55893
55894
55895
55896
55897
55898
55899
55900
55901
55902
55903
55904
55905
55906
55907
55908
55909
55910
55911
55912
55913
55914
55915
55916
55917
55918
55919
55920
55921
55922
55923
55924
55926
57806
57807
57808
57809
57810
57811
57812
57813
57814
57815
57816
57817
57818
57819
57820
57821
57822
57823
57824
57825
57826
57827
57828
57829
57830
57831
57832
57833
57834
57835
57836
57837
57838
57839
57840
57841
57842
57843
57845
59725
59726
59727
59728
59729
59730
59731
59732
59733
59734
59735
59736
59737
59738
59739
59740
59741
59742
59743
59744
59745
59746
59747
59748
59749
59750
59751
59752
59753
59754
59755
59756
59757
59758
59759
59760
59761
59762
59764
61644
61645
61646
61647
61648
61649
61650
61651
61652
61653
61654
61655
61656
61657
61658
61659
61660
61661
61662
61663
61664
61665
61666
61667
61668
61669
61670
61671
61672
61673
61674
61675
61676
61677
61678
61679
61680
61681
61683
63563
63564
63565
63566
63567
63568
63569
63570
63571
63572
63573
63574
63575
63576
63577
63578
63579
63580
63581
63582
63583
63584
63585
63586
63587
63588
63589
63590
63591
63592
63593
63594
63595
63596
63597
63598
63599
63600
63602
65482
65483
65484
65485
65486
65487
65488
65489
65490
65491
65492
65493
65494
65495
65496
65497
65498
65499
65500
65501
65502
65503
65504
65505
65506
65507
65508
65509
65510
65511
65512
65513
65514
65515
65516
65517
65518
65519
65521
67401
67402
67403
67404
67405
67406
67407
67408
67409
67410
67411
67412
67413
67414
67415
67416
67417
67418
67419
67420
67421
67422
67423
67424
67425
67426
67427
67428
67429
67430
67431
67432
67433
67434
67435
67436
67437
67438
67440
69320
69321
69322
69323
69324
69325
69326
69327
69328
69329
69330
69331
69332
69333
69334
69335
69336
69337
69338
69339
69340
69341
69342
69343
69344
69345
69346
69347
69348
69349
69350
69351
69352
69353
69354
69355
69356
69357
69359
71239
71240
71241
71242
71243
71244
71245
71246
71247
71248
71249
71250
71251
71252
71253
71254
71255
71256
71257
71258
71259
71260
71261
71262
71263
71264
71265
71266
71267
71268
71269
71270
71271
71272
71273
71274
71275
71276
71278
73158
73159
73160
73161
73162
73163
73164
73165
73166
73167
73168
73169
73170
73171
73172
73173
73174
73175
73176
73177
73178
73179
73180
73181
73182
73183
73184
73185
73186
73187
73188
73189
73190
73191
73192
73193
73194
73195
73197
75078
75079
75080
75081
75082
75083
75084
75085
75086
75087
75088
75089
75090
75091
75092
75093
75094
75095
75096
75097
75098
75099
75100
75101
75102
75103
75104
75105
75106
75107
75108
75109
75110
75111
75112
75113
75114
75115
75117
76998
76999
77000
77001
77002
77003
77004
77005
77006
77007
77008
77009
77010
77011
77012
77013
77014
77015
77016
77017
77018
77019
77020
77021
77022
77023
77024
77025
77026
77027
77028
77029
77030
77031
77032
77033
77034
77035
77037
78918
78919
78920
78921
78922
78923
78924
78925
78926
78927
78928
78929
78930
78931
78932
78933
78934
78935
78936
78937
78938
78939
78940
78941
78942
78943
78944
78945
78946
78947
78948
78949
78950
78951
78952
78953
78954
78955
78957
80838
80839
80840
80841
80842
80843
80844
80845
80846
80847
80848
80849
80850
80851
80852
80853
80854
80855
80856
80857
80858
80859
80860
80861
80862
80863
80864
80865
80866
80867
80868
80869
80870
80871
80872
80873
80874
80875
80877
82758
82759
82760
82761
82762
82763
82764
82765
82766
82767
82768
82769
82770
82771
82772
82773
82774
82775
82776
82777
82778
82779
82780
82781
82782
82783
82784
82785
82786
82787
82788
82789
82790
82791
82792
82793
82794
82795
82797
84678
84679
84680
84681
84682
84683
84684
84685
84686
84687
84688
84689
84690
84691
84692
84693
84694
84695
84696
84697
84698
84699
84700
84701
84702
84703
84704
84705
84706
84707
84708
84709
84710
84711
84712
84713
84714
84715
84717
86598
86599
86600
86601
86602
86603
86604
86605
86606
86607
86608
86609
86610
86611
86612
86613
86614
86615
86616
86617
86618
86619
86620
86621
86622
86623
86624
86625
86626
86627
86628
86629
86630
86631
86632
86633
86634
86635
86637
88518
88519
88520
88521
88522
88523
88524
88525
88526
88527
88528
88529
88530
88531
88532
88533
88534
88535
88536
88537
88538
88539
88540
88541
88542
88543
88544
88545
88546
88547
88548
88549
88550
88551
88552
88553
88554
88555
88557
90438
90439
90440
90441
90442
90443
90444
90445
90446
90447
90448
90449
90450
90451
90452
90453
90454
90455
90456
90457
90458
90459
90460
90461
90462
90463
90464
90465
90466
90467
90468
90469
90470
90471
90472
90473
90474
90475
90477
92357
92358
92359
92360
92361
92362
92363
92364
92365
92366
92367
92368
92369
92370
92371
92372
92373
92374
92375
92376
92377
92378
92379
92380
92381
92382
92383
92384
92385
92386
92387
92388
92389
92390
92391
92392
92393
92394
92396
94276
94277
94278
94279
94280
94281
94282
94283
94284
94285
94286
94287
94288
94289
94290
94291
94292
94293
94294
94295
94296
94297
94298
94299
94300
94301
94302
94303
94304
94305
94306
94307
94308
94309
94310
94311
94312
94313
94315
96195
96196
96197
96198
96199
96200
96201
96202
96203
96204
96205
96206
96207
96208
96209
96210
96211
96212
96213
96214
96215
96216
96217
96218
96219
96220
96221
96222
96223
96224
96225
96226
96227
96228
96229
96230
96231
96232
96234
98114
98115
98116
98117
98118
98119
98120
98121
98122
98123
98124
98125
98126
98127
98128
98129
98130
98131
98132
98133
98134
98135
98136
98137
98138
98139
98140
98141
98142
98143
98144
98145
98146
98147
98148
98149
98150
98151
98153
100033
100034
100035
100036
100037
100038
100039
100040
100041
100042
100043
100044
100045
100046
100047
100048
100049
100050
100051
100052
100053
100054
100055
100056
100057
100058
100059
100060
100061
100062
100063
100064
100065
100066
100067
100068
100069
100070
100072
101952
101953
101954
101955
101956
101957
101958
101959
101960
101961
101962
101963
101964
101965
101966
101967
101968
101969
101970
101971
101972
101973
101974
101975
101976
101977
101978
101979
101980
101981
101982
101983
101984
101985
101986
101987
101988
101989
101991
103871
103872
103873
103874
103875
103876
103877
103878
103879
103880
103881
103882
103883
103884
103885
103886
103887
103888
103889
103890
103891
103892
103893
103894
103895
103896
103897
103898
103899
103900
103901
103902
103903
103904
103905
103906
103907
103908
103910
105790
105791
105792
105793
105794
105795
105796
105797
105798
105799
105800
105801
105802
105803
105804
105805
105806
105807
105808
105809
105810
105811
105812
105813
105814
105815
105816
105817
105818
105819
105820
105821
105822
105823
105824
105825
105826
105827
105829
107709
107710
107711
107712
107713
107714
107715
107716
107717
107718
107719
107720
107721
107722
107723
107724
107725
107726
107727
107728
107729
107730
107731
107732
107733
107734
107735
107736
107737
107738
107739
107740
107741
107742
107743
107744
107745
107746
107748
109628
109629
109630
109631
109632
109633
109634
109635
109636
109637
109638
109639
109640
109641
109642
109643
109644
109645
109646
109647
109648
109649
109650
109651
109652
109653
109654
109655
109656
109657
109658
109659
109660
109661
109662
109663
109664
109665
109667
111547
111548
111549
111550
111551
111552
111553
111554
111555
111556
111557
111558
111559
111560
111561
111562
111563
111564
111565
111566
111567
111568
111569
111570
111571
111572
111573
111574
111575
111576
111577
111578
111579
111580
111581
111582
111583
111584
111586
113466
113467
113468
113469
113470
113471
113472
113473
113474
113475
113476
113477
113478
113479
113480
113481
113482
113483
113484
113485
113486
113487
113488
113489
113490
113491
113492
113493
113494
113495
113496
113497
113498
113499
113500
113501
113502
113503
113505
115385
115386
115387
115388
115389
115390
115391
115392
115393
115394
115395
115396
115397
115398
115399
115400
115401
115402
115403
115404
115405
115406
115407
115408
115409
115410
115411
115412
115413
115414
115415
115416
115417
115418
115419
115420
115421
115422
115424
117304
117305
117306
117307
117308
117309
117310
117311
117312
117313
117314
117315
117316
117317
117318
117319
117320
117321
117322
117323
117324
117325
117326
117327
117328
117329
117330
117331
117332
117333
117334
117335
117336
117337
117338
117339
117340
117341
117343
119223
119224
119225
119226
119227
119228
119229
119230
119231
119232
119233
119234
119235
119236
119237
119238
119239
119240
119241
119242
119243
119244
119245
119246
119247
119248
119249
119250
119251
119252
119253
119254
119255
119256
119257
119258
119259
119260
119262
121142
121143
121144
121145
121146
121147
121148
121149
121150
121151
121152
121153
121154
121155
121156
121157
121158
121159
121160
121161
121162
121163
121164
121165
121166
121167
121168
121169
121170
121171
121172
121173
121174
121175
121176
121177
121178
121179
121181
123061
123062
123063
123064
123065
123066
123067
123068
123069
123070
123071
123072
123073
123074
123075
123076
123077
123078
123079
123080
123081
123082
123083
123084
123085
123086
123087
123088
123089
123090
123091
123092
123093
123094
123095
123096
123097
123098
123100
124980
124981
124982
124983
124984
124985
124986
124987
124988
124989
124990
124991
124992
124993
124994
124995
124996
124997
124998
124999
125000
125001
125002
125003
125004
125005
125006
125007
125008
125009
125010
125011
125012
125013
125014
125015
125016
125017
125019
126899
126900
126901
126902
126903
126904
126905
126906
126907
126908
126909
126910
126911
126912
126913
126914
126915
126916
126917
126918
126919
126920
126921
126922
126923
126924
126925
126926
126927
126928
126929
126930
126931
126932
126933
126934
126935
126936
126938
128818
128819
128820
128821
128822
128823
128824
128825
128826
128827
128828
128829
128830
128831
128832
128833
128834
128835
128836
128837
128838
128839
128840
128841
128842
128843
128844
128845
128846
128847
128848
128849
128850
128851
128852
128853
128854
128855
128857
130737
130738
130739
130740
130741
130742
130743
130744
130745
130746
130747
130748
130749
130750
130751
130752
130753
130754
130755
130756
130757
130758
130759
130760
130761
130762
130763
130764
130765
130766
130767
130768
130769
130770
130771
130772
130773
130774
130776
132656
132657
132658
132659
132660
132661
132662
132663
132664
132665
132666
132667
132668
132669
132670
132671
132672
132673
132674
132675
132676
132677
132678
132679
132680
132681
132682
132683
132684
132685
132686
132687
132688
132689
132690
132691
132692
132693
132695
134575
134576
134577
134578
134579
134580
134581
134582
134583
134584
134585
134586
134587
134588
134589
134590
134591
134592
134593
134594
134595
134596
134597
134598
134599
134600
134601
134602
134603
134604
134605
134606
134607
134608
134609
134610
134611
134612
134614
136494
136495
136496
136497
136498
136499
136500
136501
136502
136503
136504
136505
136506
136507
136508
136509
136510
136511
136512
136513
136514
136515
136516
136517
136518
136519
136520
136521
136522
136523
136524
136525
136526
136527
136528
136529
136530
136531
136533
138413
138414
138415
138416
138417
138418
138419
138420
138421
138422
138423
138424
138425
138426
138427
138428
138429
138430
138431
138432
138433
138434
138435
138436
138437
138438
138439
138440
138441
138442
138443
138444
138445
138446
138447
138448
138449
138450
138452
140332
140333
140334
140335
140336
140337
140338
140339
140340
140341
140342
140343
140344
140345
140346
140347
140348
140349
140350
140351
140352
140353
140354
140355
140356
140357
140358
140359
140360
140361
140362
140363
140364
140365
140366
140367
140368
140369
140371
142251
142252
142253
142254
142255
142256
142257
142258
142259
142260
142261
142262
142263
142264
142265
142266
142267
142268
142269
142270
142271
142272
142273
142274
142275
142276
142277
142278
142279
142280
142281
142282
142283
142284
142285
142286
142287
142288
142290
144170
144171
144172
144173
144174
144175
144176
144177
144178
144179
144180
144181
144182
144183
144184
144185
144186
144187
144188
144189
144190
144191
144192
144193
144194
144195
144196
144197
144198
144199
144200
144201
144202
144203
144204
144205
144206
144207
144209
146089
146090
146091
146092
146093
146094
146095
146096
146097
146098
146099
146100
146101
146102
146103
146104
146105
146106
146107
146108
146109
146110
146111
146112
146113
146114
146115
146116
146117
146118
146119
146120
146121
146122
146123
146124
146125
146126
146128
148008
148009
148010
148011
148012
148013
148014
148015
148016
148017
148018
148019
148020
148021
148022
148023
148024
148025
148026
148027
148028
148029
148030
148031
148032
148033
148034
148035
148036
148037
148038
148039
148040
148041
148042
148043
148044
148045
148047
149927
149928
149929
149930
149931
149932
149933
149934
149935
149936
149937
149938
149939
149940
149941
149942
149943
149944
149945
149946
149947
149948
149949
149950
149951
149952
149953
149954
149955
149956
149957
149958
149959
149960
149961
149962
149963
149964
149966
151732
151733
151734
151735
151736
151737
151738
151739
151740
151741
151742
151743
151744
151745
151746
151747
151748
151749
151750
153777
153778
153779
153780
153781
153782
153783
153784
153785
153786
153787
153788
153789
153790
153791
153792
153793
153794
153795
153796
154737
154738
154739
154740
154741
154742
154743
154744
154745
154746
154747
154748
154749
154750
154751
154752
154753
154754
154755
154756
155697
155698
155699
155700
155701
155702
155703
155704
155705
155706
155707
155708
155709
155710
155711
155712
155713
155714
155715
155716
156657
156658
156659
156660
156661
156662
156663
156664
156665
156666
156667
156668
156669
156670
156671
156672
156673
156674
156675
156676
157617
157618
157619
157620
157621
157622
157623
157624
157625
157626
157627
157628
157629
157630
157631
157632
157633
157634
157635
157636
158577
158578
158579
158580
158581
158582
158583
158584
158585
158586
158587
158588
158589
158590
158591
158592
158593
158594
158595
158596
159537
159538
159539
159540
159541
159542
159543
159544
159545
159546
159547
159548
159549
159550
159551
159552
159553
159554
159555
159556
160497
160498
160499
160500
160501
160502
160503
160504
160505
160506
160507
160508
160509
160510
160511
160512
160513
160514
160515
160516
161457
161458
161459
161460
161461
161462
161463
161464
161465
161466
161467
161468
161469
161470
161471
161472
161473
161474
161475
161476
162417
162418
162419
162420
162421
162422
162423
162424
162425
162426
162427
162428
162429
162430
162431
162432
162433
162434
162435
162436
163377
163378
163379
163380
163381
163382
163383
163384
163385
163386
163387
163388
163389
163390
163391
163392
163393
163394
163395
163396
164337
164338
164339
164340
164341
164342
164343
164344
164345
164346
164347
164348
164349
164350
164351
164352
164353
164354
164355
164356
165297
165298
165299
165300
165301
165302
165303
165304
165305
165306
165307
165308
165309
165310
165311
165312
165313
165314
165315
165316
166257
166258
166259
166260
166261
166262
166263
166264
166265
166266
166267
166268
166269
166270
166271
166272
166273
166274
166275
166276
167217
167218
167219
167220
167221
167222
167223
167224
167225
167226
167227
167228
167229
167230
167231
167232
167233
167234
167235
167236
168176
168177
168178
168179
168180
168181
168182
168183
168184
168185
168186
168187
168188
168189
168190
168191
168192
168193
168194
168195
168196
169136
169137
169138
169139
169140
169141
169142
169143
169144
169145
169146
169147
169148
169149
169150
169151
169152
169153
169154
169155
169156
170096
170097
170098
170099
170100
170101
170102
170103
170104
170105
170106
170107
170108
170109
170110
170111
170112
170113
170114
170115
170116
171056
171057
171058
171059
171060
171061
171062
171063
171064
171065
171066
171067
171068
171069
171070
171071
171072
171073
171074
171075
171076
172016
172017
172018
172019
172020
172021
172022
172023
172024
172025
172026
172027
172028
172029
172030
172031
172032
172033
172034
172035
172036
172976
172977
172978
172979
172980
172981
172982
172983
172984
172985
172986
172987
172988
172989
172990
172991
172992
172993
172994
172995
172996
173936
173937
173938
173939
173940
173941
173942
173943
173944
173945
173946
173947
173948
173949
173950
173951
173952
173953
173954
173955
173956
174896
174897
174898
174899
174900
174901
174902
174903
174904
174905
174906
174907
174908
174909
174910
174911
174912
174913
174914
174915
174916
175856
175857
175858
175859
175860
175861
175862
175863
175864
175865
175866
175867
175868
175869
175870
175871
175872
175873
175874
175875
175876
176816
176817
176818
176819
176820
176821
176822
176823
176824
176825
176826
176827
176828
176829
176830
176831
176832
176833
176834
176835
176836
177776
177777
177778
177779
177780
177781
177782
177783
177784
177785
177786
177787
177788
177789
177790
177791
177792
177793
177794
177795
177796
178736
178737
178738
178739
178740
178741
178742
178743
178744
178745
178746
178747
178748
178749
178750
178751
178752
178753
178754
178755
178756
179696
179697
179698
179699
179700
179701
179702
179703
179704
179705
179706
179707
179708
179709
179710
179711
179712
179713
179714
179715
180656
180657
180658
180659
180660
180661
180662
180663
180664
180665
180666
180667
180668
180669
180670
180671
180672
180673
180674
180675
181616
181617
181618
181619
181620
181621
181622
181623
181624
181625
181626
181627
181628
181629
181630
181631
181632
181633
181634
181635
182576
182577
182578
182579
182580
182581
182582
182583
182584
182585
182586
182587
182588
182589
182590
182591
182592
182593
182594
182595
183536
183537
183538
183539
183540
183541
183542
183543
183544
183545
183546
183547
183548
183549
183550
183551
183552
183553
183554
183555
184496
184497
184498
184499
184500
184501
184502
184503
184504
184505
184506
184507
184508
184509
184510
184511
184512
184513
184514
184515
185456
185457
185458
185459
185460
185461
185462
185463
185464
185465
185466
185467
185468
185469
185470
185471
185472
185473
185474
185475
186416
186417
186418
186419
186420
186421
186422
186423
186424
186425
186426
186427
186428
186429
186430
186431
186432
186433
186434
186435
187376
187377
187378
187379
187380
187381
187382
187383
187384
187385
187386
187387
187388
187389
187390
187391
187392
187393
187394
187395
188336
188337
188338
188339
188340
188341
188342
188343
188344
188345
188346
188347
188348
188349
188350
188351
188352
188353
188354
188355
189296
189297
189298
189299
189300
189301
189302
189303
189304
189305
189306
189307
189308
189309
189310
189311
189312
189313
189314
189315
190256
190257
190258
190259
190260
190261
190262
190263
190264
190265
190266
190267
190268
190269
190270
190271
190272
190273
190274
190275
191216
191217
191218
191219
191220
191221
191222
191223
191224
191225
191226
191227
191228
191229
191230
191231
191232
191233
191234
191235
192176
192177
192178
192179
192180
192181
192182
192183
192184
192185
192186
192187
192188
192189
192190
192191
192192
192193
192194
192195
193136
193137
193138
193139
193140
193141
193142
193143
193144
193145
193146
193147
193148
193149
193150
193151
193152
193153
193154
193155
194096
194097
194098
194099
194100
194101
194102
194103
194104
194105
194106
194107
194108
194109
194110
194111
194112
194113
194114
194115
195056
195057
195058
195059
195060
195061
195062
195063
195064
195065
195066
195067
195068
195069
195070
195071
195072
195073
195074
195075
196016
196017
196018
196019
196020
196021
196022
196023
196024
196025
196026
196027
196028
196029
196030
196031
196032
196033
196034
196035
196976
196977
196978
196979
196980
196981
196982
196983
196984
196985
196986
196987
196988
196989
196990
196991
196992
196993
196994
196995
197936
197937
197938
197939
197940
197941
197942
197943
197944
197945
197946
197947
197948
197949
197950
197951
197952
197953
197954
197955
198896
198897
198898
198899
198900
198901
198902
198903
198904
198905
198906
198907
198908
198909
198910
198911
198912
198913
198914
198915
199856
199857
199858
199859
199860
199861
199862
199863
199864
199865
199866
199867
199868
199869
199870
199871
199872
199873
199874
199875
200816
200817
200818
200819
200820
200821
200822
200823
200824
200825
200826
200827
200828
200829
200830
200831
200832
200833
200834
200835
201776
201777
201778
201779
201780
201781
201782
201783
201784
201785
201786
201787
201788
201789
201790
201791
201792
201793
201794
201795
202736
202737
202738
202739
202740
202741
202742
202743
202744
202745
202746
202747
202748
202749
202750
202751
202752
202753
202754
202755
203696
203697
203698
203699
203700
203701
203702
203703
203704
203705
203706
203707
203708
203709
203710
203711
203712
203713
203714
203715
204656
204657
204658
204659
204660
204661
204662
204663
204664
204665
204666
204667
204668
204669
204670
204671
204672
204673
204674
204675
205616
205617
205618
205619
205620
205621
205622
205623
205624
205625
205626
205627
205628
205629
205630
205631
205632
205633
205634
205635
206576
206577
206578
206579
206580
206581
206582
206583
206584
206585
206586
206587
206588
206589
206590
206591
206592
206593
206594
206595
207536
207537
207538
207539
207540
207541
207542
207543
207544
207545
207546
207547
207548
207549
207550
207551
207552
207553
207554
207555
208496
208497
208498
208499
208500
208501
208502
208503
208504
208505
208506
208507
208508
208509
208510
208511
208512
208513
208514
208515
209456
209457
209458
209459
209460
209461
209462
209463
209464
209465
209466
209467
209468
209469
209470
209471
209472
209473
209474
209475
210416
210417
210418
210419
210420
210421
210422
210423
210424
210425
210426
210427
210428
210429
210430
210431
210432
210433
210434
210435
211376
211377
211378
211379
211380
211381
211382
211383
211384
211385
211386
211387
211388
211389
211390
211391
211392
211393
211394
211395
212336
212337
212338
212339
212340
212341
212342
212343
212344
212345
212346
212347
212348
212349
212350
212351
212352
212353
212354
212355
213296
213297
213298
213299
213300
213301
213302
213303
213304
213305
213306
213307
213308
213309
213310
213311
213312
213313
213314
213315
214256
214257
214258
214259
214260
214261
214262
214263
214264
214265
214266
214267
214268
214269
214270
214271
214272
214273
214274
214275
215216
215217
215218
215219
215220
215221
215222
215223
215224
215225
215226
215227
215228
215229
215230
215231
215232
215233
215234
215235
216176
216177
216178
216179
216180
216181
216182
216183
216184
216185
216186
216187
216188
216189
216190
216191
216192
216193
216194
216195
217136
217137
217138
217139
217140
217141
217142
217143
217144
217145
217146
217147
217148
217149
217150
217151
217152
217153
217154
217155
218096
218097
218098
218099
218100
218101
218102
218103
218104
218105
218106
218107
218108
218109
218110
218111
218112
218113
218114
218115
219056
219057
219058
219059
219060
219061
219062
219063
219064
219065
219066
219067
219068
219069
219070
219071
219072
219073
219074
219075
220016
220017
220018
220019
220020
220021
220022
220023
220024
220025
220026
220027
220028
220029
220030
220031
220032
220033
220034
220035
220976
220977
220978
220979
220980
220981
220982
220983
220984
220985
220986
220987
220988
220989
220990
220991
220992
220993
220994
220995
221936
221937
221938
221939
221940
221941
221942
221943
221944
221945
221946
221947
221948
221949
221950
221951
221952
221953
221954
221955
222896
222897
222898
222899
222900
222901
222902
222903
222904
222905
222906
222907
222908
222909
222910
222911
222912
222913
222914
222915
223856
223857
223858
223859
223860
223861
223862
223863
223864
223865
223866
223867
223868
223869
223870
223871
223872
223873
223874
223875
224816
224817
224818
224819
224820
224821
224822
224823
224824
224825
224826
224827
224828
224829
224830
224831
224832
224833
224834
224835
225776
225777
225778
225779
225780
225781
225782
225783
225784
225785
225786
225787
225788
225789
225790
225791
225792
225793
225794
225795
226736
226737
226738
226739
226740
226741
226742
226743
226744
226745
226746
226747
226748
226749
226750
226751
226752
226753
226754
226755
227696
227697
227698
227699
227700
227701
227702
227703
227704
227705
227706
227707
227708
227709
227710
227711
227712
227713
227714
227715
228656
228657
228658
228659
228660
228661
228662
228663
228664
228665
228666
228667
228668
228669
228670
228671
228672
228673
228674
228675
229616
229617
229618
229619
229620
229621
229622
229623
229624
229625
229626
229627
229628
229629
229630
229631
229632
229633
229634
229635
231114
231115
231116
231117
231118
231119
231120
231121
231122
231123
231124
231125
231126
231127
231128
231129
231130
231131
231132
231133
232074
232075
232076
232077
232078
232079
232080
232081
232082
232083
232084
232085
232086
232087
232088
232089
232090
232091
232092
232093
233034
233035
233036
233037
233038
233039
233040
233041
233042
233043
233044
233045
233046
233047
233048
233049
233050
233051
233052
233053
233994
233995
233996
233997
233998
233999
234000
234001
234002
234003
234004
234005
234006
234007
234008
234009
234010
234011
234012
234013
234954
234955
234956
234957
234958
234959
234960
234961
234962
234963
234964
234965
234966
234967
234968
234969
234970
234971
234972
234973
235914
235915
235916
235917
235918
235919
235920
235921
235922
235923
235924
235925
235926
235927
235928
235929
235930
235931
235932
235933
236874
236875
236876
236877
236878
236879
236880
236881
236882
236883
236884
236885
236886
236887
236888
236889
236890
236891
236892
236893
237834
237835
237836
237837
237838
237839
237840
237841
237842
237843
237844
237845
237846
237847
237848
237849
237850
237851
237852
237853
238794
238795
238796
238797
238798
238799
238800
238801
238802
238803
238804
238805
238806
238807
238808
238809
238810
238811
238812
238813
239754
239755
239756
239757
239758
239759
239760
239761
239762
239763
239764
239765
239766
239767
239768
239769
239770
239771
239772
239773
240714
240715
240716
240717
240718
240719
240720
240721
240722
240723
240724
240725
240726
240727
240728
240729
240730
240731
240732
240733
241674
241675
241676
241677
241678
241679
241680
241681
241682
241683
241684
241685
241686
241687
241688
241689
241690
241691
241692
241693
242634
242635
242636
242637
242638
242639
242640
242641
242642
242643
242644
242645
242646
242647
242648
242649
242650
242651
242652
242653
243594
243595
243596
243597
243598
243599
243600
243601
243602
243603
243604
243605
243606
243607
243608
243609
243610
243611
243612
243613
244554
244555
244556
244557
244558
244559
244560
244561
244562
244563
244564
244565
244566
244567
244568
244569
244570
244571
244572
244573
245513
245514
245515
245516
245517
245518
245519
245520
245521
245522
245523
245524
245525
245526
245527
245528
245529
245530
245531
245532
245533
246473
246474
246475
246476
246477
246478
246479
246480
246481
246482
246483
246484
246485
246486
246487
246488
246489
246490
246491
246492
246493
247433
247434
247435
247436
247437
247438
247439
247440
247441
247442
247443
247444
247445
247446
247447
247448
247449
247450
247451
247452
247453
248393
248394
248395
248396
248397
248398
248399
248400
248401
248402
248403
248404
248405
248406
248407
248408
248409
248410
248411
248412
248413
249353
249354
249355
249356
249357
249358
249359
249360
249361
249362
249363
249364
249365
249366
249367
249368
249369
249370
249371
249372
249373
250313
250314
250315
250316
250317
250318
250319
250320
250321
250322
250323
250324
250325
250326
250327
250328
250329
250330
250331
250332
250333
251273
251274
251275
251276
251277
251278
251279
251280
251281
251282
251283
251284
251285
251286
251287
251288
251289
251290
251291
251292
251293
252233
252234
252235
252236
252237
252238
252239
252240
252241
252242
252243
252244
252245
252246
252247
252248
252249
252250
252251
252252
252253
253193
253194
253195
253196
253197
253198
253199
253200
253201
253202
253203
253204
253205
253206
253207
253208
253209
253210
253211
253212
253213
254153
254154
254155
254156
254157
254158
254159
254160
254161
254162
254163
254164
254165
254166
254167
254168
254169
254170
254171
254172
254173
255113
255114
255115
255116
255117
255118
255119
255120
255121
255122
255123
255124
255125
255126
255127
255128
255129
255130
255131
255132
255133
256073
256074
256075
256076
256077
256078
256079
256080
256081
256082
256083
256084
256085
256086
256087
256088
256089
256090
256091
256092
256093
257033
257034
257035
257036
257037
257038
257039
257040
257041
257042
257043
257044
257045
257046
257047
257048
257049
257050
257051
257052
257993
257994
257995
257996
257997
257998
257999
258000
258001
258002
258003
258004
258005
258006
258007
258008
258009
258010
258011
258012
258953
258954
258955
258956
258957
258958
258959
258960
258961
258962
258963
258964
258965
258966
258967
258968
258969
258970
258971
258972
259913
259914
259915
259916
259917
259918
259919
259920
259921
259922
259923
259924
259925
259926
259927
259928
259929
259930
259931
259932
260873
260874
260875
260876
260877
260878
260879
260880
260881
260882
260883
260884
260885
260886
260887
260888
260889
260890
260891
260892
261833
261834
261835
261836
261837
261838
261839
261840
261841
261842
261843
261844
261845
261846
261847
261848
261849
261850
261851
261852
262793
262794
262795
262796
262797
262798
262799
262800
262801
262802
262803
262804
262805
262806
262807
262808
262809
262810
262811
262812
263753
263754
263755
263756
263757
263758
263759
263760
263761
263762
263763
263764
263765
263766
263767
263768
263769
263770
263771
263772
264713
264714
264715
264716
264717
264718
264719
264720
264721
264722
264723
264724
264725
264726
264727
264728
264729
264730
264731
264732
265673
265674
265675
265676
265677
265678
265679
265680
265681
265682
265683
265684
265685
265686
265687
265688
265689
265690
265691
265692
266633
266634
266635
266636
266637
266638
266639
266640
266641
266642
266643
266644
266645
266646
266647
266648
266649
266650
266651
266652
267593
267594
267595
267596
267597
267598
267599
267600
267601
267602
267603
267604
267605
267606
267607
267608
267609
267610
267611
267612
268553
268554
268555
268556
268557
268558
268559
268560
268561
268562
268563
268564
268565
268566
268567
268568
268569
268570
268571
268572
269513
269514
269515
269516
269517
269518
269519
269520
269521
269522
269523
269524
269525
269526
269527
269528
269529
269530
269531
269532
270473
270474
270475
270476
270477
270478
270479
270480
270481
270482
270483
270484
270485
270486
270487
270488
270489
270490
270491
270492
271433
271434
271435
271436
271437
271438
271439
271440
271441
271442
271443
271444
271445
271446
271447
271448
271449
271450
271451
271452
272393
272394
272395
272396
272397
272398
272399
272400
272401
272402
272403
272404
272405
272406
272407
272408
272409
272410
272411
272412
273353
273354
273355
273356
273357
273358
273359
273360
273361
273362
273363
273364
273365
273366
273367
273368
273369
273370
273371
273372
274313
274314
274315
274316
274317
274318
274319
274320
274321
274322
274323
274324
274325
274326
274327
274328
274329
274330
274331
274332
275273
275274
275275
275276
275277
275278
275279
275280
275281
275282
275283
275284
275285
275286
275287
275288
275289
275290
275291
275292
276233
276234
276235
276236
276237
276238
276239
276240
276241
276242
276243
276244
276245
276246
276247
276248
276249
276250
276251
276252
277193
277194
277195
277196
277197
277198
277199
277200
277201
277202
277203
277204
277205
277206
277207
277208
277209
277210
277211
277212
278153
278154
278155
278156
278157
278158
278159
278160
278161
278162
278163
278164
278165
278166
278167
278168
278169
278170
278171
278172
279113
279114
279115
279116
279117
279118
279119
279120
279121
279122
279123
279124
279125
279126
279127
279128
279129
279130
279131
279132
280073
280074
280075
280076
280077
280078
280079
280080
280081
280082
280083
280084
280085
280086
280087
280088
280089
280090
280091
280092
281033
281034
281035
281036
281037
281038
281039
281040
281041
281042
281043
281044
281045
281046
281047
281048
281049
281050
281051
281052
281993
281994
281995
281996
281997
281998
281999
282000
282001
282002
282003
282004
282005
282006
282007
282008
282009
282010
282011
282012
282953
282954
282955
282956
282957
282958
282959
282960
282961
282962
282963
282964
282965
282966
282967
282968
282969
282970
282971
282972
283913
283914
283915
283916
283917
283918
283919
283920
283921
283922
283923
283924
283925
283926
283927
283928
283929
283930
283931
283932
284873
284874
284875
284876
284877
284878
284879
284880
284881
284882
284883
284884
284885
284886
284887
284888
284889
284890
284891
284892
285833
285834
285835
285836
285837
285838
285839
285840
285841
285842
285843
285844
285845
285846
285847
285848
285849
285850
285851
285852
286793
286794
286795
286796
286797
286798
286799
286800
286801
286802
286803
286804
286805
286806
286807
286808
286809
286810
286811
286812
287753
287754
287755
287756
287757
287758
287759
287760
287761
287762
287763
287764
287765
287766
287767
287768
287769
287770
287771
287772
288713
288714
288715
288716
288717
288718
288719
288720
288721
288722
288723
288724
288725
288726
288727
288728
288729
288730
288731
288732
289673
289674
289675
289676
289677
289678
289679
289680
289681
289682
289683
289684
289685
289686
289687
289688
289689
289690
289691
289692
290633
290634
290635
290636
290637
290638
290639
290640
290641
290642
290643
290644
290645
290646
290647
290648
290649
290650
290651
290652
291593
291594
291595
291596
291597
291598
291599
291600
291601
291602
291603
291604
291605
291606
291607
291608
291609
291610
291611
291612
292553
292554
292555
292556
292557
292558
292559
292560
292561
292562
292563
292564
292565
292566
292567
292568
292569
292570
292571
292572
293513
293514
293515
293516
293517
293518
293519
293520
293521
293522
293523
293524
293525
293526
293527
293528
293529
293530
293531
293532
294473
294474
294475
294476
294477
294478
294479
294480
294481
294482
294483
294484
294485
294486
294487
294488
294489
294490
294491
294492
295433
295434
295435
295436
295437
295438
295439
295440
295441
295442
295443
295444
295445
295446
295447
295448
295449
295450
295451
295452
296393
296394
296395
296396
296397
296398
296399
296400
296401
296402
296403
296404
296405
296406
296407
296408
296409
296410
296411
296412
297353
297354
297355
297356
297357
297358
297359
297360
297361
297362
297363
297364
297365
297366
297367
297368
297369
297370
297371
297372
298313
298314
298315
298316
298317
298318
298319
298320
298321
298322
298323
298324
298325
298326
298327
298328
298329
298330
298331
298332
299273
299274
299275
299276
299277
299278
299279
299280
299281
299282
299283
299284
299285
299286
299287
299288
299289
299290
299291
299292
300233
300234
300235
300236
300237
300238
300239
300240
300241
300242
300243
300244
300245
300246
300247
300248
300249
300250
300251
300252
301193
301194
301195
301196
301197
301198
301199
301200
301201
301202
301203
301204
301205
301206
301207
301208
301209
301210
301211
301212
302153
302154
302155
302156
302157
302158
302159
302160
302161
302162
302163
302164
302165
302166
302167
302168
302169
302170
302171
302172
303113
303114
303115
303116
303117
303118
303119
303120
303121
303122
303123
303124
303125
303126
303127
303128
303129
303130
303131
303132
304073
304074
304075
304076
304077
304078
304079
304080
304081
304082
304083
304084
304085
304086
304087
304088
304089
304090
304091
304092
305033
305034
305035
305036
305037
305038
305039
305040
305041
305042
305043
305044
305045
305046
305047
305048
305049
305050
305051
305052
305993
305994
305995
305996
305997
305998
305999
306000
306001
306002
306003
306004
306005
306006
306007
306008
306009
306010
306011
306012
306953
306954
306955
306956
306957
306958
306959
306960
306961
306962
306963
306964
306965
306966
306967
306968
306969
306970
306971
306972
308610
308611
308612
308613
308614
308615
308616
308617
308618
308619
308620
308621
308622
308623
308624
308625
308626
308627
308628
308629
-230
-2150
-4070
-5990
-7910
-9830
-11750
-13669
-15588
-17507
-19426
-21345
-23264
-25183
-27102
-27103
-29019
-30938
-32857
-34776
-36695
-38614
-40533
-42452
-44371
-46290
-48209
-50128
-52047
-53966
-55885
-57804
-59723
-61642
-63561
-65480
-67399
-69318
-71237
-73156
-75076
-76996
-78916
-80836
-82756
-84676
-86596
-88516
-90436
-92355
-94274
-96193
-98112
-100031
-101950
-103869
-105788
-107707
-109626
-111545
-113464
-115383
-117302
-119221
-121140
-123059
-124978
-126897
-128816
-130735
-132654
-134573
-136492
-138411
-140330
-142249
-144168
-146087
-148006
-149925
-151731
270
2190
4110
6030
7950
9870
11790
13709
15628
17547
19466
21385
23304
25223
27142
29061
30980
32899
34818
36737
38656
40575
42494
44413
46332
48251
50170
50171
52087
54006
55925
57844
59763
61682
63601
65520
67439
69358
71277
73196
75116
77036
78956
80876
82796
84716
86636
88556
90476
92395
94314
96233
98152
100071
101990
103909
105828
107747
109666
111585
113504
115423
117342
119261
121180
123099
125018
126937
128856
130775
132694
134613
136532
138451
140370
142289
144208
146127
148046
149965
151751
)


// ************************************************************************* //
