/*--------------------------------*- C++ -*----------------------------------*\
| =========                 |                                                 |
| \\      /  F ield         | OpenFOAM: The Open Source CFD Toolbox           |
|  \\    /   O peration     | Version:  2.3.0                                 |
|   \\  /    A nd           | Web:      www.OpenFOAM.org                      |
|    \\/     M anipulation  |                                                 |
\*---------------------------------------------------------------------------*/
FoamFile
{
    version     2.0;
    format      ascii;
    class       labelList;
    location    "constant/polyMesh";
    object      faceProcAddressing;
}
// * * * * * * * * * * * * * * * * * * * * * * * * * * * * * * * * * * * * * //


6525
(
1440
1441
1442
1443
1444
1445
1446
1447
1448
1449
1450
1451
1452
1453
1454
1455
1456
1457
1458
1459
1460
1461
1462
1463
1464
1465
1466
1467
1468
1469
1470
1471
1472
1473
1474
1475
1476
1477
1479
3360
3361
3362
3363
3364
3365
3366
3367
3368
3369
3370
3371
3372
3373
3374
3375
3376
3377
3378
3379
3380
3381
3382
3383
3384
3385
3386
3387
3388
3389
3390
3391
3392
3393
3394
3395
3396
3397
3399
5280
5281
5282
5283
5284
5285
5286
5287
5288
5289
5290
5291
5292
5293
5294
5295
5296
5297
5298
5299
5300
5301
5302
5303
5304
5305
5306
5307
5308
5309
5310
5311
5312
5313
5314
5315
5316
5317
5319
7200
7201
7202
7203
7204
7205
7206
7207
7208
7209
7210
7211
7212
7213
7214
7215
7216
7217
7218
7219
7220
7221
7222
7223
7224
7225
7226
7227
7228
7229
7230
7231
7232
7233
7234
7235
7236
7237
7239
9120
9121
9122
9123
9124
9125
9126
9127
9128
9129
9130
9131
9132
9133
9134
9135
9136
9137
9138
9139
9140
9141
9142
9143
9144
9145
9146
9147
9148
9149
9150
9151
9152
9153
9154
9155
9156
9157
9159
11040
11041
11042
11043
11044
11045
11046
11047
11048
11049
11050
11051
11052
11053
11054
11055
11056
11057
11058
11059
11060
11061
11062
11063
11064
11065
11066
11067
11068
11069
11070
11071
11072
11073
11074
11075
11076
11077
11079
12960
12961
12962
12963
12964
12965
12966
12967
12968
12969
12970
12971
12972
12973
12974
12975
12976
12977
12978
12979
12980
12981
12982
12983
12984
12985
12986
12987
12988
12989
12990
12991
12992
12993
12994
12995
12996
12997
12999
14879
14880
14881
14882
14883
14884
14885
14886
14887
14888
14889
14890
14891
14892
14893
14894
14895
14896
14897
14898
14899
14900
14901
14902
14903
14904
14905
14906
14907
14908
14909
14910
14911
14912
14913
14914
14915
14916
14918
16798
16799
16800
16801
16802
16803
16804
16805
16806
16807
16808
16809
16810
16811
16812
16813
16814
16815
16816
16817
16818
16819
16820
16821
16822
16823
16824
16825
16826
16827
16828
16829
16830
16831
16832
16833
16834
16835
16837
18717
18718
18719
18720
18721
18722
18723
18724
18725
18726
18727
18728
18729
18730
18731
18732
18733
18734
18735
18736
18737
18738
18739
18740
18741
18742
18743
18744
18745
18746
18747
18748
18749
18750
18751
18752
18753
18754
18756
20636
20637
20638
20639
20640
20641
20642
20643
20644
20645
20646
20647
20648
20649
20650
20651
20652
20653
20654
20655
20656
20657
20658
20659
20660
20661
20662
20663
20664
20665
20666
20667
20668
20669
20670
20671
20672
20673
20675
22555
22556
22557
22558
22559
22560
22561
22562
22563
22564
22565
22566
22567
22568
22569
22570
22571
22572
22573
22574
22575
22576
22577
22578
22579
22580
22581
22582
22583
22584
22585
22586
22587
22588
22589
22590
22591
22592
22594
24474
24475
24476
24477
24478
24479
24480
24481
24482
24483
24484
24485
24486
24487
24488
24489
24490
24491
24492
24493
24494
24495
24496
24497
24498
24499
24500
24501
24502
24503
24504
24505
24506
24507
24508
24509
24510
24511
24513
26393
26394
26395
26396
26397
26398
26399
26400
26401
26402
26403
26404
26405
26406
26407
26408
26409
26410
26411
26412
26413
26414
26415
26416
26417
26418
26419
26420
26421
26422
26423
26424
26425
26426
26427
26428
26429
26430
26432
28312
28313
28314
28315
28316
28317
28318
28319
28320
28321
28322
28323
28324
28325
28326
28327
28328
28329
28330
28331
28332
28333
28334
28335
28336
28337
28338
28339
28340
28341
28342
28343
28344
28345
28346
28347
28348
28349
28351
30231
30232
30233
30234
30235
30236
30237
30238
30239
30240
30241
30242
30243
30244
30245
30246
30247
30248
30249
30250
30251
30252
30253
30254
30255
30256
30257
30258
30259
30260
30261
30262
30263
30264
30265
30266
30267
30268
30270
32150
32151
32152
32153
32154
32155
32156
32157
32158
32159
32160
32161
32162
32163
32164
32165
32166
32167
32168
32169
32170
32171
32172
32173
32174
32175
32176
32177
32178
32179
32180
32181
32182
32183
32184
32185
32186
32187
32189
34069
34070
34071
34072
34073
34074
34075
34076
34077
34078
34079
34080
34081
34082
34083
34084
34085
34086
34087
34088
34089
34090
34091
34092
34093
34094
34095
34096
34097
34098
34099
34100
34101
34102
34103
34104
34105
34106
34108
35988
35989
35990
35991
35992
35993
35994
35995
35996
35997
35998
35999
36000
36001
36002
36003
36004
36005
36006
36007
36008
36009
36010
36011
36012
36013
36014
36015
36016
36017
36018
36019
36020
36021
36022
36023
36024
36025
36027
37907
37908
37909
37910
37911
37912
37913
37914
37915
37916
37917
37918
37919
37920
37921
37922
37923
37924
37925
37926
37927
37928
37929
37930
37931
37932
37933
37934
37935
37936
37937
37938
37939
37940
37941
37942
37943
37944
37946
39826
39827
39828
39829
39830
39831
39832
39833
39834
39835
39836
39837
39838
39839
39840
39841
39842
39843
39844
39845
39846
39847
39848
39849
39850
39851
39852
39853
39854
39855
39856
39857
39858
39859
39860
39861
39862
39863
39865
41745
41746
41747
41748
41749
41750
41751
41752
41753
41754
41755
41756
41757
41758
41759
41760
41761
41762
41763
41764
41765
41766
41767
41768
41769
41770
41771
41772
41773
41774
41775
41776
41777
41778
41779
41780
41781
41782
41784
43664
43665
43666
43667
43668
43669
43670
43671
43672
43673
43674
43675
43676
43677
43678
43679
43680
43681
43682
43683
43684
43685
43686
43687
43688
43689
43690
43691
43692
43693
43694
43695
43696
43697
43698
43699
43700
43701
43703
45583
45584
45585
45586
45587
45588
45589
45590
45591
45592
45593
45594
45595
45596
45597
45598
45599
45600
45601
45602
45603
45604
45605
45606
45607
45608
45609
45610
45611
45612
45613
45614
45615
45616
45617
45618
45619
45620
45622
47502
47503
47504
47505
47506
47507
47508
47509
47510
47511
47512
47513
47514
47515
47516
47517
47518
47519
47520
47521
47522
47523
47524
47525
47526
47527
47528
47529
47530
47531
47532
47533
47534
47535
47536
47537
47538
47539
47541
49421
49422
49423
49424
49425
49426
49427
49428
49429
49430
49431
49432
49433
49434
49435
49436
49437
49438
49439
49440
49441
49442
49443
49444
49445
49446
49447
49448
49449
49450
49451
49452
49453
49454
49455
49456
49457
49458
49460
51340
51341
51342
51343
51344
51345
51346
51347
51348
51349
51350
51351
51352
51353
51354
51355
51356
51357
51358
51359
51360
51361
51362
51363
51364
51365
51366
51367
51368
51369
51370
51371
51372
51373
51374
51375
51376
51377
51379
53259
53260
53261
53262
53263
53264
53265
53266
53267
53268
53269
53270
53271
53272
53273
53274
53275
53276
53277
53278
53279
53280
53281
53282
53283
53284
53285
53286
53287
53288
53289
53290
53291
53292
53293
53294
53295
53296
53298
55176
55177
55178
55179
55180
55181
55182
55183
55184
55185
55186
55187
55188
55189
55190
55191
55192
55193
55194
55195
55196
55197
55198
55199
55200
55201
55202
55203
55204
55205
55206
55207
55208
55209
55210
55211
55212
55213
55214
55215
55217
57095
57096
57097
57098
57099
57100
57101
57102
57103
57104
57105
57106
57107
57108
57109
57110
57111
57112
57113
57114
57115
57116
57117
57118
57119
57120
57121
57122
57123
57124
57125
57126
57127
57128
57129
57130
57131
57132
57133
57134
57136
59014
59015
59016
59017
59018
59019
59020
59021
59022
59023
59024
59025
59026
59027
59028
59029
59030
59031
59032
59033
59034
59035
59036
59037
59038
59039
59040
59041
59042
59043
59044
59045
59046
59047
59048
59049
59050
59051
59052
59053
59055
60933
60934
60935
60936
60937
60938
60939
60940
60941
60942
60943
60944
60945
60946
60947
60948
60949
60950
60951
60952
60953
60954
60955
60956
60957
60958
60959
60960
60961
60962
60963
60964
60965
60966
60967
60968
60969
60970
60971
60972
60974
62852
62853
62854
62855
62856
62857
62858
62859
62860
62861
62862
62863
62864
62865
62866
62867
62868
62869
62870
62871
62872
62873
62874
62875
62876
62877
62878
62879
62880
62881
62882
62883
62884
62885
62886
62887
62888
62889
62890
62891
62893
64771
64772
64773
64774
64775
64776
64777
64778
64779
64780
64781
64782
64783
64784
64785
64786
64787
64788
64789
64790
64791
64792
64793
64794
64795
64796
64797
64798
64799
64800
64801
64802
64803
64804
64805
64806
64807
64808
64809
64810
64812
66690
66691
66692
66693
66694
66695
66696
66697
66698
66699
66700
66701
66702
66703
66704
66705
66706
66707
66708
66709
66710
66711
66712
66713
66714
66715
66716
66717
66718
66719
66720
66721
66722
66723
66724
66725
66726
66727
66728
66729
66731
68609
68610
68611
68612
68613
68614
68615
68616
68617
68618
68619
68620
68621
68622
68623
68624
68625
68626
68627
68628
68629
68630
68631
68632
68633
68634
68635
68636
68637
68638
68639
68640
68641
68642
68643
68644
68645
68646
68647
68648
68650
70528
70529
70530
70531
70532
70533
70534
70535
70536
70537
70538
70539
70540
70541
70542
70543
70544
70545
70546
70547
70548
70549
70550
70551
70552
70553
70554
70555
70556
70557
70558
70559
70560
70561
70562
70563
70564
70565
70566
70567
70569
72447
72448
72449
72450
72451
72452
72453
72454
72455
72456
72457
72458
72459
72460
72461
72462
72463
72464
72465
72466
72467
72468
72469
72470
72471
72472
72473
72474
72475
72476
72477
72478
72479
72480
72481
72482
72483
72484
72485
72486
72488
74366
74367
74368
74369
74370
74371
74372
74373
74374
74375
74376
74377
74378
74379
74380
74381
74382
74383
74384
74385
74386
74387
74388
74389
74390
74391
74392
74393
74394
74395
74396
74397
74398
74399
74400
74401
74402
74403
74404
74405
76286
76287
76288
76289
76290
76291
76292
76293
76294
76295
76296
76297
76298
76299
76300
76301
76302
76303
76304
76305
76306
76307
76308
76309
76310
76311
76312
76313
76314
76315
76316
76317
76318
76319
76320
76321
76322
76323
76325
78206
78207
78208
78209
78210
78211
78212
78213
78214
78215
78216
78217
78218
78219
78220
78221
78222
78223
78224
78225
78226
78227
78228
78229
78230
78231
78232
78233
78234
78235
78236
78237
78238
78239
78240
78241
78242
78243
78245
80126
80127
80128
80129
80130
80131
80132
80133
80134
80135
80136
80137
80138
80139
80140
80141
80142
80143
80144
80145
80146
80147
80148
80149
80150
80151
80152
80153
80154
80155
80156
80157
80158
80159
80160
80161
80162
80163
80165
82046
82047
82048
82049
82050
82051
82052
82053
82054
82055
82056
82057
82058
82059
82060
82061
82062
82063
82064
82065
82066
82067
82068
82069
82070
82071
82072
82073
82074
82075
82076
82077
82078
82079
82080
82081
82082
82083
82085
83966
83967
83968
83969
83970
83971
83972
83973
83974
83975
83976
83977
83978
83979
83980
83981
83982
83983
83984
83985
83986
83987
83988
83989
83990
83991
83992
83993
83994
83995
83996
83997
83998
83999
84000
84001
84002
84003
84005
85886
85887
85888
85889
85890
85891
85892
85893
85894
85895
85896
85897
85898
85899
85900
85901
85902
85903
85904
85905
85906
85907
85908
85909
85910
85911
85912
85913
85914
85915
85916
85917
85918
85919
85920
85921
85922
85923
85925
87806
87807
87808
87809
87810
87811
87812
87813
87814
87815
87816
87817
87818
87819
87820
87821
87822
87823
87824
87825
87826
87827
87828
87829
87830
87831
87832
87833
87834
87835
87836
87837
87838
87839
87840
87841
87842
87843
87845
89726
89727
89728
89729
89730
89731
89732
89733
89734
89735
89736
89737
89738
89739
89740
89741
89742
89743
89744
89745
89746
89747
89748
89749
89750
89751
89752
89753
89754
89755
89756
89757
89758
89759
89760
89761
89762
89763
89765
91646
91647
91648
91649
91650
91651
91652
91653
91654
91655
91656
91657
91658
91659
91660
91661
91662
91663
91664
91665
91666
91667
91668
91669
91670
91671
91672
91673
91674
91675
91676
91677
91678
91679
91680
91681
91682
91683
91685
93565
93566
93567
93568
93569
93570
93571
93572
93573
93574
93575
93576
93577
93578
93579
93580
93581
93582
93583
93584
93585
93586
93587
93588
93589
93590
93591
93592
93593
93594
93595
93596
93597
93598
93599
93600
93601
93602
93604
95484
95485
95486
95487
95488
95489
95490
95491
95492
95493
95494
95495
95496
95497
95498
95499
95500
95501
95502
95503
95504
95505
95506
95507
95508
95509
95510
95511
95512
95513
95514
95515
95516
95517
95518
95519
95520
95521
95523
97403
97404
97405
97406
97407
97408
97409
97410
97411
97412
97413
97414
97415
97416
97417
97418
97419
97420
97421
97422
97423
97424
97425
97426
97427
97428
97429
97430
97431
97432
97433
97434
97435
97436
97437
97438
97439
97440
97442
99322
99323
99324
99325
99326
99327
99328
99329
99330
99331
99332
99333
99334
99335
99336
99337
99338
99339
99340
99341
99342
99343
99344
99345
99346
99347
99348
99349
99350
99351
99352
99353
99354
99355
99356
99357
99358
99359
99361
101241
101242
101243
101244
101245
101246
101247
101248
101249
101250
101251
101252
101253
101254
101255
101256
101257
101258
101259
101260
101261
101262
101263
101264
101265
101266
101267
101268
101269
101270
101271
101272
101273
101274
101275
101276
101277
101278
101280
103160
103161
103162
103163
103164
103165
103166
103167
103168
103169
103170
103171
103172
103173
103174
103175
103176
103177
103178
103179
103180
103181
103182
103183
103184
103185
103186
103187
103188
103189
103190
103191
103192
103193
103194
103195
103196
103197
103199
105079
105080
105081
105082
105083
105084
105085
105086
105087
105088
105089
105090
105091
105092
105093
105094
105095
105096
105097
105098
105099
105100
105101
105102
105103
105104
105105
105106
105107
105108
105109
105110
105111
105112
105113
105114
105115
105116
105118
106998
106999
107000
107001
107002
107003
107004
107005
107006
107007
107008
107009
107010
107011
107012
107013
107014
107015
107016
107017
107018
107019
107020
107021
107022
107023
107024
107025
107026
107027
107028
107029
107030
107031
107032
107033
107034
107035
107037
108917
108918
108919
108920
108921
108922
108923
108924
108925
108926
108927
108928
108929
108930
108931
108932
108933
108934
108935
108936
108937
108938
108939
108940
108941
108942
108943
108944
108945
108946
108947
108948
108949
108950
108951
108952
108953
108954
108956
110836
110837
110838
110839
110840
110841
110842
110843
110844
110845
110846
110847
110848
110849
110850
110851
110852
110853
110854
110855
110856
110857
110858
110859
110860
110861
110862
110863
110864
110865
110866
110867
110868
110869
110870
110871
110872
110873
110875
112755
112756
112757
112758
112759
112760
112761
112762
112763
112764
112765
112766
112767
112768
112769
112770
112771
112772
112773
112774
112775
112776
112777
112778
112779
112780
112781
112782
112783
112784
112785
112786
112787
112788
112789
112790
112791
112792
112794
114674
114675
114676
114677
114678
114679
114680
114681
114682
114683
114684
114685
114686
114687
114688
114689
114690
114691
114692
114693
114694
114695
114696
114697
114698
114699
114700
114701
114702
114703
114704
114705
114706
114707
114708
114709
114710
114711
114713
116593
116594
116595
116596
116597
116598
116599
116600
116601
116602
116603
116604
116605
116606
116607
116608
116609
116610
116611
116612
116613
116614
116615
116616
116617
116618
116619
116620
116621
116622
116623
116624
116625
116626
116627
116628
116629
116630
116632
118512
118513
118514
118515
118516
118517
118518
118519
118520
118521
118522
118523
118524
118525
118526
118527
118528
118529
118530
118531
118532
118533
118534
118535
118536
118537
118538
118539
118540
118541
118542
118543
118544
118545
118546
118547
118548
118549
118551
120431
120432
120433
120434
120435
120436
120437
120438
120439
120440
120441
120442
120443
120444
120445
120446
120447
120448
120449
120450
120451
120452
120453
120454
120455
120456
120457
120458
120459
120460
120461
120462
120463
120464
120465
120466
120467
120468
120470
122350
122351
122352
122353
122354
122355
122356
122357
122358
122359
122360
122361
122362
122363
122364
122365
122366
122367
122368
122369
122370
122371
122372
122373
122374
122375
122376
122377
122378
122379
122380
122381
122382
122383
122384
122385
122386
122387
122389
124269
124270
124271
124272
124273
124274
124275
124276
124277
124278
124279
124280
124281
124282
124283
124284
124285
124286
124287
124288
124289
124290
124291
124292
124293
124294
124295
124296
124297
124298
124299
124300
124301
124302
124303
124304
124305
124306
124308
126188
126189
126190
126191
126192
126193
126194
126195
126196
126197
126198
126199
126200
126201
126202
126203
126204
126205
126206
126207
126208
126209
126210
126211
126212
126213
126214
126215
126216
126217
126218
126219
126220
126221
126222
126223
126224
126225
126227
128107
128108
128109
128110
128111
128112
128113
128114
128115
128116
128117
128118
128119
128120
128121
128122
128123
128124
128125
128126
128127
128128
128129
128130
128131
128132
128133
128134
128135
128136
128137
128138
128139
128140
128141
128142
128143
128144
128146
130026
130027
130028
130029
130030
130031
130032
130033
130034
130035
130036
130037
130038
130039
130040
130041
130042
130043
130044
130045
130046
130047
130048
130049
130050
130051
130052
130053
130054
130055
130056
130057
130058
130059
130060
130061
130062
130063
130065
131945
131946
131947
131948
131949
131950
131951
131952
131953
131954
131955
131956
131957
131958
131959
131960
131961
131962
131963
131964
131965
131966
131967
131968
131969
131970
131971
131972
131973
131974
131975
131976
131977
131978
131979
131980
131981
131982
131984
133864
133865
133866
133867
133868
133869
133870
133871
133872
133873
133874
133875
133876
133877
133878
133879
133880
133881
133882
133883
133884
133885
133886
133887
133888
133889
133890
133891
133892
133893
133894
133895
133896
133897
133898
133899
133900
133901
133903
135783
135784
135785
135786
135787
135788
135789
135790
135791
135792
135793
135794
135795
135796
135797
135798
135799
135800
135801
135802
135803
135804
135805
135806
135807
135808
135809
135810
135811
135812
135813
135814
135815
135816
135817
135818
135819
135820
135822
137702
137703
137704
137705
137706
137707
137708
137709
137710
137711
137712
137713
137714
137715
137716
137717
137718
137719
137720
137721
137722
137723
137724
137725
137726
137727
137728
137729
137730
137731
137732
137733
137734
137735
137736
137737
137738
137739
137741
139621
139622
139623
139624
139625
139626
139627
139628
139629
139630
139631
139632
139633
139634
139635
139636
139637
139638
139639
139640
139641
139642
139643
139644
139645
139646
139647
139648
139649
139650
139651
139652
139653
139654
139655
139656
139657
139658
139660
141540
141541
141542
141543
141544
141545
141546
141547
141548
141549
141550
141551
141552
141553
141554
141555
141556
141557
141558
141559
141560
141561
141562
141563
141564
141565
141566
141567
141568
141569
141570
141571
141572
141573
141574
141575
141576
141577
141579
143459
143460
143461
143462
143463
143464
143465
143466
143467
143468
143469
143470
143471
143472
143473
143474
143475
143476
143477
143478
143479
143480
143481
143482
143483
143484
143485
143486
143487
143488
143489
143490
143491
143492
143493
143494
143495
143496
143498
145378
145379
145380
145381
145382
145383
145384
145385
145386
145387
145388
145389
145390
145391
145392
145393
145394
145395
145396
145397
145398
145399
145400
145401
145402
145403
145404
145405
145406
145407
145408
145409
145410
145411
145412
145413
145414
145415
145417
147297
147298
147299
147300
147301
147302
147303
147304
147305
147306
147307
147308
147309
147310
147311
147312
147313
147314
147315
147316
147317
147318
147319
147320
147321
147322
147323
147324
147325
147326
147327
147328
147329
147330
147331
147332
147333
147334
147336
149216
149217
149218
149219
149220
149221
149222
149223
149224
149225
149226
149227
149228
149229
149230
149231
149232
149233
149234
149235
149236
149237
149238
149239
149240
149241
149242
149243
149244
149245
149246
149247
149248
149249
149250
149251
149252
149253
149255
151135
151136
151137
151138
151139
151140
151141
151142
151143
151144
151145
151146
151147
151148
151149
151150
151151
151152
151153
151154
151155
151156
151157
151158
151159
151160
151161
151162
151163
151164
151165
151166
151167
151168
151169
151170
151171
151172
151174
152336
152337
152338
152339
152340
152341
152342
152343
152344
152345
152346
152347
152348
152349
152350
152351
152352
152353
152354
154381
154382
154383
154384
154385
154386
154387
154388
154389
154390
154391
154392
154393
154394
154395
154396
154397
154398
154399
154400
155341
155342
155343
155344
155345
155346
155347
155348
155349
155350
155351
155352
155353
155354
155355
155356
155357
155358
155359
155360
156301
156302
156303
156304
156305
156306
156307
156308
156309
156310
156311
156312
156313
156314
156315
156316
156317
156318
156319
156320
157261
157262
157263
157264
157265
157266
157267
157268
157269
157270
157271
157272
157273
157274
157275
157276
157277
157278
157279
157280
158221
158222
158223
158224
158225
158226
158227
158228
158229
158230
158231
158232
158233
158234
158235
158236
158237
158238
158239
158240
159181
159182
159183
159184
159185
159186
159187
159188
159189
159190
159191
159192
159193
159194
159195
159196
159197
159198
159199
159200
160141
160142
160143
160144
160145
160146
160147
160148
160149
160150
160151
160152
160153
160154
160155
160156
160157
160158
160159
160160
161101
161102
161103
161104
161105
161106
161107
161108
161109
161110
161111
161112
161113
161114
161115
161116
161117
161118
161119
161120
162061
162062
162063
162064
162065
162066
162067
162068
162069
162070
162071
162072
162073
162074
162075
162076
162077
162078
162079
162080
163021
163022
163023
163024
163025
163026
163027
163028
163029
163030
163031
163032
163033
163034
163035
163036
163037
163038
163039
163040
163981
163982
163983
163984
163985
163986
163987
163988
163989
163990
163991
163992
163993
163994
163995
163996
163997
163998
163999
164000
164941
164942
164943
164944
164945
164946
164947
164948
164949
164950
164951
164952
164953
164954
164955
164956
164957
164958
164959
164960
165901
165902
165903
165904
165905
165906
165907
165908
165909
165910
165911
165912
165913
165914
165915
165916
165917
165918
165919
165920
166861
166862
166863
166864
166865
166866
166867
166868
166869
166870
166871
166872
166873
166874
166875
166876
166877
166878
166879
166880
167821
167822
167823
167824
167825
167826
167827
167828
167829
167830
167831
167832
167833
167834
167835
167836
167837
167838
167839
167840
168781
168782
168783
168784
168785
168786
168787
168788
168789
168790
168791
168792
168793
168794
168795
168796
168797
168798
168799
168800
169741
169742
169743
169744
169745
169746
169747
169748
169749
169750
169751
169752
169753
169754
169755
169756
169757
169758
169759
169760
170701
170702
170703
170704
170705
170706
170707
170708
170709
170710
170711
170712
170713
170714
170715
170716
170717
170718
170719
170720
171661
171662
171663
171664
171665
171666
171667
171668
171669
171670
171671
171672
171673
171674
171675
171676
171677
171678
171679
171680
172621
172622
172623
172624
172625
172626
172627
172628
172629
172630
172631
172632
172633
172634
172635
172636
172637
172638
172639
172640
173581
173582
173583
173584
173585
173586
173587
173588
173589
173590
173591
173592
173593
173594
173595
173596
173597
173598
173599
173600
174541
174542
174543
174544
174545
174546
174547
174548
174549
174550
174551
174552
174553
174554
174555
174556
174557
174558
174559
174560
175501
175502
175503
175504
175505
175506
175507
175508
175509
175510
175511
175512
175513
175514
175515
175516
175517
175518
175519
175520
176461
176462
176463
176464
176465
176466
176467
176468
176469
176470
176471
176472
176473
176474
176475
176476
176477
176478
176479
176480
177421
177422
177423
177424
177425
177426
177427
177428
177429
177430
177431
177432
177433
177434
177435
177436
177437
177438
177439
177440
178381
178382
178383
178384
178385
178386
178387
178388
178389
178390
178391
178392
178393
178394
178395
178396
178397
178398
178399
178400
179341
179342
179343
179344
179345
179346
179347
179348
179349
179350
179351
179352
179353
179354
179355
179356
179357
179358
179359
179360
180301
180302
180303
180304
180305
180306
180307
180308
180309
180310
180311
180312
180313
180314
180315
180316
180317
180318
180319
180320
181260
181261
181262
181263
181264
181265
181266
181267
181268
181269
181270
181271
181272
181273
181274
181275
181276
181277
181278
181279
181280
182220
182221
182222
182223
182224
182225
182226
182227
182228
182229
182230
182231
182232
182233
182234
182235
182236
182237
182238
182239
182240
183180
183181
183182
183183
183184
183185
183186
183187
183188
183189
183190
183191
183192
183193
183194
183195
183196
183197
183198
183199
183200
184140
184141
184142
184143
184144
184145
184146
184147
184148
184149
184150
184151
184152
184153
184154
184155
184156
184157
184158
184159
184160
185100
185101
185102
185103
185104
185105
185106
185107
185108
185109
185110
185111
185112
185113
185114
185115
185116
185117
185118
185119
185120
186060
186061
186062
186063
186064
186065
186066
186067
186068
186069
186070
186071
186072
186073
186074
186075
186076
186077
186078
186079
186080
187020
187021
187022
187023
187024
187025
187026
187027
187028
187029
187030
187031
187032
187033
187034
187035
187036
187037
187038
187039
187040
187980
187981
187982
187983
187984
187985
187986
187987
187988
187989
187990
187991
187992
187993
187994
187995
187996
187997
187998
187999
188000
188940
188941
188942
188943
188944
188945
188946
188947
188948
188949
188950
188951
188952
188953
188954
188955
188956
188957
188958
188959
188960
189900
189901
189902
189903
189904
189905
189906
189907
189908
189909
189910
189911
189912
189913
189914
189915
189916
189917
189918
189919
189920
190860
190861
190862
190863
190864
190865
190866
190867
190868
190869
190870
190871
190872
190873
190874
190875
190876
190877
190878
190879
190880
191820
191821
191822
191823
191824
191825
191826
191827
191828
191829
191830
191831
191832
191833
191834
191835
191836
191837
191838
191839
192780
192781
192782
192783
192784
192785
192786
192787
192788
192789
192790
192791
192792
192793
192794
192795
192796
192797
192798
192799
193740
193741
193742
193743
193744
193745
193746
193747
193748
193749
193750
193751
193752
193753
193754
193755
193756
193757
193758
193759
194700
194701
194702
194703
194704
194705
194706
194707
194708
194709
194710
194711
194712
194713
194714
194715
194716
194717
194718
194719
195660
195661
195662
195663
195664
195665
195666
195667
195668
195669
195670
195671
195672
195673
195674
195675
195676
195677
195678
195679
196620
196621
196622
196623
196624
196625
196626
196627
196628
196629
196630
196631
196632
196633
196634
196635
196636
196637
196638
196639
197580
197581
197582
197583
197584
197585
197586
197587
197588
197589
197590
197591
197592
197593
197594
197595
197596
197597
197598
197599
198540
198541
198542
198543
198544
198545
198546
198547
198548
198549
198550
198551
198552
198553
198554
198555
198556
198557
198558
198559
199500
199501
199502
199503
199504
199505
199506
199507
199508
199509
199510
199511
199512
199513
199514
199515
199516
199517
199518
199519
200460
200461
200462
200463
200464
200465
200466
200467
200468
200469
200470
200471
200472
200473
200474
200475
200476
200477
200478
200479
201420
201421
201422
201423
201424
201425
201426
201427
201428
201429
201430
201431
201432
201433
201434
201435
201436
201437
201438
201439
202380
202381
202382
202383
202384
202385
202386
202387
202388
202389
202390
202391
202392
202393
202394
202395
202396
202397
202398
202399
203340
203341
203342
203343
203344
203345
203346
203347
203348
203349
203350
203351
203352
203353
203354
203355
203356
203357
203358
203359
204300
204301
204302
204303
204304
204305
204306
204307
204308
204309
204310
204311
204312
204313
204314
204315
204316
204317
204318
204319
205260
205261
205262
205263
205264
205265
205266
205267
205268
205269
205270
205271
205272
205273
205274
205275
205276
205277
205278
205279
206220
206221
206222
206223
206224
206225
206226
206227
206228
206229
206230
206231
206232
206233
206234
206235
206236
206237
206238
206239
207180
207181
207182
207183
207184
207185
207186
207187
207188
207189
207190
207191
207192
207193
207194
207195
207196
207197
207198
207199
208140
208141
208142
208143
208144
208145
208146
208147
208148
208149
208150
208151
208152
208153
208154
208155
208156
208157
208158
208159
209100
209101
209102
209103
209104
209105
209106
209107
209108
209109
209110
209111
209112
209113
209114
209115
209116
209117
209118
209119
210060
210061
210062
210063
210064
210065
210066
210067
210068
210069
210070
210071
210072
210073
210074
210075
210076
210077
210078
210079
211020
211021
211022
211023
211024
211025
211026
211027
211028
211029
211030
211031
211032
211033
211034
211035
211036
211037
211038
211039
211980
211981
211982
211983
211984
211985
211986
211987
211988
211989
211990
211991
211992
211993
211994
211995
211996
211997
211998
211999
212940
212941
212942
212943
212944
212945
212946
212947
212948
212949
212950
212951
212952
212953
212954
212955
212956
212957
212958
212959
213900
213901
213902
213903
213904
213905
213906
213907
213908
213909
213910
213911
213912
213913
213914
213915
213916
213917
213918
213919
214860
214861
214862
214863
214864
214865
214866
214867
214868
214869
214870
214871
214872
214873
214874
214875
214876
214877
214878
214879
215820
215821
215822
215823
215824
215825
215826
215827
215828
215829
215830
215831
215832
215833
215834
215835
215836
215837
215838
215839
216780
216781
216782
216783
216784
216785
216786
216787
216788
216789
216790
216791
216792
216793
216794
216795
216796
216797
216798
216799
217740
217741
217742
217743
217744
217745
217746
217747
217748
217749
217750
217751
217752
217753
217754
217755
217756
217757
217758
217759
218700
218701
218702
218703
218704
218705
218706
218707
218708
218709
218710
218711
218712
218713
218714
218715
218716
218717
218718
218719
219660
219661
219662
219663
219664
219665
219666
219667
219668
219669
219670
219671
219672
219673
219674
219675
219676
219677
219678
219679
220620
220621
220622
220623
220624
220625
220626
220627
220628
220629
220630
220631
220632
220633
220634
220635
220636
220637
220638
220639
221580
221581
221582
221583
221584
221585
221586
221587
221588
221589
221590
221591
221592
221593
221594
221595
221596
221597
221598
221599
222540
222541
222542
222543
222544
222545
222546
222547
222548
222549
222550
222551
222552
222553
222554
222555
222556
222557
222558
222559
223500
223501
223502
223503
223504
223505
223506
223507
223508
223509
223510
223511
223512
223513
223514
223515
223516
223517
223518
223519
224460
224461
224462
224463
224464
224465
224466
224467
224468
224469
224470
224471
224472
224473
224474
224475
224476
224477
224478
224479
225420
225421
225422
225423
225424
225425
225426
225427
225428
225429
225430
225431
225432
225433
225434
225435
225436
225437
225438
225439
226380
226381
226382
226383
226384
226385
226386
226387
226388
226389
226390
226391
226392
226393
226394
226395
226396
226397
226398
226399
227340
227341
227342
227343
227344
227345
227346
227347
227348
227349
227350
227351
227352
227353
227354
227355
227356
227357
227358
227359
228300
228301
228302
228303
228304
228305
228306
228307
228308
228309
228310
228311
228312
228313
228314
228315
228316
228317
228318
228319
229260
229261
229262
229263
229264
229265
229266
229267
229268
229269
229270
229271
229272
229273
229274
229275
229276
229277
229278
229279
230220
230221
230222
230223
230224
230225
230226
230227
230228
230229
230230
230231
230232
230233
230234
230235
230236
230237
230238
230239
231718
231719
231720
231721
231722
231723
231724
231725
231726
231727
231728
231729
231730
231731
231732
231733
231734
231735
231736
231737
232678
232679
232680
232681
232682
232683
232684
232685
232686
232687
232688
232689
232690
232691
232692
232693
232694
232695
232696
232697
233638
233639
233640
233641
233642
233643
233644
233645
233646
233647
233648
233649
233650
233651
233652
233653
233654
233655
233656
233657
234598
234599
234600
234601
234602
234603
234604
234605
234606
234607
234608
234609
234610
234611
234612
234613
234614
234615
234616
234617
235558
235559
235560
235561
235562
235563
235564
235565
235566
235567
235568
235569
235570
235571
235572
235573
235574
235575
235576
235577
236518
236519
236520
236521
236522
236523
236524
236525
236526
236527
236528
236529
236530
236531
236532
236533
236534
236535
236536
236537
237478
237479
237480
237481
237482
237483
237484
237485
237486
237487
237488
237489
237490
237491
237492
237493
237494
237495
237496
237497
238438
238439
238440
238441
238442
238443
238444
238445
238446
238447
238448
238449
238450
238451
238452
238453
238454
238455
238456
238457
239398
239399
239400
239401
239402
239403
239404
239405
239406
239407
239408
239409
239410
239411
239412
239413
239414
239415
239416
239417
240358
240359
240360
240361
240362
240363
240364
240365
240366
240367
240368
240369
240370
240371
240372
240373
240374
240375
240376
240377
241318
241319
241320
241321
241322
241323
241324
241325
241326
241327
241328
241329
241330
241331
241332
241333
241334
241335
241336
241337
242278
242279
242280
242281
242282
242283
242284
242285
242286
242287
242288
242289
242290
242291
242292
242293
242294
242295
242296
242297
243238
243239
243240
243241
243242
243243
243244
243245
243246
243247
243248
243249
243250
243251
243252
243253
243254
243255
243256
243257
244198
244199
244200
244201
244202
244203
244204
244205
244206
244207
244208
244209
244210
244211
244212
244213
244214
244215
244216
244217
245158
245159
245160
245161
245162
245163
245164
245165
245166
245167
245168
245169
245170
245171
245172
245173
245174
245175
245176
245177
246118
246119
246120
246121
246122
246123
246124
246125
246126
246127
246128
246129
246130
246131
246132
246133
246134
246135
246136
246137
247078
247079
247080
247081
247082
247083
247084
247085
247086
247087
247088
247089
247090
247091
247092
247093
247094
247095
247096
247097
248038
248039
248040
248041
248042
248043
248044
248045
248046
248047
248048
248049
248050
248051
248052
248053
248054
248055
248056
248057
248998
248999
249000
249001
249002
249003
249004
249005
249006
249007
249008
249009
249010
249011
249012
249013
249014
249015
249016
249017
249958
249959
249960
249961
249962
249963
249964
249965
249966
249967
249968
249969
249970
249971
249972
249973
249974
249975
249976
249977
250918
250919
250920
250921
250922
250923
250924
250925
250926
250927
250928
250929
250930
250931
250932
250933
250934
250935
250936
250937
251878
251879
251880
251881
251882
251883
251884
251885
251886
251887
251888
251889
251890
251891
251892
251893
251894
251895
251896
251897
252838
252839
252840
252841
252842
252843
252844
252845
252846
252847
252848
252849
252850
252851
252852
252853
252854
252855
252856
252857
253798
253799
253800
253801
253802
253803
253804
253805
253806
253807
253808
253809
253810
253811
253812
253813
253814
253815
253816
253817
254758
254759
254760
254761
254762
254763
254764
254765
254766
254767
254768
254769
254770
254771
254772
254773
254774
254775
254776
254777
255718
255719
255720
255721
255722
255723
255724
255725
255726
255727
255728
255729
255730
255731
255732
255733
255734
255735
255736
255737
256678
256679
256680
256681
256682
256683
256684
256685
256686
256687
256688
256689
256690
256691
256692
256693
256694
256695
256696
256697
257638
257639
257640
257641
257642
257643
257644
257645
257646
257647
257648
257649
257650
257651
257652
257653
257654
257655
257656
257657
258597
258598
258599
258600
258601
258602
258603
258604
258605
258606
258607
258608
258609
258610
258611
258612
258613
258614
258615
258616
258617
259557
259558
259559
259560
259561
259562
259563
259564
259565
259566
259567
259568
259569
259570
259571
259572
259573
259574
259575
259576
259577
260517
260518
260519
260520
260521
260522
260523
260524
260525
260526
260527
260528
260529
260530
260531
260532
260533
260534
260535
260536
260537
261477
261478
261479
261480
261481
261482
261483
261484
261485
261486
261487
261488
261489
261490
261491
261492
261493
261494
261495
261496
261497
262437
262438
262439
262440
262441
262442
262443
262444
262445
262446
262447
262448
262449
262450
262451
262452
262453
262454
262455
262456
262457
263397
263398
263399
263400
263401
263402
263403
263404
263405
263406
263407
263408
263409
263410
263411
263412
263413
263414
263415
263416
263417
264357
264358
264359
264360
264361
264362
264363
264364
264365
264366
264367
264368
264369
264370
264371
264372
264373
264374
264375
264376
264377
265317
265318
265319
265320
265321
265322
265323
265324
265325
265326
265327
265328
265329
265330
265331
265332
265333
265334
265335
265336
265337
266277
266278
266279
266280
266281
266282
266283
266284
266285
266286
266287
266288
266289
266290
266291
266292
266293
266294
266295
266296
266297
267237
267238
267239
267240
267241
267242
267243
267244
267245
267246
267247
267248
267249
267250
267251
267252
267253
267254
267255
267256
267257
268197
268198
268199
268200
268201
268202
268203
268204
268205
268206
268207
268208
268209
268210
268211
268212
268213
268214
268215
268216
268217
269157
269158
269159
269160
269161
269162
269163
269164
269165
269166
269167
269168
269169
269170
269171
269172
269173
269174
269175
269176
270117
270118
270119
270120
270121
270122
270123
270124
270125
270126
270127
270128
270129
270130
270131
270132
270133
270134
270135
270136
271077
271078
271079
271080
271081
271082
271083
271084
271085
271086
271087
271088
271089
271090
271091
271092
271093
271094
271095
271096
272037
272038
272039
272040
272041
272042
272043
272044
272045
272046
272047
272048
272049
272050
272051
272052
272053
272054
272055
272056
272997
272998
272999
273000
273001
273002
273003
273004
273005
273006
273007
273008
273009
273010
273011
273012
273013
273014
273015
273016
273957
273958
273959
273960
273961
273962
273963
273964
273965
273966
273967
273968
273969
273970
273971
273972
273973
273974
273975
273976
274917
274918
274919
274920
274921
274922
274923
274924
274925
274926
274927
274928
274929
274930
274931
274932
274933
274934
274935
274936
275877
275878
275879
275880
275881
275882
275883
275884
275885
275886
275887
275888
275889
275890
275891
275892
275893
275894
275895
275896
276837
276838
276839
276840
276841
276842
276843
276844
276845
276846
276847
276848
276849
276850
276851
276852
276853
276854
276855
276856
277797
277798
277799
277800
277801
277802
277803
277804
277805
277806
277807
277808
277809
277810
277811
277812
277813
277814
277815
277816
278757
278758
278759
278760
278761
278762
278763
278764
278765
278766
278767
278768
278769
278770
278771
278772
278773
278774
278775
278776
279717
279718
279719
279720
279721
279722
279723
279724
279725
279726
279727
279728
279729
279730
279731
279732
279733
279734
279735
279736
280677
280678
280679
280680
280681
280682
280683
280684
280685
280686
280687
280688
280689
280690
280691
280692
280693
280694
280695
280696
281637
281638
281639
281640
281641
281642
281643
281644
281645
281646
281647
281648
281649
281650
281651
281652
281653
281654
281655
281656
282597
282598
282599
282600
282601
282602
282603
282604
282605
282606
282607
282608
282609
282610
282611
282612
282613
282614
282615
282616
283557
283558
283559
283560
283561
283562
283563
283564
283565
283566
283567
283568
283569
283570
283571
283572
283573
283574
283575
283576
284517
284518
284519
284520
284521
284522
284523
284524
284525
284526
284527
284528
284529
284530
284531
284532
284533
284534
284535
284536
285477
285478
285479
285480
285481
285482
285483
285484
285485
285486
285487
285488
285489
285490
285491
285492
285493
285494
285495
285496
286437
286438
286439
286440
286441
286442
286443
286444
286445
286446
286447
286448
286449
286450
286451
286452
286453
286454
286455
286456
287397
287398
287399
287400
287401
287402
287403
287404
287405
287406
287407
287408
287409
287410
287411
287412
287413
287414
287415
287416
288357
288358
288359
288360
288361
288362
288363
288364
288365
288366
288367
288368
288369
288370
288371
288372
288373
288374
288375
288376
289317
289318
289319
289320
289321
289322
289323
289324
289325
289326
289327
289328
289329
289330
289331
289332
289333
289334
289335
289336
290277
290278
290279
290280
290281
290282
290283
290284
290285
290286
290287
290288
290289
290290
290291
290292
290293
290294
290295
290296
291237
291238
291239
291240
291241
291242
291243
291244
291245
291246
291247
291248
291249
291250
291251
291252
291253
291254
291255
291256
292197
292198
292199
292200
292201
292202
292203
292204
292205
292206
292207
292208
292209
292210
292211
292212
292213
292214
292215
292216
293157
293158
293159
293160
293161
293162
293163
293164
293165
293166
293167
293168
293169
293170
293171
293172
293173
293174
293175
293176
294117
294118
294119
294120
294121
294122
294123
294124
294125
294126
294127
294128
294129
294130
294131
294132
294133
294134
294135
294136
295077
295078
295079
295080
295081
295082
295083
295084
295085
295086
295087
295088
295089
295090
295091
295092
295093
295094
295095
295096
296037
296038
296039
296040
296041
296042
296043
296044
296045
296046
296047
296048
296049
296050
296051
296052
296053
296054
296055
296056
296997
296998
296999
297000
297001
297002
297003
297004
297005
297006
297007
297008
297009
297010
297011
297012
297013
297014
297015
297016
297957
297958
297959
297960
297961
297962
297963
297964
297965
297966
297967
297968
297969
297970
297971
297972
297973
297974
297975
297976
298917
298918
298919
298920
298921
298922
298923
298924
298925
298926
298927
298928
298929
298930
298931
298932
298933
298934
298935
298936
299877
299878
299879
299880
299881
299882
299883
299884
299885
299886
299887
299888
299889
299890
299891
299892
299893
299894
299895
299896
300837
300838
300839
300840
300841
300842
300843
300844
300845
300846
300847
300848
300849
300850
300851
300852
300853
300854
300855
300856
301797
301798
301799
301800
301801
301802
301803
301804
301805
301806
301807
301808
301809
301810
301811
301812
301813
301814
301815
301816
302757
302758
302759
302760
302761
302762
302763
302764
302765
302766
302767
302768
302769
302770
302771
302772
302773
302774
302775
302776
303717
303718
303719
303720
303721
303722
303723
303724
303725
303726
303727
303728
303729
303730
303731
303732
303733
303734
303735
303736
304677
304678
304679
304680
304681
304682
304683
304684
304685
304686
304687
304688
304689
304690
304691
304692
304693
304694
304695
304696
305637
305638
305639
305640
305641
305642
305643
305644
305645
305646
305647
305648
305649
305650
305651
305652
305653
305654
305655
305656
306597
306598
306599
306600
306601
306602
306603
306604
306605
306606
306607
306608
306609
306610
306611
306612
306613
306614
306615
306616
307557
307558
307559
307560
307561
307562
307563
307564
307565
307566
307567
307568
307569
307570
307571
307572
307573
307574
307575
307576
309214
309215
309216
309217
309218
309219
309220
309221
309222
309223
309224
309225
309226
309227
309228
309229
309230
309231
309232
309233
-1438
-3358
-5278
-7198
-9118
-11038
-12958
-14877
-16796
-18715
-20634
-22553
-24472
-26391
-28310
-30229
-32148
-34067
-35986
-37905
-39824
-41743
-43662
-45581
-47500
-49419
-51338
-53257
-53258
-55174
-57093
-59012
-60931
-62850
-64769
-66688
-68607
-70526
-72445
-74364
-76284
-78204
-80124
-82044
-83964
-85884
-87804
-89724
-91644
-93563
-95482
-97401
-99320
-101239
-103158
-105077
-106996
-108915
-110834
-112753
-114672
-116591
-118510
-120429
-122348
-124267
-126186
-128105
-130024
-131943
-133862
-135781
-137700
-139619
-141538
-143457
-145376
-147295
-149214
-151133
-152335
1478
3398
5318
7238
9158
11078
12998
14917
16836
18755
20674
22593
24512
26431
28350
30269
32188
34107
36026
37945
39864
41783
43702
45621
47540
49459
51378
53297
55216
57135
59054
60973
62892
64811
66730
68649
70568
72487
74406
74407
76324
78244
80164
82084
84004
85924
87844
89764
91684
93603
95522
97441
99360
101279
103198
105117
107036
108955
110874
112793
114712
116631
118550
120469
122388
124307
126226
128145
130064
131983
133902
135821
137740
139659
141578
143497
145416
147335
149254
151173
152355
)


// ************************************************************************* //
