/*--------------------------------*- C++ -*----------------------------------*\
| =========                 |                                                 |
| \\      /  F ield         | OpenFOAM: The Open Source CFD Toolbox           |
|  \\    /   O peration     | Version:  2.3.0                                 |
|   \\  /    A nd           | Web:      www.OpenFOAM.org                      |
|    \\/     M anipulation  |                                                 |
\*---------------------------------------------------------------------------*/
FoamFile
{
    version     2.0;
    format      ascii;
    class       labelList;
    location    "constant/polyMesh";
    object      pointProcAddressing;
}
// * * * * * * * * * * * * * * * * * * * * * * * * * * * * * * * * * * * * * //


3405
(
719
720
721
722
723
724
725
726
727
728
729
730
731
732
733
734
735
736
737
738
739
1680
1681
1682
1683
1684
1685
1686
1687
1688
1689
1690
1691
1692
1693
1694
1695
1696
1697
1698
1699
1700
2641
2642
2643
2644
2645
2646
2647
2648
2649
2650
2651
2652
2653
2654
2655
2656
2657
2658
2659
2660
2661
3602
3603
3604
3605
3606
3607
3608
3609
3610
3611
3612
3613
3614
3615
3616
3617
3618
3619
3620
3621
3622
4563
4564
4565
4566
4567
4568
4569
4570
4571
4572
4573
4574
4575
4576
4577
4578
4579
4580
4581
4582
4583
5524
5525
5526
5527
5528
5529
5530
5531
5532
5533
5534
5535
5536
5537
5538
5539
5540
5541
5542
5543
5544
6485
6486
6487
6488
6489
6490
6491
6492
6493
6494
6495
6496
6497
6498
6499
6500
6501
6502
6503
6504
6505
7446
7447
7448
7449
7450
7451
7452
7453
7454
7455
7456
7457
7458
7459
7460
7461
7462
7463
7464
7465
7466
8407
8408
8409
8410
8411
8412
8413
8414
8415
8416
8417
8418
8419
8420
8421
8422
8423
8424
8425
8426
8427
9368
9369
9370
9371
9372
9373
9374
9375
9376
9377
9378
9379
9380
9381
9382
9383
9384
9385
9386
9387
9388
10329
10330
10331
10332
10333
10334
10335
10336
10337
10338
10339
10340
10341
10342
10343
10344
10345
10346
10347
10348
10349
11290
11291
11292
11293
11294
11295
11296
11297
11298
11299
11300
11301
11302
11303
11304
11305
11306
11307
11308
11309
11310
12251
12252
12253
12254
12255
12256
12257
12258
12259
12260
12261
12262
12263
12264
12265
12266
12267
12268
12269
12270
12271
13212
13213
13214
13215
13216
13217
13218
13219
13220
13221
13222
13223
13224
13225
13226
13227
13228
13229
13230
13231
13232
14173
14174
14175
14176
14177
14178
14179
14180
14181
14182
14183
14184
14185
14186
14187
14188
14189
14190
14191
14192
14193
15134
15135
15136
15137
15138
15139
15140
15141
15142
15143
15144
15145
15146
15147
15148
15149
15150
15151
15152
15153
15154
16095
16096
16097
16098
16099
16100
16101
16102
16103
16104
16105
16106
16107
16108
16109
16110
16111
16112
16113
16114
16115
17056
17057
17058
17059
17060
17061
17062
17063
17064
17065
17066
17067
17068
17069
17070
17071
17072
17073
17074
17075
17076
18017
18018
18019
18020
18021
18022
18023
18024
18025
18026
18027
18028
18029
18030
18031
18032
18033
18034
18035
18036
18037
18978
18979
18980
18981
18982
18983
18984
18985
18986
18987
18988
18989
18990
18991
18992
18993
18994
18995
18996
18997
18998
19939
19940
19941
19942
19943
19944
19945
19946
19947
19948
19949
19950
19951
19952
19953
19954
19955
19956
19957
19958
19959
20900
20901
20902
20903
20904
20905
20906
20907
20908
20909
20910
20911
20912
20913
20914
20915
20916
20917
20918
20919
20920
21861
21862
21863
21864
21865
21866
21867
21868
21869
21870
21871
21872
21873
21874
21875
21876
21877
21878
21879
21880
21881
22822
22823
22824
22825
22826
22827
22828
22829
22830
22831
22832
22833
22834
22835
22836
22837
22838
22839
22840
22841
22842
23783
23784
23785
23786
23787
23788
23789
23790
23791
23792
23793
23794
23795
23796
23797
23798
23799
23800
23801
23802
23803
24744
24745
24746
24747
24748
24749
24750
24751
24752
24753
24754
24755
24756
24757
24758
24759
24760
24761
24762
24763
24764
25705
25706
25707
25708
25709
25710
25711
25712
25713
25714
25715
25716
25717
25718
25719
25720
25721
25722
25723
25724
25725
26665
26666
26667
26668
26669
26670
26671
26672
26673
26674
26675
26676
26677
26678
26679
26680
26681
26682
26683
26684
26685
26686
27626
27627
27628
27629
27630
27631
27632
27633
27634
27635
27636
27637
27638
27639
27640
27641
27642
27643
27644
27645
27646
27647
28587
28588
28589
28590
28591
28592
28593
28594
28595
28596
28597
28598
28599
28600
28601
28602
28603
28604
28605
28606
28607
28608
29548
29549
29550
29551
29552
29553
29554
29555
29556
29557
29558
29559
29560
29561
29562
29563
29564
29565
29566
29567
29568
29569
30509
30510
30511
30512
30513
30514
30515
30516
30517
30518
30519
30520
30521
30522
30523
30524
30525
30526
30527
30528
30529
30530
31470
31471
31472
31473
31474
31475
31476
31477
31478
31479
31480
31481
31482
31483
31484
31485
31486
31487
31488
31489
31490
31491
32431
32432
32433
32434
32435
32436
32437
32438
32439
32440
32441
32442
32443
32444
32445
32446
32447
32448
32449
32450
32451
32452
33392
33393
33394
33395
33396
33397
33398
33399
33400
33401
33402
33403
33404
33405
33406
33407
33408
33409
33410
33411
33412
33413
34353
34354
34355
34356
34357
34358
34359
34360
34361
34362
34363
34364
34365
34366
34367
34368
34369
34370
34371
34372
34373
34374
35314
35315
35316
35317
35318
35319
35320
35321
35322
35323
35324
35325
35326
35327
35328
35329
35330
35331
35332
35333
35334
35335
36275
36276
36277
36278
36279
36280
36281
36282
36283
36284
36285
36286
36287
36288
36289
36290
36291
36292
36293
36294
36295
36296
37236
37237
37238
37239
37240
37241
37242
37243
37244
37245
37246
37247
37248
37249
37250
37251
37252
37253
37254
37255
37256
37257
38197
38198
38199
38200
38201
38202
38203
38204
38205
38206
38207
38208
38209
38210
38211
38212
38213
38214
38215
38216
38217
39158
39159
39160
39161
39162
39163
39164
39165
39166
39167
39168
39169
39170
39171
39172
39173
39174
39175
39176
39177
39178
40119
40120
40121
40122
40123
40124
40125
40126
40127
40128
40129
40130
40131
40132
40133
40134
40135
40136
40137
40138
40139
41080
41081
41082
41083
41084
41085
41086
41087
41088
41089
41090
41091
41092
41093
41094
41095
41096
41097
41098
41099
41100
42041
42042
42043
42044
42045
42046
42047
42048
42049
42050
42051
42052
42053
42054
42055
42056
42057
42058
42059
42060
42061
43002
43003
43004
43005
43006
43007
43008
43009
43010
43011
43012
43013
43014
43015
43016
43017
43018
43019
43020
43021
43022
43963
43964
43965
43966
43967
43968
43969
43970
43971
43972
43973
43974
43975
43976
43977
43978
43979
43980
43981
43982
43983
44924
44925
44926
44927
44928
44929
44930
44931
44932
44933
44934
44935
44936
44937
44938
44939
44940
44941
44942
44943
44944
45885
45886
45887
45888
45889
45890
45891
45892
45893
45894
45895
45896
45897
45898
45899
45900
45901
45902
45903
45904
45905
46846
46847
46848
46849
46850
46851
46852
46853
46854
46855
46856
46857
46858
46859
46860
46861
46862
46863
46864
46865
46866
47807
47808
47809
47810
47811
47812
47813
47814
47815
47816
47817
47818
47819
47820
47821
47822
47823
47824
47825
47826
47827
48768
48769
48770
48771
48772
48773
48774
48775
48776
48777
48778
48779
48780
48781
48782
48783
48784
48785
48786
48787
48788
49729
49730
49731
49732
49733
49734
49735
49736
49737
49738
49739
49740
49741
49742
49743
49744
49745
49746
49747
49748
49749
50690
50691
50692
50693
50694
50695
50696
50697
50698
50699
50700
50701
50702
50703
50704
50705
50706
50707
50708
50709
50710
51651
51652
51653
51654
51655
51656
51657
51658
51659
51660
51661
51662
51663
51664
51665
51666
51667
51668
51669
51670
51671
52612
52613
52614
52615
52616
52617
52618
52619
52620
52621
52622
52623
52624
52625
52626
52627
52628
52629
52630
52631
52632
53573
53574
53575
53576
53577
53578
53579
53580
53581
53582
53583
53584
53585
53586
53587
53588
53589
53590
53591
53592
53593
54534
54535
54536
54537
54538
54539
54540
54541
54542
54543
54544
54545
54546
54547
54548
54549
54550
54551
54552
54553
54554
55495
55496
55497
55498
55499
55500
55501
55502
55503
55504
55505
55506
55507
55508
55509
55510
55511
55512
55513
55514
55515
56456
56457
56458
56459
56460
56461
56462
56463
56464
56465
56466
56467
56468
56469
56470
56471
56472
56473
56474
56475
56476
57417
57418
57419
57420
57421
57422
57423
57424
57425
57426
57427
57428
57429
57430
57431
57432
57433
57434
57435
57436
57437
58378
58379
58380
58381
58382
58383
58384
58385
58386
58387
58388
58389
58390
58391
58392
58393
58394
58395
58396
58397
58398
59339
59340
59341
59342
59343
59344
59345
59346
59347
59348
59349
59350
59351
59352
59353
59354
59355
59356
59357
59358
59359
60300
60301
60302
60303
60304
60305
60306
60307
60308
60309
60310
60311
60312
60313
60314
60315
60316
60317
60318
60319
60320
61261
61262
61263
61264
61265
61266
61267
61268
61269
61270
61271
61272
61273
61274
61275
61276
61277
61278
61279
61280
61281
62222
62223
62224
62225
62226
62227
62228
62229
62230
62231
62232
62233
62234
62235
62236
62237
62238
62239
62240
62241
62242
63183
63184
63185
63186
63187
63188
63189
63190
63191
63192
63193
63194
63195
63196
63197
63198
63199
63200
63201
63202
63203
64144
64145
64146
64147
64148
64149
64150
64151
64152
64153
64154
64155
64156
64157
64158
64159
64160
64161
64162
64163
64164
65105
65106
65107
65108
65109
65110
65111
65112
65113
65114
65115
65116
65117
65118
65119
65120
65121
65122
65123
65124
65125
66066
66067
66068
66069
66070
66071
66072
66073
66074
66075
66076
66077
66078
66079
66080
66081
66082
66083
66084
66085
66086
67027
67028
67029
67030
67031
67032
67033
67034
67035
67036
67037
67038
67039
67040
67041
67042
67043
67044
67045
67046
67047
67988
67989
67990
67991
67992
67993
67994
67995
67996
67997
67998
67999
68000
68001
68002
68003
68004
68005
68006
68007
68008
68949
68950
68951
68952
68953
68954
68955
68956
68957
68958
68959
68960
68961
68962
68963
68964
68965
68966
68967
68968
68969
69910
69911
69912
69913
69914
69915
69916
69917
69918
69919
69920
69921
69922
69923
69924
69925
69926
69927
69928
69929
69930
70871
70872
70873
70874
70875
70876
70877
70878
70879
70880
70881
70882
70883
70884
70885
70886
70887
70888
70889
70890
70891
71832
71833
71834
71835
71836
71837
71838
71839
71840
71841
71842
71843
71844
71845
71846
71847
71848
71849
71850
71851
71852
72793
72794
72795
72796
72797
72798
72799
72800
72801
72802
72803
72804
72805
72806
72807
72808
72809
72810
72811
72812
72813
73754
73755
73756
73757
73758
73759
73760
73761
73762
73763
73764
73765
73766
73767
73768
73769
73770
73771
73772
73773
73774
74715
74716
74717
74718
74719
74720
74721
74722
74723
74724
74725
74726
74727
74728
74729
74730
74731
74732
74733
74734
74735
75676
75677
75678
75679
75680
75681
75682
75683
75684
75685
75686
75687
75688
75689
75690
75691
75692
75693
75694
75695
75696
76637
76638
76639
76640
76641
76642
76643
76644
76645
76646
76647
76648
76649
76650
76651
76652
76653
76654
76655
76656
76657
78163
78164
78165
78166
78167
78168
78169
78170
78171
78172
78173
78174
78175
78176
78177
78178
78179
78180
78181
78182
78183
79124
79125
79126
79127
79128
79129
79130
79131
79132
79133
79134
79135
79136
79137
79138
79139
79140
79141
79142
79143
79144
80085
80086
80087
80088
80089
80090
80091
80092
80093
80094
80095
80096
80097
80098
80099
80100
80101
80102
80103
80104
80105
81046
81047
81048
81049
81050
81051
81052
81053
81054
81055
81056
81057
81058
81059
81060
81061
81062
81063
81064
81065
81066
82007
82008
82009
82010
82011
82012
82013
82014
82015
82016
82017
82018
82019
82020
82021
82022
82023
82024
82025
82026
82027
82968
82969
82970
82971
82972
82973
82974
82975
82976
82977
82978
82979
82980
82981
82982
82983
82984
82985
82986
82987
82988
83929
83930
83931
83932
83933
83934
83935
83936
83937
83938
83939
83940
83941
83942
83943
83944
83945
83946
83947
83948
83949
84890
84891
84892
84893
84894
84895
84896
84897
84898
84899
84900
84901
84902
84903
84904
84905
84906
84907
84908
84909
84910
85851
85852
85853
85854
85855
85856
85857
85858
85859
85860
85861
85862
85863
85864
85865
85866
85867
85868
85869
85870
85871
86812
86813
86814
86815
86816
86817
86818
86819
86820
86821
86822
86823
86824
86825
86826
86827
86828
86829
86830
86831
86832
87773
87774
87775
87776
87777
87778
87779
87780
87781
87782
87783
87784
87785
87786
87787
87788
87789
87790
87791
87792
87793
88734
88735
88736
88737
88738
88739
88740
88741
88742
88743
88744
88745
88746
88747
88748
88749
88750
88751
88752
88753
88754
89695
89696
89697
89698
89699
89700
89701
89702
89703
89704
89705
89706
89707
89708
89709
89710
89711
89712
89713
89714
89715
90656
90657
90658
90659
90660
90661
90662
90663
90664
90665
90666
90667
90668
90669
90670
90671
90672
90673
90674
90675
90676
91617
91618
91619
91620
91621
91622
91623
91624
91625
91626
91627
91628
91629
91630
91631
91632
91633
91634
91635
91636
91637
92578
92579
92580
92581
92582
92583
92584
92585
92586
92587
92588
92589
92590
92591
92592
92593
92594
92595
92596
92597
92598
93539
93540
93541
93542
93543
93544
93545
93546
93547
93548
93549
93550
93551
93552
93553
93554
93555
93556
93557
93558
93559
94500
94501
94502
94503
94504
94505
94506
94507
94508
94509
94510
94511
94512
94513
94514
94515
94516
94517
94518
94519
94520
95461
95462
95463
95464
95465
95466
95467
95468
95469
95470
95471
95472
95473
95474
95475
95476
95477
95478
95479
95480
95481
96422
96423
96424
96425
96426
96427
96428
96429
96430
96431
96432
96433
96434
96435
96436
96437
96438
96439
96440
96441
96442
97383
97384
97385
97386
97387
97388
97389
97390
97391
97392
97393
97394
97395
97396
97397
97398
97399
97400
97401
97402
97403
98344
98345
98346
98347
98348
98349
98350
98351
98352
98353
98354
98355
98356
98357
98358
98359
98360
98361
98362
98363
98364
99305
99306
99307
99308
99309
99310
99311
99312
99313
99314
99315
99316
99317
99318
99319
99320
99321
99322
99323
99324
99325
100266
100267
100268
100269
100270
100271
100272
100273
100274
100275
100276
100277
100278
100279
100280
100281
100282
100283
100284
100285
100286
101227
101228
101229
101230
101231
101232
101233
101234
101235
101236
101237
101238
101239
101240
101241
101242
101243
101244
101245
101246
101247
102188
102189
102190
102191
102192
102193
102194
102195
102196
102197
102198
102199
102200
102201
102202
102203
102204
102205
102206
102207
102208
103149
103150
103151
103152
103153
103154
103155
103156
103157
103158
103159
103160
103161
103162
103163
103164
103165
103166
103167
103168
103169
104109
104110
104111
104112
104113
104114
104115
104116
104117
104118
104119
104120
104121
104122
104123
104124
104125
104126
104127
104128
104129
104130
105070
105071
105072
105073
105074
105075
105076
105077
105078
105079
105080
105081
105082
105083
105084
105085
105086
105087
105088
105089
105090
105091
106031
106032
106033
106034
106035
106036
106037
106038
106039
106040
106041
106042
106043
106044
106045
106046
106047
106048
106049
106050
106051
106052
106992
106993
106994
106995
106996
106997
106998
106999
107000
107001
107002
107003
107004
107005
107006
107007
107008
107009
107010
107011
107012
107013
107953
107954
107955
107956
107957
107958
107959
107960
107961
107962
107963
107964
107965
107966
107967
107968
107969
107970
107971
107972
107973
107974
108914
108915
108916
108917
108918
108919
108920
108921
108922
108923
108924
108925
108926
108927
108928
108929
108930
108931
108932
108933
108934
108935
109875
109876
109877
109878
109879
109880
109881
109882
109883
109884
109885
109886
109887
109888
109889
109890
109891
109892
109893
109894
109895
109896
110836
110837
110838
110839
110840
110841
110842
110843
110844
110845
110846
110847
110848
110849
110850
110851
110852
110853
110854
110855
110856
110857
111797
111798
111799
111800
111801
111802
111803
111804
111805
111806
111807
111808
111809
111810
111811
111812
111813
111814
111815
111816
111817
111818
112758
112759
112760
112761
112762
112763
112764
112765
112766
112767
112768
112769
112770
112771
112772
112773
112774
112775
112776
112777
112778
112779
113719
113720
113721
113722
113723
113724
113725
113726
113727
113728
113729
113730
113731
113732
113733
113734
113735
113736
113737
113738
113739
113740
114680
114681
114682
114683
114684
114685
114686
114687
114688
114689
114690
114691
114692
114693
114694
114695
114696
114697
114698
114699
114700
114701
115641
115642
115643
115644
115645
115646
115647
115648
115649
115650
115651
115652
115653
115654
115655
115656
115657
115658
115659
115660
115661
116602
116603
116604
116605
116606
116607
116608
116609
116610
116611
116612
116613
116614
116615
116616
116617
116618
116619
116620
116621
116622
117563
117564
117565
117566
117567
117568
117569
117570
117571
117572
117573
117574
117575
117576
117577
117578
117579
117580
117581
117582
117583
118524
118525
118526
118527
118528
118529
118530
118531
118532
118533
118534
118535
118536
118537
118538
118539
118540
118541
118542
118543
118544
119485
119486
119487
119488
119489
119490
119491
119492
119493
119494
119495
119496
119497
119498
119499
119500
119501
119502
119503
119504
119505
120446
120447
120448
120449
120450
120451
120452
120453
120454
120455
120456
120457
120458
120459
120460
120461
120462
120463
120464
120465
120466
121407
121408
121409
121410
121411
121412
121413
121414
121415
121416
121417
121418
121419
121420
121421
121422
121423
121424
121425
121426
121427
122368
122369
122370
122371
122372
122373
122374
122375
122376
122377
122378
122379
122380
122381
122382
122383
122384
122385
122386
122387
122388
123329
123330
123331
123332
123333
123334
123335
123336
123337
123338
123339
123340
123341
123342
123343
123344
123345
123346
123347
123348
123349
124290
124291
124292
124293
124294
124295
124296
124297
124298
124299
124300
124301
124302
124303
124304
124305
124306
124307
124308
124309
124310
125251
125252
125253
125254
125255
125256
125257
125258
125259
125260
125261
125262
125263
125264
125265
125266
125267
125268
125269
125270
125271
126212
126213
126214
126215
126216
126217
126218
126219
126220
126221
126222
126223
126224
126225
126226
126227
126228
126229
126230
126231
126232
127173
127174
127175
127176
127177
127178
127179
127180
127181
127182
127183
127184
127185
127186
127187
127188
127189
127190
127191
127192
127193
128134
128135
128136
128137
128138
128139
128140
128141
128142
128143
128144
128145
128146
128147
128148
128149
128150
128151
128152
128153
128154
129095
129096
129097
129098
129099
129100
129101
129102
129103
129104
129105
129106
129107
129108
129109
129110
129111
129112
129113
129114
129115
130056
130057
130058
130059
130060
130061
130062
130063
130064
130065
130066
130067
130068
130069
130070
130071
130072
130073
130074
130075
130076
131017
131018
131019
131020
131021
131022
131023
131024
131025
131026
131027
131028
131029
131030
131031
131032
131033
131034
131035
131036
131037
131978
131979
131980
131981
131982
131983
131984
131985
131986
131987
131988
131989
131990
131991
131992
131993
131994
131995
131996
131997
131998
132939
132940
132941
132942
132943
132944
132945
132946
132947
132948
132949
132950
132951
132952
132953
132954
132955
132956
132957
132958
132959
133900
133901
133902
133903
133904
133905
133906
133907
133908
133909
133910
133911
133912
133913
133914
133915
133916
133917
133918
133919
133920
134861
134862
134863
134864
134865
134866
134867
134868
134869
134870
134871
134872
134873
134874
134875
134876
134877
134878
134879
134880
134881
135822
135823
135824
135825
135826
135827
135828
135829
135830
135831
135832
135833
135834
135835
135836
135837
135838
135839
135840
135841
135842
136783
136784
136785
136786
136787
136788
136789
136790
136791
136792
136793
136794
136795
136796
136797
136798
136799
136800
136801
136802
136803
137744
137745
137746
137747
137748
137749
137750
137751
137752
137753
137754
137755
137756
137757
137758
137759
137760
137761
137762
137763
137764
138705
138706
138707
138708
138709
138710
138711
138712
138713
138714
138715
138716
138717
138718
138719
138720
138721
138722
138723
138724
138725
139666
139667
139668
139669
139670
139671
139672
139673
139674
139675
139676
139677
139678
139679
139680
139681
139682
139683
139684
139685
139686
140627
140628
140629
140630
140631
140632
140633
140634
140635
140636
140637
140638
140639
140640
140641
140642
140643
140644
140645
140646
140647
141588
141589
141590
141591
141592
141593
141594
141595
141596
141597
141598
141599
141600
141601
141602
141603
141604
141605
141606
141607
141608
142549
142550
142551
142552
142553
142554
142555
142556
142557
142558
142559
142560
142561
142562
142563
142564
142565
142566
142567
142568
142569
143510
143511
143512
143513
143514
143515
143516
143517
143518
143519
143520
143521
143522
143523
143524
143525
143526
143527
143528
143529
143530
144471
144472
144473
144474
144475
144476
144477
144478
144479
144480
144481
144482
144483
144484
144485
144486
144487
144488
144489
144490
144491
145432
145433
145434
145435
145436
145437
145438
145439
145440
145441
145442
145443
145444
145445
145446
145447
145448
145449
145450
145451
145452
146393
146394
146395
146396
146397
146398
146399
146400
146401
146402
146403
146404
146405
146406
146407
146408
146409
146410
146411
146412
146413
147354
147355
147356
147357
147358
147359
147360
147361
147362
147363
147364
147365
147366
147367
147368
147369
147370
147371
147372
147373
147374
148315
148316
148317
148318
148319
148320
148321
148322
148323
148324
148325
148326
148327
148328
148329
148330
148331
148332
148333
148334
148335
149276
149277
149278
149279
149280
149281
149282
149283
149284
149285
149286
149287
149288
149289
149290
149291
149292
149293
149294
149295
149296
150237
150238
150239
150240
150241
150242
150243
150244
150245
150246
150247
150248
150249
150250
150251
150252
150253
150254
150255
150256
150257
151198
151199
151200
151201
151202
151203
151204
151205
151206
151207
151208
151209
151210
151211
151212
151213
151214
151215
151216
151217
151218
152159
152160
152161
152162
152163
152164
152165
152166
152167
152168
152169
152170
152171
152172
152173
152174
152175
152176
152177
152178
152179
153120
153121
153122
153123
153124
153125
153126
153127
153128
153129
153130
153131
153132
153133
153134
153135
153136
153137
153138
153139
153140
154081
154082
154083
154084
154085
154086
154087
154088
154089
154090
154091
154092
154093
154094
154095
154096
154097
154098
154099
154100
154101
155649
155650
155651
155652
155653
155654
155655
155656
155657
155658
155659
155660
155661
155662
155663
155664
155665
155666
155667
155668
155669
)


// ************************************************************************* //
