/*--------------------------------*- C++ -*----------------------------------*\
| =========                 |                                                 |
| \\      /  F ield         | OpenFOAM: The Open Source CFD Toolbox           |
|  \\    /   O peration     | Version:  2.3.0                                 |
|   \\  /    A nd           | Web:      www.OpenFOAM.org                      |
|    \\/     M anipulation  |                                                 |
\*---------------------------------------------------------------------------*/
FoamFile
{
    version     2.0;
    format      ascii;
    class       labelList;
    location    "constant/polyMesh";
    object      faceProcAddressing;
}
// * * * * * * * * * * * * * * * * * * * * * * * * * * * * * * * * * * * * * //


6525
(
916
917
918
919
920
921
922
923
924
925
926
927
928
929
930
931
932
933
934
935
936
937
938
939
940
941
942
943
944
945
946
947
948
949
950
951
952
953
955
2836
2837
2838
2839
2840
2841
2842
2843
2844
2845
2846
2847
2848
2849
2850
2851
2852
2853
2854
2855
2856
2857
2858
2859
2860
2861
2862
2863
2864
2865
2866
2867
2868
2869
2870
2871
2872
2873
2875
4756
4757
4758
4759
4760
4761
4762
4763
4764
4765
4766
4767
4768
4769
4770
4771
4772
4773
4774
4775
4776
4777
4778
4779
4780
4781
4782
4783
4784
4785
4786
4787
4788
4789
4790
4791
4792
4793
4795
6676
6677
6678
6679
6680
6681
6682
6683
6684
6685
6686
6687
6688
6689
6690
6691
6692
6693
6694
6695
6696
6697
6698
6699
6700
6701
6702
6703
6704
6705
6706
6707
6708
6709
6710
6711
6712
6713
6715
8596
8597
8598
8599
8600
8601
8602
8603
8604
8605
8606
8607
8608
8609
8610
8611
8612
8613
8614
8615
8616
8617
8618
8619
8620
8621
8622
8623
8624
8625
8626
8627
8628
8629
8630
8631
8632
8633
8635
10516
10517
10518
10519
10520
10521
10522
10523
10524
10525
10526
10527
10528
10529
10530
10531
10532
10533
10534
10535
10536
10537
10538
10539
10540
10541
10542
10543
10544
10545
10546
10547
10548
10549
10550
10551
10552
10553
10555
12436
12437
12438
12439
12440
12441
12442
12443
12444
12445
12446
12447
12448
12449
12450
12451
12452
12453
12454
12455
12456
12457
12458
12459
12460
12461
12462
12463
12464
12465
12466
12467
12468
12469
12470
12471
12472
12473
12475
14355
14356
14357
14358
14359
14360
14361
14362
14363
14364
14365
14366
14367
14368
14369
14370
14371
14372
14373
14374
14375
14376
14377
14378
14379
14380
14381
14382
14383
14384
14385
14386
14387
14388
14389
14390
14391
14392
14394
16274
16275
16276
16277
16278
16279
16280
16281
16282
16283
16284
16285
16286
16287
16288
16289
16290
16291
16292
16293
16294
16295
16296
16297
16298
16299
16300
16301
16302
16303
16304
16305
16306
16307
16308
16309
16310
16311
16313
18193
18194
18195
18196
18197
18198
18199
18200
18201
18202
18203
18204
18205
18206
18207
18208
18209
18210
18211
18212
18213
18214
18215
18216
18217
18218
18219
18220
18221
18222
18223
18224
18225
18226
18227
18228
18229
18230
18232
20112
20113
20114
20115
20116
20117
20118
20119
20120
20121
20122
20123
20124
20125
20126
20127
20128
20129
20130
20131
20132
20133
20134
20135
20136
20137
20138
20139
20140
20141
20142
20143
20144
20145
20146
20147
20148
20149
20151
22031
22032
22033
22034
22035
22036
22037
22038
22039
22040
22041
22042
22043
22044
22045
22046
22047
22048
22049
22050
22051
22052
22053
22054
22055
22056
22057
22058
22059
22060
22061
22062
22063
22064
22065
22066
22067
22068
22070
23950
23951
23952
23953
23954
23955
23956
23957
23958
23959
23960
23961
23962
23963
23964
23965
23966
23967
23968
23969
23970
23971
23972
23973
23974
23975
23976
23977
23978
23979
23980
23981
23982
23983
23984
23985
23986
23987
23989
25869
25870
25871
25872
25873
25874
25875
25876
25877
25878
25879
25880
25881
25882
25883
25884
25885
25886
25887
25888
25889
25890
25891
25892
25893
25894
25895
25896
25897
25898
25899
25900
25901
25902
25903
25904
25905
25906
25908
27788
27789
27790
27791
27792
27793
27794
27795
27796
27797
27798
27799
27800
27801
27802
27803
27804
27805
27806
27807
27808
27809
27810
27811
27812
27813
27814
27815
27816
27817
27818
27819
27820
27821
27822
27823
27824
27825
27827
29707
29708
29709
29710
29711
29712
29713
29714
29715
29716
29717
29718
29719
29720
29721
29722
29723
29724
29725
29726
29727
29728
29729
29730
29731
29732
29733
29734
29735
29736
29737
29738
29739
29740
29741
29742
29743
29744
29746
31626
31627
31628
31629
31630
31631
31632
31633
31634
31635
31636
31637
31638
31639
31640
31641
31642
31643
31644
31645
31646
31647
31648
31649
31650
31651
31652
31653
31654
31655
31656
31657
31658
31659
31660
31661
31662
31663
31665
33545
33546
33547
33548
33549
33550
33551
33552
33553
33554
33555
33556
33557
33558
33559
33560
33561
33562
33563
33564
33565
33566
33567
33568
33569
33570
33571
33572
33573
33574
33575
33576
33577
33578
33579
33580
33581
33582
33584
35464
35465
35466
35467
35468
35469
35470
35471
35472
35473
35474
35475
35476
35477
35478
35479
35480
35481
35482
35483
35484
35485
35486
35487
35488
35489
35490
35491
35492
35493
35494
35495
35496
35497
35498
35499
35500
35501
35503
37383
37384
37385
37386
37387
37388
37389
37390
37391
37392
37393
37394
37395
37396
37397
37398
37399
37400
37401
37402
37403
37404
37405
37406
37407
37408
37409
37410
37411
37412
37413
37414
37415
37416
37417
37418
37419
37420
37422
39302
39303
39304
39305
39306
39307
39308
39309
39310
39311
39312
39313
39314
39315
39316
39317
39318
39319
39320
39321
39322
39323
39324
39325
39326
39327
39328
39329
39330
39331
39332
39333
39334
39335
39336
39337
39338
39339
39341
41221
41222
41223
41224
41225
41226
41227
41228
41229
41230
41231
41232
41233
41234
41235
41236
41237
41238
41239
41240
41241
41242
41243
41244
41245
41246
41247
41248
41249
41250
41251
41252
41253
41254
41255
41256
41257
41258
41260
43140
43141
43142
43143
43144
43145
43146
43147
43148
43149
43150
43151
43152
43153
43154
43155
43156
43157
43158
43159
43160
43161
43162
43163
43164
43165
43166
43167
43168
43169
43170
43171
43172
43173
43174
43175
43176
43177
43179
45059
45060
45061
45062
45063
45064
45065
45066
45067
45068
45069
45070
45071
45072
45073
45074
45075
45076
45077
45078
45079
45080
45081
45082
45083
45084
45085
45086
45087
45088
45089
45090
45091
45092
45093
45094
45095
45096
45098
46978
46979
46980
46981
46982
46983
46984
46985
46986
46987
46988
46989
46990
46991
46992
46993
46994
46995
46996
46997
46998
46999
47000
47001
47002
47003
47004
47005
47006
47007
47008
47009
47010
47011
47012
47013
47014
47015
47017
48897
48898
48899
48900
48901
48902
48903
48904
48905
48906
48907
48908
48909
48910
48911
48912
48913
48914
48915
48916
48917
48918
48919
48920
48921
48922
48923
48924
48925
48926
48927
48928
48929
48930
48931
48932
48933
48934
48936
50816
50817
50818
50819
50820
50821
50822
50823
50824
50825
50826
50827
50828
50829
50830
50831
50832
50833
50834
50835
50836
50837
50838
50839
50840
50841
50842
50843
50844
50845
50846
50847
50848
50849
50850
50851
50852
50853
50855
52735
52736
52737
52738
52739
52740
52741
52742
52743
52744
52745
52746
52747
52748
52749
52750
52751
52752
52753
52754
52755
52756
52757
52758
52759
52760
52761
52762
52763
52764
52765
52766
52767
52768
52769
52770
52771
52772
52774
54654
54655
54656
54657
54658
54659
54660
54661
54662
54663
54664
54665
54666
54667
54668
54669
54670
54671
54672
54673
54674
54675
54676
54677
54678
54679
54680
54681
54682
54683
54684
54685
54686
54687
54688
54689
54690
54691
54693
56573
56574
56575
56576
56577
56578
56579
56580
56581
56582
56583
56584
56585
56586
56587
56588
56589
56590
56591
56592
56593
56594
56595
56596
56597
56598
56599
56600
56601
56602
56603
56604
56605
56606
56607
56608
56609
56610
56612
58492
58493
58494
58495
58496
58497
58498
58499
58500
58501
58502
58503
58504
58505
58506
58507
58508
58509
58510
58511
58512
58513
58514
58515
58516
58517
58518
58519
58520
58521
58522
58523
58524
58525
58526
58527
58528
58529
58531
60411
60412
60413
60414
60415
60416
60417
60418
60419
60420
60421
60422
60423
60424
60425
60426
60427
60428
60429
60430
60431
60432
60433
60434
60435
60436
60437
60438
60439
60440
60441
60442
60443
60444
60445
60446
60447
60448
60450
62330
62331
62332
62333
62334
62335
62336
62337
62338
62339
62340
62341
62342
62343
62344
62345
62346
62347
62348
62349
62350
62351
62352
62353
62354
62355
62356
62357
62358
62359
62360
62361
62362
62363
62364
62365
62366
62367
62369
64249
64250
64251
64252
64253
64254
64255
64256
64257
64258
64259
64260
64261
64262
64263
64264
64265
64266
64267
64268
64269
64270
64271
64272
64273
64274
64275
64276
64277
64278
64279
64280
64281
64282
64283
64284
64285
64286
64288
66168
66169
66170
66171
66172
66173
66174
66175
66176
66177
66178
66179
66180
66181
66182
66183
66184
66185
66186
66187
66188
66189
66190
66191
66192
66193
66194
66195
66196
66197
66198
66199
66200
66201
66202
66203
66204
66205
66207
68087
68088
68089
68090
68091
68092
68093
68094
68095
68096
68097
68098
68099
68100
68101
68102
68103
68104
68105
68106
68107
68108
68109
68110
68111
68112
68113
68114
68115
68116
68117
68118
68119
68120
68121
68122
68123
68124
68126
70006
70007
70008
70009
70010
70011
70012
70013
70014
70015
70016
70017
70018
70019
70020
70021
70022
70023
70024
70025
70026
70027
70028
70029
70030
70031
70032
70033
70034
70035
70036
70037
70038
70039
70040
70041
70042
70043
70045
71925
71926
71927
71928
71929
71930
71931
71932
71933
71934
71935
71936
71937
71938
71939
71940
71941
71942
71943
71944
71945
71946
71947
71948
71949
71950
71951
71952
71953
71954
71955
71956
71957
71958
71959
71960
71961
71962
71964
73844
73845
73846
73847
73848
73849
73850
73851
73852
73853
73854
73855
73856
73857
73858
73859
73860
73861
73862
73863
73864
73865
73866
73867
73868
73869
73870
73871
73872
73873
73874
73875
73876
73877
73878
73879
73880
73881
73883
75764
75765
75766
75767
75768
75769
75770
75771
75772
75773
75774
75775
75776
75777
75778
75779
75780
75781
75782
75783
75784
75785
75786
75787
75788
75789
75790
75791
75792
75793
75794
75795
75796
75797
75798
75799
75800
75801
75803
77684
77685
77686
77687
77688
77689
77690
77691
77692
77693
77694
77695
77696
77697
77698
77699
77700
77701
77702
77703
77704
77705
77706
77707
77708
77709
77710
77711
77712
77713
77714
77715
77716
77717
77718
77719
77720
77721
77723
79604
79605
79606
79607
79608
79609
79610
79611
79612
79613
79614
79615
79616
79617
79618
79619
79620
79621
79622
79623
79624
79625
79626
79627
79628
79629
79630
79631
79632
79633
79634
79635
79636
79637
79638
79639
79640
79641
79643
81524
81525
81526
81527
81528
81529
81530
81531
81532
81533
81534
81535
81536
81537
81538
81539
81540
81541
81542
81543
81544
81545
81546
81547
81548
81549
81550
81551
81552
81553
81554
81555
81556
81557
81558
81559
81560
81561
81563
83444
83445
83446
83447
83448
83449
83450
83451
83452
83453
83454
83455
83456
83457
83458
83459
83460
83461
83462
83463
83464
83465
83466
83467
83468
83469
83470
83471
83472
83473
83474
83475
83476
83477
83478
83479
83480
83481
83483
85364
85365
85366
85367
85368
85369
85370
85371
85372
85373
85374
85375
85376
85377
85378
85379
85380
85381
85382
85383
85384
85385
85386
85387
85388
85389
85390
85391
85392
85393
85394
85395
85396
85397
85398
85399
85400
85401
85403
87282
87283
87284
87285
87286
87287
87288
87289
87290
87291
87292
87293
87294
87295
87296
87297
87298
87299
87300
87301
87302
87303
87304
87305
87306
87307
87308
87309
87310
87311
87312
87313
87314
87315
87316
87317
87318
87319
87320
87321
87323
89202
89203
89204
89205
89206
89207
89208
89209
89210
89211
89212
89213
89214
89215
89216
89217
89218
89219
89220
89221
89222
89223
89224
89225
89226
89227
89228
89229
89230
89231
89232
89233
89234
89235
89236
89237
89238
89239
89240
89241
89243
91122
91123
91124
91125
91126
91127
91128
91129
91130
91131
91132
91133
91134
91135
91136
91137
91138
91139
91140
91141
91142
91143
91144
91145
91146
91147
91148
91149
91150
91151
91152
91153
91154
91155
91156
91157
91158
91159
91160
91161
91163
93041
93042
93043
93044
93045
93046
93047
93048
93049
93050
93051
93052
93053
93054
93055
93056
93057
93058
93059
93060
93061
93062
93063
93064
93065
93066
93067
93068
93069
93070
93071
93072
93073
93074
93075
93076
93077
93078
93079
93080
93082
94960
94961
94962
94963
94964
94965
94966
94967
94968
94969
94970
94971
94972
94973
94974
94975
94976
94977
94978
94979
94980
94981
94982
94983
94984
94985
94986
94987
94988
94989
94990
94991
94992
94993
94994
94995
94996
94997
94998
94999
95001
96879
96880
96881
96882
96883
96884
96885
96886
96887
96888
96889
96890
96891
96892
96893
96894
96895
96896
96897
96898
96899
96900
96901
96902
96903
96904
96905
96906
96907
96908
96909
96910
96911
96912
96913
96914
96915
96916
96917
96918
96920
98798
98799
98800
98801
98802
98803
98804
98805
98806
98807
98808
98809
98810
98811
98812
98813
98814
98815
98816
98817
98818
98819
98820
98821
98822
98823
98824
98825
98826
98827
98828
98829
98830
98831
98832
98833
98834
98835
98836
98837
98839
100717
100718
100719
100720
100721
100722
100723
100724
100725
100726
100727
100728
100729
100730
100731
100732
100733
100734
100735
100736
100737
100738
100739
100740
100741
100742
100743
100744
100745
100746
100747
100748
100749
100750
100751
100752
100753
100754
100755
100756
100758
102636
102637
102638
102639
102640
102641
102642
102643
102644
102645
102646
102647
102648
102649
102650
102651
102652
102653
102654
102655
102656
102657
102658
102659
102660
102661
102662
102663
102664
102665
102666
102667
102668
102669
102670
102671
102672
102673
102674
102675
102677
104555
104556
104557
104558
104559
104560
104561
104562
104563
104564
104565
104566
104567
104568
104569
104570
104571
104572
104573
104574
104575
104576
104577
104578
104579
104580
104581
104582
104583
104584
104585
104586
104587
104588
104589
104590
104591
104592
104593
104594
104596
106474
106475
106476
106477
106478
106479
106480
106481
106482
106483
106484
106485
106486
106487
106488
106489
106490
106491
106492
106493
106494
106495
106496
106497
106498
106499
106500
106501
106502
106503
106504
106505
106506
106507
106508
106509
106510
106511
106512
106513
108393
108394
108395
108396
108397
108398
108399
108400
108401
108402
108403
108404
108405
108406
108407
108408
108409
108410
108411
108412
108413
108414
108415
108416
108417
108418
108419
108420
108421
108422
108423
108424
108425
108426
108427
108428
108429
108430
108432
110312
110313
110314
110315
110316
110317
110318
110319
110320
110321
110322
110323
110324
110325
110326
110327
110328
110329
110330
110331
110332
110333
110334
110335
110336
110337
110338
110339
110340
110341
110342
110343
110344
110345
110346
110347
110348
110349
110351
112231
112232
112233
112234
112235
112236
112237
112238
112239
112240
112241
112242
112243
112244
112245
112246
112247
112248
112249
112250
112251
112252
112253
112254
112255
112256
112257
112258
112259
112260
112261
112262
112263
112264
112265
112266
112267
112268
112270
114150
114151
114152
114153
114154
114155
114156
114157
114158
114159
114160
114161
114162
114163
114164
114165
114166
114167
114168
114169
114170
114171
114172
114173
114174
114175
114176
114177
114178
114179
114180
114181
114182
114183
114184
114185
114186
114187
114189
116069
116070
116071
116072
116073
116074
116075
116076
116077
116078
116079
116080
116081
116082
116083
116084
116085
116086
116087
116088
116089
116090
116091
116092
116093
116094
116095
116096
116097
116098
116099
116100
116101
116102
116103
116104
116105
116106
116108
117988
117989
117990
117991
117992
117993
117994
117995
117996
117997
117998
117999
118000
118001
118002
118003
118004
118005
118006
118007
118008
118009
118010
118011
118012
118013
118014
118015
118016
118017
118018
118019
118020
118021
118022
118023
118024
118025
118027
119907
119908
119909
119910
119911
119912
119913
119914
119915
119916
119917
119918
119919
119920
119921
119922
119923
119924
119925
119926
119927
119928
119929
119930
119931
119932
119933
119934
119935
119936
119937
119938
119939
119940
119941
119942
119943
119944
119946
121826
121827
121828
121829
121830
121831
121832
121833
121834
121835
121836
121837
121838
121839
121840
121841
121842
121843
121844
121845
121846
121847
121848
121849
121850
121851
121852
121853
121854
121855
121856
121857
121858
121859
121860
121861
121862
121863
121865
123745
123746
123747
123748
123749
123750
123751
123752
123753
123754
123755
123756
123757
123758
123759
123760
123761
123762
123763
123764
123765
123766
123767
123768
123769
123770
123771
123772
123773
123774
123775
123776
123777
123778
123779
123780
123781
123782
123784
125664
125665
125666
125667
125668
125669
125670
125671
125672
125673
125674
125675
125676
125677
125678
125679
125680
125681
125682
125683
125684
125685
125686
125687
125688
125689
125690
125691
125692
125693
125694
125695
125696
125697
125698
125699
125700
125701
125703
127583
127584
127585
127586
127587
127588
127589
127590
127591
127592
127593
127594
127595
127596
127597
127598
127599
127600
127601
127602
127603
127604
127605
127606
127607
127608
127609
127610
127611
127612
127613
127614
127615
127616
127617
127618
127619
127620
127622
129502
129503
129504
129505
129506
129507
129508
129509
129510
129511
129512
129513
129514
129515
129516
129517
129518
129519
129520
129521
129522
129523
129524
129525
129526
129527
129528
129529
129530
129531
129532
129533
129534
129535
129536
129537
129538
129539
129541
131421
131422
131423
131424
131425
131426
131427
131428
131429
131430
131431
131432
131433
131434
131435
131436
131437
131438
131439
131440
131441
131442
131443
131444
131445
131446
131447
131448
131449
131450
131451
131452
131453
131454
131455
131456
131457
131458
131460
133340
133341
133342
133343
133344
133345
133346
133347
133348
133349
133350
133351
133352
133353
133354
133355
133356
133357
133358
133359
133360
133361
133362
133363
133364
133365
133366
133367
133368
133369
133370
133371
133372
133373
133374
133375
133376
133377
133379
135259
135260
135261
135262
135263
135264
135265
135266
135267
135268
135269
135270
135271
135272
135273
135274
135275
135276
135277
135278
135279
135280
135281
135282
135283
135284
135285
135286
135287
135288
135289
135290
135291
135292
135293
135294
135295
135296
135298
137178
137179
137180
137181
137182
137183
137184
137185
137186
137187
137188
137189
137190
137191
137192
137193
137194
137195
137196
137197
137198
137199
137200
137201
137202
137203
137204
137205
137206
137207
137208
137209
137210
137211
137212
137213
137214
137215
137217
139097
139098
139099
139100
139101
139102
139103
139104
139105
139106
139107
139108
139109
139110
139111
139112
139113
139114
139115
139116
139117
139118
139119
139120
139121
139122
139123
139124
139125
139126
139127
139128
139129
139130
139131
139132
139133
139134
139136
141016
141017
141018
141019
141020
141021
141022
141023
141024
141025
141026
141027
141028
141029
141030
141031
141032
141033
141034
141035
141036
141037
141038
141039
141040
141041
141042
141043
141044
141045
141046
141047
141048
141049
141050
141051
141052
141053
141055
142935
142936
142937
142938
142939
142940
142941
142942
142943
142944
142945
142946
142947
142948
142949
142950
142951
142952
142953
142954
142955
142956
142957
142958
142959
142960
142961
142962
142963
142964
142965
142966
142967
142968
142969
142970
142971
142972
142974
144854
144855
144856
144857
144858
144859
144860
144861
144862
144863
144864
144865
144866
144867
144868
144869
144870
144871
144872
144873
144874
144875
144876
144877
144878
144879
144880
144881
144882
144883
144884
144885
144886
144887
144888
144889
144890
144891
144893
146773
146774
146775
146776
146777
146778
146779
146780
146781
146782
146783
146784
146785
146786
146787
146788
146789
146790
146791
146792
146793
146794
146795
146796
146797
146798
146799
146800
146801
146802
146803
146804
146805
146806
146807
146808
146809
146810
146812
148692
148693
148694
148695
148696
148697
148698
148699
148700
148701
148702
148703
148704
148705
148706
148707
148708
148709
148710
148711
148712
148713
148714
148715
148716
148717
148718
148719
148720
148721
148722
148723
148724
148725
148726
148727
148728
148729
148731
150611
150612
150613
150614
150615
150616
150617
150618
150619
150620
150621
150622
150623
150624
150625
150626
150627
150628
150629
150630
150631
150632
150633
150634
150635
150636
150637
150638
150639
150640
150641
150642
150643
150644
150645
150646
150647
150648
150650
152074
152075
152076
152077
152078
152079
152080
152081
152082
152083
152084
152085
152086
152087
152088
152089
152090
152091
152092
154119
154120
154121
154122
154123
154124
154125
154126
154127
154128
154129
154130
154131
154132
154133
154134
154135
154136
154137
154138
155079
155080
155081
155082
155083
155084
155085
155086
155087
155088
155089
155090
155091
155092
155093
155094
155095
155096
155097
155098
156039
156040
156041
156042
156043
156044
156045
156046
156047
156048
156049
156050
156051
156052
156053
156054
156055
156056
156057
156058
156999
157000
157001
157002
157003
157004
157005
157006
157007
157008
157009
157010
157011
157012
157013
157014
157015
157016
157017
157018
157959
157960
157961
157962
157963
157964
157965
157966
157967
157968
157969
157970
157971
157972
157973
157974
157975
157976
157977
157978
158919
158920
158921
158922
158923
158924
158925
158926
158927
158928
158929
158930
158931
158932
158933
158934
158935
158936
158937
158938
159879
159880
159881
159882
159883
159884
159885
159886
159887
159888
159889
159890
159891
159892
159893
159894
159895
159896
159897
159898
160839
160840
160841
160842
160843
160844
160845
160846
160847
160848
160849
160850
160851
160852
160853
160854
160855
160856
160857
160858
161799
161800
161801
161802
161803
161804
161805
161806
161807
161808
161809
161810
161811
161812
161813
161814
161815
161816
161817
161818
162759
162760
162761
162762
162763
162764
162765
162766
162767
162768
162769
162770
162771
162772
162773
162774
162775
162776
162777
162778
163719
163720
163721
163722
163723
163724
163725
163726
163727
163728
163729
163730
163731
163732
163733
163734
163735
163736
163737
163738
164679
164680
164681
164682
164683
164684
164685
164686
164687
164688
164689
164690
164691
164692
164693
164694
164695
164696
164697
164698
165639
165640
165641
165642
165643
165644
165645
165646
165647
165648
165649
165650
165651
165652
165653
165654
165655
165656
165657
165658
166599
166600
166601
166602
166603
166604
166605
166606
166607
166608
166609
166610
166611
166612
166613
166614
166615
166616
166617
166618
167559
167560
167561
167562
167563
167564
167565
167566
167567
167568
167569
167570
167571
167572
167573
167574
167575
167576
167577
167578
168519
168520
168521
168522
168523
168524
168525
168526
168527
168528
168529
168530
168531
168532
168533
168534
168535
168536
168537
168538
169479
169480
169481
169482
169483
169484
169485
169486
169487
169488
169489
169490
169491
169492
169493
169494
169495
169496
169497
169498
170439
170440
170441
170442
170443
170444
170445
170446
170447
170448
170449
170450
170451
170452
170453
170454
170455
170456
170457
170458
171399
171400
171401
171402
171403
171404
171405
171406
171407
171408
171409
171410
171411
171412
171413
171414
171415
171416
171417
171418
172359
172360
172361
172362
172363
172364
172365
172366
172367
172368
172369
172370
172371
172372
172373
172374
172375
172376
172377
172378
173319
173320
173321
173322
173323
173324
173325
173326
173327
173328
173329
173330
173331
173332
173333
173334
173335
173336
173337
173338
174279
174280
174281
174282
174283
174284
174285
174286
174287
174288
174289
174290
174291
174292
174293
174294
174295
174296
174297
174298
175239
175240
175241
175242
175243
175244
175245
175246
175247
175248
175249
175250
175251
175252
175253
175254
175255
175256
175257
175258
176199
176200
176201
176202
176203
176204
176205
176206
176207
176208
176209
176210
176211
176212
176213
176214
176215
176216
176217
176218
177159
177160
177161
177162
177163
177164
177165
177166
177167
177168
177169
177170
177171
177172
177173
177174
177175
177176
177177
177178
178119
178120
178121
178122
178123
178124
178125
178126
178127
178128
178129
178130
178131
178132
178133
178134
178135
178136
178137
178138
179079
179080
179081
179082
179083
179084
179085
179086
179087
179088
179089
179090
179091
179092
179093
179094
179095
179096
179097
179098
180039
180040
180041
180042
180043
180044
180045
180046
180047
180048
180049
180050
180051
180052
180053
180054
180055
180056
180057
180058
180999
181000
181001
181002
181003
181004
181005
181006
181007
181008
181009
181010
181011
181012
181013
181014
181015
181016
181017
181018
181959
181960
181961
181962
181963
181964
181965
181966
181967
181968
181969
181970
181971
181972
181973
181974
181975
181976
181977
181978
182919
182920
182921
182922
182923
182924
182925
182926
182927
182928
182929
182930
182931
182932
182933
182934
182935
182936
182937
182938
183879
183880
183881
183882
183883
183884
183885
183886
183887
183888
183889
183890
183891
183892
183893
183894
183895
183896
183897
183898
184839
184840
184841
184842
184843
184844
184845
184846
184847
184848
184849
184850
184851
184852
184853
184854
184855
184856
184857
184858
185799
185800
185801
185802
185803
185804
185805
185806
185807
185808
185809
185810
185811
185812
185813
185814
185815
185816
185817
185818
186759
186760
186761
186762
186763
186764
186765
186766
186767
186768
186769
186770
186771
186772
186773
186774
186775
186776
186777
186778
187719
187720
187721
187722
187723
187724
187725
187726
187727
187728
187729
187730
187731
187732
187733
187734
187735
187736
187737
187738
188679
188680
188681
188682
188683
188684
188685
188686
188687
188688
188689
188690
188691
188692
188693
188694
188695
188696
188697
188698
189639
189640
189641
189642
189643
189644
189645
189646
189647
189648
189649
189650
189651
189652
189653
189654
189655
189656
189657
189658
190599
190600
190601
190602
190603
190604
190605
190606
190607
190608
190609
190610
190611
190612
190613
190614
190615
190616
190617
190618
191559
191560
191561
191562
191563
191564
191565
191566
191567
191568
191569
191570
191571
191572
191573
191574
191575
191576
191577
191578
192519
192520
192521
192522
192523
192524
192525
192526
192527
192528
192529
192530
192531
192532
192533
192534
192535
192536
192537
192538
193479
193480
193481
193482
193483
193484
193485
193486
193487
193488
193489
193490
193491
193492
193493
193494
193495
193496
193497
193498
194439
194440
194441
194442
194443
194444
194445
194446
194447
194448
194449
194450
194451
194452
194453
194454
194455
194456
194457
194458
195399
195400
195401
195402
195403
195404
195405
195406
195407
195408
195409
195410
195411
195412
195413
195414
195415
195416
195417
195418
196359
196360
196361
196362
196363
196364
196365
196366
196367
196368
196369
196370
196371
196372
196373
196374
196375
196376
196377
196378
197318
197319
197320
197321
197322
197323
197324
197325
197326
197327
197328
197329
197330
197331
197332
197333
197334
197335
197336
197337
197338
198278
198279
198280
198281
198282
198283
198284
198285
198286
198287
198288
198289
198290
198291
198292
198293
198294
198295
198296
198297
198298
199238
199239
199240
199241
199242
199243
199244
199245
199246
199247
199248
199249
199250
199251
199252
199253
199254
199255
199256
199257
199258
200198
200199
200200
200201
200202
200203
200204
200205
200206
200207
200208
200209
200210
200211
200212
200213
200214
200215
200216
200217
200218
201158
201159
201160
201161
201162
201163
201164
201165
201166
201167
201168
201169
201170
201171
201172
201173
201174
201175
201176
201177
201178
202118
202119
202120
202121
202122
202123
202124
202125
202126
202127
202128
202129
202130
202131
202132
202133
202134
202135
202136
202137
202138
203078
203079
203080
203081
203082
203083
203084
203085
203086
203087
203088
203089
203090
203091
203092
203093
203094
203095
203096
203097
203098
204038
204039
204040
204041
204042
204043
204044
204045
204046
204047
204048
204049
204050
204051
204052
204053
204054
204055
204056
204057
204058
204998
204999
205000
205001
205002
205003
205004
205005
205006
205007
205008
205009
205010
205011
205012
205013
205014
205015
205016
205017
205018
205958
205959
205960
205961
205962
205963
205964
205965
205966
205967
205968
205969
205970
205971
205972
205973
205974
205975
205976
205977
205978
206918
206919
206920
206921
206922
206923
206924
206925
206926
206927
206928
206929
206930
206931
206932
206933
206934
206935
206936
206937
206938
207878
207879
207880
207881
207882
207883
207884
207885
207886
207887
207888
207889
207890
207891
207892
207893
207894
207895
207896
207897
208838
208839
208840
208841
208842
208843
208844
208845
208846
208847
208848
208849
208850
208851
208852
208853
208854
208855
208856
208857
209798
209799
209800
209801
209802
209803
209804
209805
209806
209807
209808
209809
209810
209811
209812
209813
209814
209815
209816
209817
210758
210759
210760
210761
210762
210763
210764
210765
210766
210767
210768
210769
210770
210771
210772
210773
210774
210775
210776
210777
211718
211719
211720
211721
211722
211723
211724
211725
211726
211727
211728
211729
211730
211731
211732
211733
211734
211735
211736
211737
212678
212679
212680
212681
212682
212683
212684
212685
212686
212687
212688
212689
212690
212691
212692
212693
212694
212695
212696
212697
213638
213639
213640
213641
213642
213643
213644
213645
213646
213647
213648
213649
213650
213651
213652
213653
213654
213655
213656
213657
214598
214599
214600
214601
214602
214603
214604
214605
214606
214607
214608
214609
214610
214611
214612
214613
214614
214615
214616
214617
215558
215559
215560
215561
215562
215563
215564
215565
215566
215567
215568
215569
215570
215571
215572
215573
215574
215575
215576
215577
216518
216519
216520
216521
216522
216523
216524
216525
216526
216527
216528
216529
216530
216531
216532
216533
216534
216535
216536
216537
217478
217479
217480
217481
217482
217483
217484
217485
217486
217487
217488
217489
217490
217491
217492
217493
217494
217495
217496
217497
218438
218439
218440
218441
218442
218443
218444
218445
218446
218447
218448
218449
218450
218451
218452
218453
218454
218455
218456
218457
219398
219399
219400
219401
219402
219403
219404
219405
219406
219407
219408
219409
219410
219411
219412
219413
219414
219415
219416
219417
220358
220359
220360
220361
220362
220363
220364
220365
220366
220367
220368
220369
220370
220371
220372
220373
220374
220375
220376
220377
221318
221319
221320
221321
221322
221323
221324
221325
221326
221327
221328
221329
221330
221331
221332
221333
221334
221335
221336
221337
222278
222279
222280
222281
222282
222283
222284
222285
222286
222287
222288
222289
222290
222291
222292
222293
222294
222295
222296
222297
223238
223239
223240
223241
223242
223243
223244
223245
223246
223247
223248
223249
223250
223251
223252
223253
223254
223255
223256
223257
224198
224199
224200
224201
224202
224203
224204
224205
224206
224207
224208
224209
224210
224211
224212
224213
224214
224215
224216
224217
225158
225159
225160
225161
225162
225163
225164
225165
225166
225167
225168
225169
225170
225171
225172
225173
225174
225175
225176
225177
226118
226119
226120
226121
226122
226123
226124
226125
226126
226127
226128
226129
226130
226131
226132
226133
226134
226135
226136
226137
227078
227079
227080
227081
227082
227083
227084
227085
227086
227087
227088
227089
227090
227091
227092
227093
227094
227095
227096
227097
228038
228039
228040
228041
228042
228043
228044
228045
228046
228047
228048
228049
228050
228051
228052
228053
228054
228055
228056
228057
228998
228999
229000
229001
229002
229003
229004
229005
229006
229007
229008
229009
229010
229011
229012
229013
229014
229015
229016
229017
229958
229959
229960
229961
229962
229963
229964
229965
229966
229967
229968
229969
229970
229971
229972
229973
229974
229975
229976
229977
231456
231457
231458
231459
231460
231461
231462
231463
231464
231465
231466
231467
231468
231469
231470
231471
231472
231473
231474
231475
232416
232417
232418
232419
232420
232421
232422
232423
232424
232425
232426
232427
232428
232429
232430
232431
232432
232433
232434
232435
233376
233377
233378
233379
233380
233381
233382
233383
233384
233385
233386
233387
233388
233389
233390
233391
233392
233393
233394
233395
234336
234337
234338
234339
234340
234341
234342
234343
234344
234345
234346
234347
234348
234349
234350
234351
234352
234353
234354
234355
235296
235297
235298
235299
235300
235301
235302
235303
235304
235305
235306
235307
235308
235309
235310
235311
235312
235313
235314
235315
236256
236257
236258
236259
236260
236261
236262
236263
236264
236265
236266
236267
236268
236269
236270
236271
236272
236273
236274
236275
237216
237217
237218
237219
237220
237221
237222
237223
237224
237225
237226
237227
237228
237229
237230
237231
237232
237233
237234
237235
238176
238177
238178
238179
238180
238181
238182
238183
238184
238185
238186
238187
238188
238189
238190
238191
238192
238193
238194
238195
239136
239137
239138
239139
239140
239141
239142
239143
239144
239145
239146
239147
239148
239149
239150
239151
239152
239153
239154
239155
240096
240097
240098
240099
240100
240101
240102
240103
240104
240105
240106
240107
240108
240109
240110
240111
240112
240113
240114
240115
241056
241057
241058
241059
241060
241061
241062
241063
241064
241065
241066
241067
241068
241069
241070
241071
241072
241073
241074
241075
242016
242017
242018
242019
242020
242021
242022
242023
242024
242025
242026
242027
242028
242029
242030
242031
242032
242033
242034
242035
242976
242977
242978
242979
242980
242981
242982
242983
242984
242985
242986
242987
242988
242989
242990
242991
242992
242993
242994
242995
243936
243937
243938
243939
243940
243941
243942
243943
243944
243945
243946
243947
243948
243949
243950
243951
243952
243953
243954
243955
244896
244897
244898
244899
244900
244901
244902
244903
244904
244905
244906
244907
244908
244909
244910
244911
244912
244913
244914
244915
245856
245857
245858
245859
245860
245861
245862
245863
245864
245865
245866
245867
245868
245869
245870
245871
245872
245873
245874
245875
246816
246817
246818
246819
246820
246821
246822
246823
246824
246825
246826
246827
246828
246829
246830
246831
246832
246833
246834
246835
247776
247777
247778
247779
247780
247781
247782
247783
247784
247785
247786
247787
247788
247789
247790
247791
247792
247793
247794
247795
248736
248737
248738
248739
248740
248741
248742
248743
248744
248745
248746
248747
248748
248749
248750
248751
248752
248753
248754
248755
249696
249697
249698
249699
249700
249701
249702
249703
249704
249705
249706
249707
249708
249709
249710
249711
249712
249713
249714
249715
250656
250657
250658
250659
250660
250661
250662
250663
250664
250665
250666
250667
250668
250669
250670
250671
250672
250673
250674
250675
251616
251617
251618
251619
251620
251621
251622
251623
251624
251625
251626
251627
251628
251629
251630
251631
251632
251633
251634
251635
252576
252577
252578
252579
252580
252581
252582
252583
252584
252585
252586
252587
252588
252589
252590
252591
252592
252593
252594
252595
253536
253537
253538
253539
253540
253541
253542
253543
253544
253545
253546
253547
253548
253549
253550
253551
253552
253553
253554
253555
254496
254497
254498
254499
254500
254501
254502
254503
254504
254505
254506
254507
254508
254509
254510
254511
254512
254513
254514
254515
255456
255457
255458
255459
255460
255461
255462
255463
255464
255465
255466
255467
255468
255469
255470
255471
255472
255473
255474
255475
256416
256417
256418
256419
256420
256421
256422
256423
256424
256425
256426
256427
256428
256429
256430
256431
256432
256433
256434
256435
257376
257377
257378
257379
257380
257381
257382
257383
257384
257385
257386
257387
257388
257389
257390
257391
257392
257393
257394
257395
258336
258337
258338
258339
258340
258341
258342
258343
258344
258345
258346
258347
258348
258349
258350
258351
258352
258353
258354
258355
259296
259297
259298
259299
259300
259301
259302
259303
259304
259305
259306
259307
259308
259309
259310
259311
259312
259313
259314
259315
260256
260257
260258
260259
260260
260261
260262
260263
260264
260265
260266
260267
260268
260269
260270
260271
260272
260273
260274
260275
261216
261217
261218
261219
261220
261221
261222
261223
261224
261225
261226
261227
261228
261229
261230
261231
261232
261233
261234
261235
262176
262177
262178
262179
262180
262181
262182
262183
262184
262185
262186
262187
262188
262189
262190
262191
262192
262193
262194
262195
263136
263137
263138
263139
263140
263141
263142
263143
263144
263145
263146
263147
263148
263149
263150
263151
263152
263153
263154
263155
264096
264097
264098
264099
264100
264101
264102
264103
264104
264105
264106
264107
264108
264109
264110
264111
264112
264113
264114
264115
265056
265057
265058
265059
265060
265061
265062
265063
265064
265065
265066
265067
265068
265069
265070
265071
265072
265073
265074
265075
266016
266017
266018
266019
266020
266021
266022
266023
266024
266025
266026
266027
266028
266029
266030
266031
266032
266033
266034
266035
266976
266977
266978
266979
266980
266981
266982
266983
266984
266985
266986
266987
266988
266989
266990
266991
266992
266993
266994
266995
267936
267937
267938
267939
267940
267941
267942
267943
267944
267945
267946
267947
267948
267949
267950
267951
267952
267953
267954
267955
268896
268897
268898
268899
268900
268901
268902
268903
268904
268905
268906
268907
268908
268909
268910
268911
268912
268913
268914
268915
269856
269857
269858
269859
269860
269861
269862
269863
269864
269865
269866
269867
269868
269869
269870
269871
269872
269873
269874
269875
270816
270817
270818
270819
270820
270821
270822
270823
270824
270825
270826
270827
270828
270829
270830
270831
270832
270833
270834
270835
271776
271777
271778
271779
271780
271781
271782
271783
271784
271785
271786
271787
271788
271789
271790
271791
271792
271793
271794
271795
272736
272737
272738
272739
272740
272741
272742
272743
272744
272745
272746
272747
272748
272749
272750
272751
272752
272753
272754
272755
273696
273697
273698
273699
273700
273701
273702
273703
273704
273705
273706
273707
273708
273709
273710
273711
273712
273713
273714
273715
274655
274656
274657
274658
274659
274660
274661
274662
274663
274664
274665
274666
274667
274668
274669
274670
274671
274672
274673
274674
274675
275615
275616
275617
275618
275619
275620
275621
275622
275623
275624
275625
275626
275627
275628
275629
275630
275631
275632
275633
275634
275635
276575
276576
276577
276578
276579
276580
276581
276582
276583
276584
276585
276586
276587
276588
276589
276590
276591
276592
276593
276594
276595
277535
277536
277537
277538
277539
277540
277541
277542
277543
277544
277545
277546
277547
277548
277549
277550
277551
277552
277553
277554
277555
278495
278496
278497
278498
278499
278500
278501
278502
278503
278504
278505
278506
278507
278508
278509
278510
278511
278512
278513
278514
278515
279455
279456
279457
279458
279459
279460
279461
279462
279463
279464
279465
279466
279467
279468
279469
279470
279471
279472
279473
279474
279475
280415
280416
280417
280418
280419
280420
280421
280422
280423
280424
280425
280426
280427
280428
280429
280430
280431
280432
280433
280434
280435
281375
281376
281377
281378
281379
281380
281381
281382
281383
281384
281385
281386
281387
281388
281389
281390
281391
281392
281393
281394
281395
282335
282336
282337
282338
282339
282340
282341
282342
282343
282344
282345
282346
282347
282348
282349
282350
282351
282352
282353
282354
282355
283295
283296
283297
283298
283299
283300
283301
283302
283303
283304
283305
283306
283307
283308
283309
283310
283311
283312
283313
283314
283315
284255
284256
284257
284258
284259
284260
284261
284262
284263
284264
284265
284266
284267
284268
284269
284270
284271
284272
284273
284274
284275
285215
285216
285217
285218
285219
285220
285221
285222
285223
285224
285225
285226
285227
285228
285229
285230
285231
285232
285233
285234
286175
286176
286177
286178
286179
286180
286181
286182
286183
286184
286185
286186
286187
286188
286189
286190
286191
286192
286193
286194
287135
287136
287137
287138
287139
287140
287141
287142
287143
287144
287145
287146
287147
287148
287149
287150
287151
287152
287153
287154
288095
288096
288097
288098
288099
288100
288101
288102
288103
288104
288105
288106
288107
288108
288109
288110
288111
288112
288113
288114
289055
289056
289057
289058
289059
289060
289061
289062
289063
289064
289065
289066
289067
289068
289069
289070
289071
289072
289073
289074
290015
290016
290017
290018
290019
290020
290021
290022
290023
290024
290025
290026
290027
290028
290029
290030
290031
290032
290033
290034
290975
290976
290977
290978
290979
290980
290981
290982
290983
290984
290985
290986
290987
290988
290989
290990
290991
290992
290993
290994
291935
291936
291937
291938
291939
291940
291941
291942
291943
291944
291945
291946
291947
291948
291949
291950
291951
291952
291953
291954
292895
292896
292897
292898
292899
292900
292901
292902
292903
292904
292905
292906
292907
292908
292909
292910
292911
292912
292913
292914
293855
293856
293857
293858
293859
293860
293861
293862
293863
293864
293865
293866
293867
293868
293869
293870
293871
293872
293873
293874
294815
294816
294817
294818
294819
294820
294821
294822
294823
294824
294825
294826
294827
294828
294829
294830
294831
294832
294833
294834
295775
295776
295777
295778
295779
295780
295781
295782
295783
295784
295785
295786
295787
295788
295789
295790
295791
295792
295793
295794
296735
296736
296737
296738
296739
296740
296741
296742
296743
296744
296745
296746
296747
296748
296749
296750
296751
296752
296753
296754
297695
297696
297697
297698
297699
297700
297701
297702
297703
297704
297705
297706
297707
297708
297709
297710
297711
297712
297713
297714
298655
298656
298657
298658
298659
298660
298661
298662
298663
298664
298665
298666
298667
298668
298669
298670
298671
298672
298673
298674
299615
299616
299617
299618
299619
299620
299621
299622
299623
299624
299625
299626
299627
299628
299629
299630
299631
299632
299633
299634
300575
300576
300577
300578
300579
300580
300581
300582
300583
300584
300585
300586
300587
300588
300589
300590
300591
300592
300593
300594
301535
301536
301537
301538
301539
301540
301541
301542
301543
301544
301545
301546
301547
301548
301549
301550
301551
301552
301553
301554
302495
302496
302497
302498
302499
302500
302501
302502
302503
302504
302505
302506
302507
302508
302509
302510
302511
302512
302513
302514
303455
303456
303457
303458
303459
303460
303461
303462
303463
303464
303465
303466
303467
303468
303469
303470
303471
303472
303473
303474
304415
304416
304417
304418
304419
304420
304421
304422
304423
304424
304425
304426
304427
304428
304429
304430
304431
304432
304433
304434
305375
305376
305377
305378
305379
305380
305381
305382
305383
305384
305385
305386
305387
305388
305389
305390
305391
305392
305393
305394
306335
306336
306337
306338
306339
306340
306341
306342
306343
306344
306345
306346
306347
306348
306349
306350
306351
306352
306353
306354
307295
307296
307297
307298
307299
307300
307301
307302
307303
307304
307305
307306
307307
307308
307309
307310
307311
307312
307313
307314
308952
308953
308954
308955
308956
308957
308958
308959
308960
308961
308962
308963
308964
308965
308966
308967
308968
308969
308970
308971
-914
-2834
-4754
-6674
-8594
-10514
-12434
-14353
-16272
-18191
-20110
-22029
-23948
-25867
-27786
-29705
-31624
-33543
-35462
-37381
-39300
-41219
-43138
-45057
-46976
-48895
-50814
-52733
-54652
-56571
-58490
-60409
-62328
-64247
-66166
-68085
-70004
-71923
-73842
-75762
-77682
-79602
-81522
-83442
-85362
-85363
-87280
-89200
-91120
-93039
-94958
-96877
-98796
-100715
-102634
-104553
-106472
-108391
-110310
-112229
-114148
-116067
-117986
-119905
-121824
-123743
-125662
-127581
-129500
-131419
-133338
-135257
-137176
-139095
-141014
-142933
-144852
-146771
-148690
-150609
-152073
954
2874
4794
6714
8634
10554
12474
14393
16312
18231
20150
22069
23988
25907
27826
29745
31664
33583
35502
37421
39340
41259
43178
45097
47016
48935
50854
52773
54692
56611
58530
60449
62368
64287
66206
68125
70044
71963
73882
75802
77722
79642
81562
83482
85402
87322
89242
91162
93081
95000
96919
98838
100757
102676
104595
106514
106515
108431
110350
112269
114188
116107
118026
119945
121864
123783
125702
127621
129540
131459
133378
135297
137216
139135
141054
142973
144892
146811
148730
150649
152093
)


// ************************************************************************* //
