/*--------------------------------*- C++ -*----------------------------------*\
| =========                 |                                                 |
| \\      /  F ield         | OpenFOAM: The Open Source CFD Toolbox           |
|  \\    /   O peration     | Version:  2.3.0                                 |
|   \\  /    A nd           | Web:      www.OpenFOAM.org                      |
|    \\/     M anipulation  |                                                 |
\*---------------------------------------------------------------------------*/
FoamFile
{
    version     2.0;
    format      ascii;
    class       labelList;
    location    "constant/polyMesh";
    object      pointProcAddressing;
}
// * * * * * * * * * * * * * * * * * * * * * * * * * * * * * * * * * * * * * //


3405
(
457
458
459
460
461
462
463
464
465
466
467
468
469
470
471
472
473
474
475
476
477
1418
1419
1420
1421
1422
1423
1424
1425
1426
1427
1428
1429
1430
1431
1432
1433
1434
1435
1436
1437
1438
2379
2380
2381
2382
2383
2384
2385
2386
2387
2388
2389
2390
2391
2392
2393
2394
2395
2396
2397
2398
2399
3340
3341
3342
3343
3344
3345
3346
3347
3348
3349
3350
3351
3352
3353
3354
3355
3356
3357
3358
3359
3360
4301
4302
4303
4304
4305
4306
4307
4308
4309
4310
4311
4312
4313
4314
4315
4316
4317
4318
4319
4320
4321
5262
5263
5264
5265
5266
5267
5268
5269
5270
5271
5272
5273
5274
5275
5276
5277
5278
5279
5280
5281
5282
6223
6224
6225
6226
6227
6228
6229
6230
6231
6232
6233
6234
6235
6236
6237
6238
6239
6240
6241
6242
6243
7184
7185
7186
7187
7188
7189
7190
7191
7192
7193
7194
7195
7196
7197
7198
7199
7200
7201
7202
7203
7204
8145
8146
8147
8148
8149
8150
8151
8152
8153
8154
8155
8156
8157
8158
8159
8160
8161
8162
8163
8164
8165
9106
9107
9108
9109
9110
9111
9112
9113
9114
9115
9116
9117
9118
9119
9120
9121
9122
9123
9124
9125
9126
10067
10068
10069
10070
10071
10072
10073
10074
10075
10076
10077
10078
10079
10080
10081
10082
10083
10084
10085
10086
10087
11028
11029
11030
11031
11032
11033
11034
11035
11036
11037
11038
11039
11040
11041
11042
11043
11044
11045
11046
11047
11048
11989
11990
11991
11992
11993
11994
11995
11996
11997
11998
11999
12000
12001
12002
12003
12004
12005
12006
12007
12008
12009
12950
12951
12952
12953
12954
12955
12956
12957
12958
12959
12960
12961
12962
12963
12964
12965
12966
12967
12968
12969
12970
13911
13912
13913
13914
13915
13916
13917
13918
13919
13920
13921
13922
13923
13924
13925
13926
13927
13928
13929
13930
13931
14872
14873
14874
14875
14876
14877
14878
14879
14880
14881
14882
14883
14884
14885
14886
14887
14888
14889
14890
14891
14892
15833
15834
15835
15836
15837
15838
15839
15840
15841
15842
15843
15844
15845
15846
15847
15848
15849
15850
15851
15852
15853
16794
16795
16796
16797
16798
16799
16800
16801
16802
16803
16804
16805
16806
16807
16808
16809
16810
16811
16812
16813
16814
17755
17756
17757
17758
17759
17760
17761
17762
17763
17764
17765
17766
17767
17768
17769
17770
17771
17772
17773
17774
17775
18716
18717
18718
18719
18720
18721
18722
18723
18724
18725
18726
18727
18728
18729
18730
18731
18732
18733
18734
18735
18736
19677
19678
19679
19680
19681
19682
19683
19684
19685
19686
19687
19688
19689
19690
19691
19692
19693
19694
19695
19696
19697
20638
20639
20640
20641
20642
20643
20644
20645
20646
20647
20648
20649
20650
20651
20652
20653
20654
20655
20656
20657
20658
21599
21600
21601
21602
21603
21604
21605
21606
21607
21608
21609
21610
21611
21612
21613
21614
21615
21616
21617
21618
21619
22560
22561
22562
22563
22564
22565
22566
22567
22568
22569
22570
22571
22572
22573
22574
22575
22576
22577
22578
22579
22580
23521
23522
23523
23524
23525
23526
23527
23528
23529
23530
23531
23532
23533
23534
23535
23536
23537
23538
23539
23540
23541
24482
24483
24484
24485
24486
24487
24488
24489
24490
24491
24492
24493
24494
24495
24496
24497
24498
24499
24500
24501
24502
25443
25444
25445
25446
25447
25448
25449
25450
25451
25452
25453
25454
25455
25456
25457
25458
25459
25460
25461
25462
25463
26404
26405
26406
26407
26408
26409
26410
26411
26412
26413
26414
26415
26416
26417
26418
26419
26420
26421
26422
26423
26424
27365
27366
27367
27368
27369
27370
27371
27372
27373
27374
27375
27376
27377
27378
27379
27380
27381
27382
27383
27384
27385
28326
28327
28328
28329
28330
28331
28332
28333
28334
28335
28336
28337
28338
28339
28340
28341
28342
28343
28344
28345
28346
29287
29288
29289
29290
29291
29292
29293
29294
29295
29296
29297
29298
29299
29300
29301
29302
29303
29304
29305
29306
29307
30248
30249
30250
30251
30252
30253
30254
30255
30256
30257
30258
30259
30260
30261
30262
30263
30264
30265
30266
30267
30268
31209
31210
31211
31212
31213
31214
31215
31216
31217
31218
31219
31220
31221
31222
31223
31224
31225
31226
31227
31228
31229
32170
32171
32172
32173
32174
32175
32176
32177
32178
32179
32180
32181
32182
32183
32184
32185
32186
32187
32188
32189
32190
33131
33132
33133
33134
33135
33136
33137
33138
33139
33140
33141
33142
33143
33144
33145
33146
33147
33148
33149
33150
33151
34092
34093
34094
34095
34096
34097
34098
34099
34100
34101
34102
34103
34104
34105
34106
34107
34108
34109
34110
34111
34112
35053
35054
35055
35056
35057
35058
35059
35060
35061
35062
35063
35064
35065
35066
35067
35068
35069
35070
35071
35072
35073
36014
36015
36016
36017
36018
36019
36020
36021
36022
36023
36024
36025
36026
36027
36028
36029
36030
36031
36032
36033
36034
36975
36976
36977
36978
36979
36980
36981
36982
36983
36984
36985
36986
36987
36988
36989
36990
36991
36992
36993
36994
36995
37936
37937
37938
37939
37940
37941
37942
37943
37944
37945
37946
37947
37948
37949
37950
37951
37952
37953
37954
37955
37956
38897
38898
38899
38900
38901
38902
38903
38904
38905
38906
38907
38908
38909
38910
38911
38912
38913
38914
38915
38916
38917
39858
39859
39860
39861
39862
39863
39864
39865
39866
39867
39868
39869
39870
39871
39872
39873
39874
39875
39876
39877
39878
40819
40820
40821
40822
40823
40824
40825
40826
40827
40828
40829
40830
40831
40832
40833
40834
40835
40836
40837
40838
40839
41780
41781
41782
41783
41784
41785
41786
41787
41788
41789
41790
41791
41792
41793
41794
41795
41796
41797
41798
41799
41800
42740
42741
42742
42743
42744
42745
42746
42747
42748
42749
42750
42751
42752
42753
42754
42755
42756
42757
42758
42759
42760
42761
43701
43702
43703
43704
43705
43706
43707
43708
43709
43710
43711
43712
43713
43714
43715
43716
43717
43718
43719
43720
43721
43722
44662
44663
44664
44665
44666
44667
44668
44669
44670
44671
44672
44673
44674
44675
44676
44677
44678
44679
44680
44681
44682
44683
45623
45624
45625
45626
45627
45628
45629
45630
45631
45632
45633
45634
45635
45636
45637
45638
45639
45640
45641
45642
45643
45644
46584
46585
46586
46587
46588
46589
46590
46591
46592
46593
46594
46595
46596
46597
46598
46599
46600
46601
46602
46603
46604
46605
47545
47546
47547
47548
47549
47550
47551
47552
47553
47554
47555
47556
47557
47558
47559
47560
47561
47562
47563
47564
47565
47566
48506
48507
48508
48509
48510
48511
48512
48513
48514
48515
48516
48517
48518
48519
48520
48521
48522
48523
48524
48525
48526
48527
49467
49468
49469
49470
49471
49472
49473
49474
49475
49476
49477
49478
49479
49480
49481
49482
49483
49484
49485
49486
49487
49488
50428
50429
50430
50431
50432
50433
50434
50435
50436
50437
50438
50439
50440
50441
50442
50443
50444
50445
50446
50447
50448
50449
51389
51390
51391
51392
51393
51394
51395
51396
51397
51398
51399
51400
51401
51402
51403
51404
51405
51406
51407
51408
51409
51410
52350
52351
52352
52353
52354
52355
52356
52357
52358
52359
52360
52361
52362
52363
52364
52365
52366
52367
52368
52369
52370
52371
53311
53312
53313
53314
53315
53316
53317
53318
53319
53320
53321
53322
53323
53324
53325
53326
53327
53328
53329
53330
53331
53332
54272
54273
54274
54275
54276
54277
54278
54279
54280
54281
54282
54283
54284
54285
54286
54287
54288
54289
54290
54291
54292
55233
55234
55235
55236
55237
55238
55239
55240
55241
55242
55243
55244
55245
55246
55247
55248
55249
55250
55251
55252
55253
56194
56195
56196
56197
56198
56199
56200
56201
56202
56203
56204
56205
56206
56207
56208
56209
56210
56211
56212
56213
56214
57155
57156
57157
57158
57159
57160
57161
57162
57163
57164
57165
57166
57167
57168
57169
57170
57171
57172
57173
57174
57175
58116
58117
58118
58119
58120
58121
58122
58123
58124
58125
58126
58127
58128
58129
58130
58131
58132
58133
58134
58135
58136
59077
59078
59079
59080
59081
59082
59083
59084
59085
59086
59087
59088
59089
59090
59091
59092
59093
59094
59095
59096
59097
60038
60039
60040
60041
60042
60043
60044
60045
60046
60047
60048
60049
60050
60051
60052
60053
60054
60055
60056
60057
60058
60999
61000
61001
61002
61003
61004
61005
61006
61007
61008
61009
61010
61011
61012
61013
61014
61015
61016
61017
61018
61019
61960
61961
61962
61963
61964
61965
61966
61967
61968
61969
61970
61971
61972
61973
61974
61975
61976
61977
61978
61979
61980
62921
62922
62923
62924
62925
62926
62927
62928
62929
62930
62931
62932
62933
62934
62935
62936
62937
62938
62939
62940
62941
63882
63883
63884
63885
63886
63887
63888
63889
63890
63891
63892
63893
63894
63895
63896
63897
63898
63899
63900
63901
63902
64843
64844
64845
64846
64847
64848
64849
64850
64851
64852
64853
64854
64855
64856
64857
64858
64859
64860
64861
64862
64863
65804
65805
65806
65807
65808
65809
65810
65811
65812
65813
65814
65815
65816
65817
65818
65819
65820
65821
65822
65823
65824
66765
66766
66767
66768
66769
66770
66771
66772
66773
66774
66775
66776
66777
66778
66779
66780
66781
66782
66783
66784
66785
67726
67727
67728
67729
67730
67731
67732
67733
67734
67735
67736
67737
67738
67739
67740
67741
67742
67743
67744
67745
67746
68687
68688
68689
68690
68691
68692
68693
68694
68695
68696
68697
68698
68699
68700
68701
68702
68703
68704
68705
68706
68707
69648
69649
69650
69651
69652
69653
69654
69655
69656
69657
69658
69659
69660
69661
69662
69663
69664
69665
69666
69667
69668
70609
70610
70611
70612
70613
70614
70615
70616
70617
70618
70619
70620
70621
70622
70623
70624
70625
70626
70627
70628
70629
71570
71571
71572
71573
71574
71575
71576
71577
71578
71579
71580
71581
71582
71583
71584
71585
71586
71587
71588
71589
71590
72531
72532
72533
72534
72535
72536
72537
72538
72539
72540
72541
72542
72543
72544
72545
72546
72547
72548
72549
72550
72551
73492
73493
73494
73495
73496
73497
73498
73499
73500
73501
73502
73503
73504
73505
73506
73507
73508
73509
73510
73511
73512
74453
74454
74455
74456
74457
74458
74459
74460
74461
74462
74463
74464
74465
74466
74467
74468
74469
74470
74471
74472
74473
75414
75415
75416
75417
75418
75419
75420
75421
75422
75423
75424
75425
75426
75427
75428
75429
75430
75431
75432
75433
75434
76375
76376
76377
76378
76379
76380
76381
76382
76383
76384
76385
76386
76387
76388
76389
76390
76391
76392
76393
76394
76395
77901
77902
77903
77904
77905
77906
77907
77908
77909
77910
77911
77912
77913
77914
77915
77916
77917
77918
77919
77920
77921
78862
78863
78864
78865
78866
78867
78868
78869
78870
78871
78872
78873
78874
78875
78876
78877
78878
78879
78880
78881
78882
79823
79824
79825
79826
79827
79828
79829
79830
79831
79832
79833
79834
79835
79836
79837
79838
79839
79840
79841
79842
79843
80784
80785
80786
80787
80788
80789
80790
80791
80792
80793
80794
80795
80796
80797
80798
80799
80800
80801
80802
80803
80804
81745
81746
81747
81748
81749
81750
81751
81752
81753
81754
81755
81756
81757
81758
81759
81760
81761
81762
81763
81764
81765
82706
82707
82708
82709
82710
82711
82712
82713
82714
82715
82716
82717
82718
82719
82720
82721
82722
82723
82724
82725
82726
83667
83668
83669
83670
83671
83672
83673
83674
83675
83676
83677
83678
83679
83680
83681
83682
83683
83684
83685
83686
83687
84628
84629
84630
84631
84632
84633
84634
84635
84636
84637
84638
84639
84640
84641
84642
84643
84644
84645
84646
84647
84648
85589
85590
85591
85592
85593
85594
85595
85596
85597
85598
85599
85600
85601
85602
85603
85604
85605
85606
85607
85608
85609
86550
86551
86552
86553
86554
86555
86556
86557
86558
86559
86560
86561
86562
86563
86564
86565
86566
86567
86568
86569
86570
87511
87512
87513
87514
87515
87516
87517
87518
87519
87520
87521
87522
87523
87524
87525
87526
87527
87528
87529
87530
87531
88472
88473
88474
88475
88476
88477
88478
88479
88480
88481
88482
88483
88484
88485
88486
88487
88488
88489
88490
88491
88492
89433
89434
89435
89436
89437
89438
89439
89440
89441
89442
89443
89444
89445
89446
89447
89448
89449
89450
89451
89452
89453
90394
90395
90396
90397
90398
90399
90400
90401
90402
90403
90404
90405
90406
90407
90408
90409
90410
90411
90412
90413
90414
91355
91356
91357
91358
91359
91360
91361
91362
91363
91364
91365
91366
91367
91368
91369
91370
91371
91372
91373
91374
91375
92316
92317
92318
92319
92320
92321
92322
92323
92324
92325
92326
92327
92328
92329
92330
92331
92332
92333
92334
92335
92336
93277
93278
93279
93280
93281
93282
93283
93284
93285
93286
93287
93288
93289
93290
93291
93292
93293
93294
93295
93296
93297
94238
94239
94240
94241
94242
94243
94244
94245
94246
94247
94248
94249
94250
94251
94252
94253
94254
94255
94256
94257
94258
95199
95200
95201
95202
95203
95204
95205
95206
95207
95208
95209
95210
95211
95212
95213
95214
95215
95216
95217
95218
95219
96160
96161
96162
96163
96164
96165
96166
96167
96168
96169
96170
96171
96172
96173
96174
96175
96176
96177
96178
96179
96180
97121
97122
97123
97124
97125
97126
97127
97128
97129
97130
97131
97132
97133
97134
97135
97136
97137
97138
97139
97140
97141
98082
98083
98084
98085
98086
98087
98088
98089
98090
98091
98092
98093
98094
98095
98096
98097
98098
98099
98100
98101
98102
99043
99044
99045
99046
99047
99048
99049
99050
99051
99052
99053
99054
99055
99056
99057
99058
99059
99060
99061
99062
99063
100004
100005
100006
100007
100008
100009
100010
100011
100012
100013
100014
100015
100016
100017
100018
100019
100020
100021
100022
100023
100024
100965
100966
100967
100968
100969
100970
100971
100972
100973
100974
100975
100976
100977
100978
100979
100980
100981
100982
100983
100984
100985
101926
101927
101928
101929
101930
101931
101932
101933
101934
101935
101936
101937
101938
101939
101940
101941
101942
101943
101944
101945
101946
102887
102888
102889
102890
102891
102892
102893
102894
102895
102896
102897
102898
102899
102900
102901
102902
102903
102904
102905
102906
102907
103848
103849
103850
103851
103852
103853
103854
103855
103856
103857
103858
103859
103860
103861
103862
103863
103864
103865
103866
103867
103868
104809
104810
104811
104812
104813
104814
104815
104816
104817
104818
104819
104820
104821
104822
104823
104824
104825
104826
104827
104828
104829
105770
105771
105772
105773
105774
105775
105776
105777
105778
105779
105780
105781
105782
105783
105784
105785
105786
105787
105788
105789
105790
106731
106732
106733
106734
106735
106736
106737
106738
106739
106740
106741
106742
106743
106744
106745
106746
106747
106748
106749
106750
106751
107692
107693
107694
107695
107696
107697
107698
107699
107700
107701
107702
107703
107704
107705
107706
107707
107708
107709
107710
107711
107712
108653
108654
108655
108656
108657
108658
108659
108660
108661
108662
108663
108664
108665
108666
108667
108668
108669
108670
108671
108672
108673
109614
109615
109616
109617
109618
109619
109620
109621
109622
109623
109624
109625
109626
109627
109628
109629
109630
109631
109632
109633
109634
110575
110576
110577
110578
110579
110580
110581
110582
110583
110584
110585
110586
110587
110588
110589
110590
110591
110592
110593
110594
110595
111536
111537
111538
111539
111540
111541
111542
111543
111544
111545
111546
111547
111548
111549
111550
111551
111552
111553
111554
111555
111556
112497
112498
112499
112500
112501
112502
112503
112504
112505
112506
112507
112508
112509
112510
112511
112512
112513
112514
112515
112516
112517
113458
113459
113460
113461
113462
113463
113464
113465
113466
113467
113468
113469
113470
113471
113472
113473
113474
113475
113476
113477
113478
114419
114420
114421
114422
114423
114424
114425
114426
114427
114428
114429
114430
114431
114432
114433
114434
114435
114436
114437
114438
114439
115380
115381
115382
115383
115384
115385
115386
115387
115388
115389
115390
115391
115392
115393
115394
115395
115396
115397
115398
115399
115400
116341
116342
116343
116344
116345
116346
116347
116348
116349
116350
116351
116352
116353
116354
116355
116356
116357
116358
116359
116360
116361
117302
117303
117304
117305
117306
117307
117308
117309
117310
117311
117312
117313
117314
117315
117316
117317
117318
117319
117320
117321
117322
118263
118264
118265
118266
118267
118268
118269
118270
118271
118272
118273
118274
118275
118276
118277
118278
118279
118280
118281
118282
118283
119224
119225
119226
119227
119228
119229
119230
119231
119232
119233
119234
119235
119236
119237
119238
119239
119240
119241
119242
119243
119244
120184
120185
120186
120187
120188
120189
120190
120191
120192
120193
120194
120195
120196
120197
120198
120199
120200
120201
120202
120203
120204
120205
121145
121146
121147
121148
121149
121150
121151
121152
121153
121154
121155
121156
121157
121158
121159
121160
121161
121162
121163
121164
121165
121166
122106
122107
122108
122109
122110
122111
122112
122113
122114
122115
122116
122117
122118
122119
122120
122121
122122
122123
122124
122125
122126
122127
123067
123068
123069
123070
123071
123072
123073
123074
123075
123076
123077
123078
123079
123080
123081
123082
123083
123084
123085
123086
123087
123088
124028
124029
124030
124031
124032
124033
124034
124035
124036
124037
124038
124039
124040
124041
124042
124043
124044
124045
124046
124047
124048
124049
124989
124990
124991
124992
124993
124994
124995
124996
124997
124998
124999
125000
125001
125002
125003
125004
125005
125006
125007
125008
125009
125010
125950
125951
125952
125953
125954
125955
125956
125957
125958
125959
125960
125961
125962
125963
125964
125965
125966
125967
125968
125969
125970
125971
126911
126912
126913
126914
126915
126916
126917
126918
126919
126920
126921
126922
126923
126924
126925
126926
126927
126928
126929
126930
126931
126932
127872
127873
127874
127875
127876
127877
127878
127879
127880
127881
127882
127883
127884
127885
127886
127887
127888
127889
127890
127891
127892
127893
128833
128834
128835
128836
128837
128838
128839
128840
128841
128842
128843
128844
128845
128846
128847
128848
128849
128850
128851
128852
128853
128854
129794
129795
129796
129797
129798
129799
129800
129801
129802
129803
129804
129805
129806
129807
129808
129809
129810
129811
129812
129813
129814
129815
130755
130756
130757
130758
130759
130760
130761
130762
130763
130764
130765
130766
130767
130768
130769
130770
130771
130772
130773
130774
130775
130776
131716
131717
131718
131719
131720
131721
131722
131723
131724
131725
131726
131727
131728
131729
131730
131731
131732
131733
131734
131735
131736
132677
132678
132679
132680
132681
132682
132683
132684
132685
132686
132687
132688
132689
132690
132691
132692
132693
132694
132695
132696
132697
133638
133639
133640
133641
133642
133643
133644
133645
133646
133647
133648
133649
133650
133651
133652
133653
133654
133655
133656
133657
133658
134599
134600
134601
134602
134603
134604
134605
134606
134607
134608
134609
134610
134611
134612
134613
134614
134615
134616
134617
134618
134619
135560
135561
135562
135563
135564
135565
135566
135567
135568
135569
135570
135571
135572
135573
135574
135575
135576
135577
135578
135579
135580
136521
136522
136523
136524
136525
136526
136527
136528
136529
136530
136531
136532
136533
136534
136535
136536
136537
136538
136539
136540
136541
137482
137483
137484
137485
137486
137487
137488
137489
137490
137491
137492
137493
137494
137495
137496
137497
137498
137499
137500
137501
137502
138443
138444
138445
138446
138447
138448
138449
138450
138451
138452
138453
138454
138455
138456
138457
138458
138459
138460
138461
138462
138463
139404
139405
139406
139407
139408
139409
139410
139411
139412
139413
139414
139415
139416
139417
139418
139419
139420
139421
139422
139423
139424
140365
140366
140367
140368
140369
140370
140371
140372
140373
140374
140375
140376
140377
140378
140379
140380
140381
140382
140383
140384
140385
141326
141327
141328
141329
141330
141331
141332
141333
141334
141335
141336
141337
141338
141339
141340
141341
141342
141343
141344
141345
141346
142287
142288
142289
142290
142291
142292
142293
142294
142295
142296
142297
142298
142299
142300
142301
142302
142303
142304
142305
142306
142307
143248
143249
143250
143251
143252
143253
143254
143255
143256
143257
143258
143259
143260
143261
143262
143263
143264
143265
143266
143267
143268
144209
144210
144211
144212
144213
144214
144215
144216
144217
144218
144219
144220
144221
144222
144223
144224
144225
144226
144227
144228
144229
145170
145171
145172
145173
145174
145175
145176
145177
145178
145179
145180
145181
145182
145183
145184
145185
145186
145187
145188
145189
145190
146131
146132
146133
146134
146135
146136
146137
146138
146139
146140
146141
146142
146143
146144
146145
146146
146147
146148
146149
146150
146151
147092
147093
147094
147095
147096
147097
147098
147099
147100
147101
147102
147103
147104
147105
147106
147107
147108
147109
147110
147111
147112
148053
148054
148055
148056
148057
148058
148059
148060
148061
148062
148063
148064
148065
148066
148067
148068
148069
148070
148071
148072
148073
149014
149015
149016
149017
149018
149019
149020
149021
149022
149023
149024
149025
149026
149027
149028
149029
149030
149031
149032
149033
149034
149975
149976
149977
149978
149979
149980
149981
149982
149983
149984
149985
149986
149987
149988
149989
149990
149991
149992
149993
149994
149995
150936
150937
150938
150939
150940
150941
150942
150943
150944
150945
150946
150947
150948
150949
150950
150951
150952
150953
150954
150955
150956
151897
151898
151899
151900
151901
151902
151903
151904
151905
151906
151907
151908
151909
151910
151911
151912
151913
151914
151915
151916
151917
152858
152859
152860
152861
152862
152863
152864
152865
152866
152867
152868
152869
152870
152871
152872
152873
152874
152875
152876
152877
152878
153819
153820
153821
153822
153823
153824
153825
153826
153827
153828
153829
153830
153831
153832
153833
153834
153835
153836
153837
153838
153839
155387
155388
155389
155390
155391
155392
155393
155394
155395
155396
155397
155398
155399
155400
155401
155402
155403
155404
155405
155406
155407
)


// ************************************************************************* //
