/*--------------------------------*- C++ -*----------------------------------*\
| =========                 |                                                 |
| \\      /  F ield         | OpenFOAM: The Open Source CFD Toolbox           |
|  \\    /   O peration     | Version:  2.3.0                                 |
|   \\  /    A nd           | Web:      www.OpenFOAM.org                      |
|    \\/     M anipulation  |                                                 |
\*---------------------------------------------------------------------------*/
FoamFile
{
    version     2.0;
    format      ascii;
    class       labelList;
    location    "constant/polyMesh";
    object      faceProcAddressing;
}
// * * * * * * * * * * * * * * * * * * * * * * * * * * * * * * * * * * * * * //


6525
(
714
715
716
717
718
719
720
721
722
723
724
725
726
727
728
729
730
731
732
733
734
735
736
737
738
739
740
741
742
743
744
745
746
747
748
749
750
751
752
753
2634
2635
2636
2637
2638
2639
2640
2641
2642
2643
2644
2645
2646
2647
2648
2649
2650
2651
2652
2653
2654
2655
2656
2657
2658
2659
2660
2661
2662
2663
2664
2665
2666
2667
2668
2669
2670
2671
2673
4554
4555
4556
4557
4558
4559
4560
4561
4562
4563
4564
4565
4566
4567
4568
4569
4570
4571
4572
4573
4574
4575
4576
4577
4578
4579
4580
4581
4582
4583
4584
4585
4586
4587
4588
4589
4590
4591
4593
6474
6475
6476
6477
6478
6479
6480
6481
6482
6483
6484
6485
6486
6487
6488
6489
6490
6491
6492
6493
6494
6495
6496
6497
6498
6499
6500
6501
6502
6503
6504
6505
6506
6507
6508
6509
6510
6511
6513
8394
8395
8396
8397
8398
8399
8400
8401
8402
8403
8404
8405
8406
8407
8408
8409
8410
8411
8412
8413
8414
8415
8416
8417
8418
8419
8420
8421
8422
8423
8424
8425
8426
8427
8428
8429
8430
8431
8433
10314
10315
10316
10317
10318
10319
10320
10321
10322
10323
10324
10325
10326
10327
10328
10329
10330
10331
10332
10333
10334
10335
10336
10337
10338
10339
10340
10341
10342
10343
10344
10345
10346
10347
10348
10349
10350
10351
10353
12234
12235
12236
12237
12238
12239
12240
12241
12242
12243
12244
12245
12246
12247
12248
12249
12250
12251
12252
12253
12254
12255
12256
12257
12258
12259
12260
12261
12262
12263
12264
12265
12266
12267
12268
12269
12270
12271
12273
14153
14154
14155
14156
14157
14158
14159
14160
14161
14162
14163
14164
14165
14166
14167
14168
14169
14170
14171
14172
14173
14174
14175
14176
14177
14178
14179
14180
14181
14182
14183
14184
14185
14186
14187
14188
14189
14190
14192
16072
16073
16074
16075
16076
16077
16078
16079
16080
16081
16082
16083
16084
16085
16086
16087
16088
16089
16090
16091
16092
16093
16094
16095
16096
16097
16098
16099
16100
16101
16102
16103
16104
16105
16106
16107
16108
16109
16111
17991
17992
17993
17994
17995
17996
17997
17998
17999
18000
18001
18002
18003
18004
18005
18006
18007
18008
18009
18010
18011
18012
18013
18014
18015
18016
18017
18018
18019
18020
18021
18022
18023
18024
18025
18026
18027
18028
18030
19910
19911
19912
19913
19914
19915
19916
19917
19918
19919
19920
19921
19922
19923
19924
19925
19926
19927
19928
19929
19930
19931
19932
19933
19934
19935
19936
19937
19938
19939
19940
19941
19942
19943
19944
19945
19946
19947
19949
21829
21830
21831
21832
21833
21834
21835
21836
21837
21838
21839
21840
21841
21842
21843
21844
21845
21846
21847
21848
21849
21850
21851
21852
21853
21854
21855
21856
21857
21858
21859
21860
21861
21862
21863
21864
21865
21866
21868
23748
23749
23750
23751
23752
23753
23754
23755
23756
23757
23758
23759
23760
23761
23762
23763
23764
23765
23766
23767
23768
23769
23770
23771
23772
23773
23774
23775
23776
23777
23778
23779
23780
23781
23782
23783
23784
23785
23787
25667
25668
25669
25670
25671
25672
25673
25674
25675
25676
25677
25678
25679
25680
25681
25682
25683
25684
25685
25686
25687
25688
25689
25690
25691
25692
25693
25694
25695
25696
25697
25698
25699
25700
25701
25702
25703
25704
25706
27586
27587
27588
27589
27590
27591
27592
27593
27594
27595
27596
27597
27598
27599
27600
27601
27602
27603
27604
27605
27606
27607
27608
27609
27610
27611
27612
27613
27614
27615
27616
27617
27618
27619
27620
27621
27622
27623
27625
29505
29506
29507
29508
29509
29510
29511
29512
29513
29514
29515
29516
29517
29518
29519
29520
29521
29522
29523
29524
29525
29526
29527
29528
29529
29530
29531
29532
29533
29534
29535
29536
29537
29538
29539
29540
29541
29542
29544
31424
31425
31426
31427
31428
31429
31430
31431
31432
31433
31434
31435
31436
31437
31438
31439
31440
31441
31442
31443
31444
31445
31446
31447
31448
31449
31450
31451
31452
31453
31454
31455
31456
31457
31458
31459
31460
31461
31463
33343
33344
33345
33346
33347
33348
33349
33350
33351
33352
33353
33354
33355
33356
33357
33358
33359
33360
33361
33362
33363
33364
33365
33366
33367
33368
33369
33370
33371
33372
33373
33374
33375
33376
33377
33378
33379
33380
33382
35262
35263
35264
35265
35266
35267
35268
35269
35270
35271
35272
35273
35274
35275
35276
35277
35278
35279
35280
35281
35282
35283
35284
35285
35286
35287
35288
35289
35290
35291
35292
35293
35294
35295
35296
35297
35298
35299
35301
37181
37182
37183
37184
37185
37186
37187
37188
37189
37190
37191
37192
37193
37194
37195
37196
37197
37198
37199
37200
37201
37202
37203
37204
37205
37206
37207
37208
37209
37210
37211
37212
37213
37214
37215
37216
37217
37218
37220
39100
39101
39102
39103
39104
39105
39106
39107
39108
39109
39110
39111
39112
39113
39114
39115
39116
39117
39118
39119
39120
39121
39122
39123
39124
39125
39126
39127
39128
39129
39130
39131
39132
39133
39134
39135
39136
39137
39139
41019
41020
41021
41022
41023
41024
41025
41026
41027
41028
41029
41030
41031
41032
41033
41034
41035
41036
41037
41038
41039
41040
41041
41042
41043
41044
41045
41046
41047
41048
41049
41050
41051
41052
41053
41054
41055
41056
41058
42938
42939
42940
42941
42942
42943
42944
42945
42946
42947
42948
42949
42950
42951
42952
42953
42954
42955
42956
42957
42958
42959
42960
42961
42962
42963
42964
42965
42966
42967
42968
42969
42970
42971
42972
42973
42974
42975
42977
44857
44858
44859
44860
44861
44862
44863
44864
44865
44866
44867
44868
44869
44870
44871
44872
44873
44874
44875
44876
44877
44878
44879
44880
44881
44882
44883
44884
44885
44886
44887
44888
44889
44890
44891
44892
44893
44894
44896
46776
46777
46778
46779
46780
46781
46782
46783
46784
46785
46786
46787
46788
46789
46790
46791
46792
46793
46794
46795
46796
46797
46798
46799
46800
46801
46802
46803
46804
46805
46806
46807
46808
46809
46810
46811
46812
46813
46815
48695
48696
48697
48698
48699
48700
48701
48702
48703
48704
48705
48706
48707
48708
48709
48710
48711
48712
48713
48714
48715
48716
48717
48718
48719
48720
48721
48722
48723
48724
48725
48726
48727
48728
48729
48730
48731
48732
48734
50614
50615
50616
50617
50618
50619
50620
50621
50622
50623
50624
50625
50626
50627
50628
50629
50630
50631
50632
50633
50634
50635
50636
50637
50638
50639
50640
50641
50642
50643
50644
50645
50646
50647
50648
50649
50650
50651
50653
52533
52534
52535
52536
52537
52538
52539
52540
52541
52542
52543
52544
52545
52546
52547
52548
52549
52550
52551
52552
52553
52554
52555
52556
52557
52558
52559
52560
52561
52562
52563
52564
52565
52566
52567
52568
52569
52570
52572
54452
54453
54454
54455
54456
54457
54458
54459
54460
54461
54462
54463
54464
54465
54466
54467
54468
54469
54470
54471
54472
54473
54474
54475
54476
54477
54478
54479
54480
54481
54482
54483
54484
54485
54486
54487
54488
54489
54491
56371
56372
56373
56374
56375
56376
56377
56378
56379
56380
56381
56382
56383
56384
56385
56386
56387
56388
56389
56390
56391
56392
56393
56394
56395
56396
56397
56398
56399
56400
56401
56402
56403
56404
56405
56406
56407
56408
56410
58290
58291
58292
58293
58294
58295
58296
58297
58298
58299
58300
58301
58302
58303
58304
58305
58306
58307
58308
58309
58310
58311
58312
58313
58314
58315
58316
58317
58318
58319
58320
58321
58322
58323
58324
58325
58326
58327
58329
60209
60210
60211
60212
60213
60214
60215
60216
60217
60218
60219
60220
60221
60222
60223
60224
60225
60226
60227
60228
60229
60230
60231
60232
60233
60234
60235
60236
60237
60238
60239
60240
60241
60242
60243
60244
60245
60246
60248
62128
62129
62130
62131
62132
62133
62134
62135
62136
62137
62138
62139
62140
62141
62142
62143
62144
62145
62146
62147
62148
62149
62150
62151
62152
62153
62154
62155
62156
62157
62158
62159
62160
62161
62162
62163
62164
62165
62167
64047
64048
64049
64050
64051
64052
64053
64054
64055
64056
64057
64058
64059
64060
64061
64062
64063
64064
64065
64066
64067
64068
64069
64070
64071
64072
64073
64074
64075
64076
64077
64078
64079
64080
64081
64082
64083
64084
64086
65966
65967
65968
65969
65970
65971
65972
65973
65974
65975
65976
65977
65978
65979
65980
65981
65982
65983
65984
65985
65986
65987
65988
65989
65990
65991
65992
65993
65994
65995
65996
65997
65998
65999
66000
66001
66002
66003
66005
67885
67886
67887
67888
67889
67890
67891
67892
67893
67894
67895
67896
67897
67898
67899
67900
67901
67902
67903
67904
67905
67906
67907
67908
67909
67910
67911
67912
67913
67914
67915
67916
67917
67918
67919
67920
67921
67922
67924
69804
69805
69806
69807
69808
69809
69810
69811
69812
69813
69814
69815
69816
69817
69818
69819
69820
69821
69822
69823
69824
69825
69826
69827
69828
69829
69830
69831
69832
69833
69834
69835
69836
69837
69838
69839
69840
69841
69843
71723
71724
71725
71726
71727
71728
71729
71730
71731
71732
71733
71734
71735
71736
71737
71738
71739
71740
71741
71742
71743
71744
71745
71746
71747
71748
71749
71750
71751
71752
71753
71754
71755
71756
71757
71758
71759
71760
71762
73642
73643
73644
73645
73646
73647
73648
73649
73650
73651
73652
73653
73654
73655
73656
73657
73658
73659
73660
73661
73662
73663
73664
73665
73666
73667
73668
73669
73670
73671
73672
73673
73674
73675
73676
73677
73678
73679
73681
75562
75563
75564
75565
75566
75567
75568
75569
75570
75571
75572
75573
75574
75575
75576
75577
75578
75579
75580
75581
75582
75583
75584
75585
75586
75587
75588
75589
75590
75591
75592
75593
75594
75595
75596
75597
75598
75599
75601
77482
77483
77484
77485
77486
77487
77488
77489
77490
77491
77492
77493
77494
77495
77496
77497
77498
77499
77500
77501
77502
77503
77504
77505
77506
77507
77508
77509
77510
77511
77512
77513
77514
77515
77516
77517
77518
77519
77521
79402
79403
79404
79405
79406
79407
79408
79409
79410
79411
79412
79413
79414
79415
79416
79417
79418
79419
79420
79421
79422
79423
79424
79425
79426
79427
79428
79429
79430
79431
79432
79433
79434
79435
79436
79437
79438
79439
79441
81322
81323
81324
81325
81326
81327
81328
81329
81330
81331
81332
81333
81334
81335
81336
81337
81338
81339
81340
81341
81342
81343
81344
81345
81346
81347
81348
81349
81350
81351
81352
81353
81354
81355
81356
81357
81358
81359
81361
83242
83243
83244
83245
83246
83247
83248
83249
83250
83251
83252
83253
83254
83255
83256
83257
83258
83259
83260
83261
83262
83263
83264
83265
83266
83267
83268
83269
83270
83271
83272
83273
83274
83275
83276
83277
83278
83279
83281
85162
85163
85164
85165
85166
85167
85168
85169
85170
85171
85172
85173
85174
85175
85176
85177
85178
85179
85180
85181
85182
85183
85184
85185
85186
85187
85188
85189
85190
85191
85192
85193
85194
85195
85196
85197
85198
85199
85201
87082
87083
87084
87085
87086
87087
87088
87089
87090
87091
87092
87093
87094
87095
87096
87097
87098
87099
87100
87101
87102
87103
87104
87105
87106
87107
87108
87109
87110
87111
87112
87113
87114
87115
87116
87117
87118
87119
87121
89002
89003
89004
89005
89006
89007
89008
89009
89010
89011
89012
89013
89014
89015
89016
89017
89018
89019
89020
89021
89022
89023
89024
89025
89026
89027
89028
89029
89030
89031
89032
89033
89034
89035
89036
89037
89038
89039
89041
90922
90923
90924
90925
90926
90927
90928
90929
90930
90931
90932
90933
90934
90935
90936
90937
90938
90939
90940
90941
90942
90943
90944
90945
90946
90947
90948
90949
90950
90951
90952
90953
90954
90955
90956
90957
90958
90959
90961
92841
92842
92843
92844
92845
92846
92847
92848
92849
92850
92851
92852
92853
92854
92855
92856
92857
92858
92859
92860
92861
92862
92863
92864
92865
92866
92867
92868
92869
92870
92871
92872
92873
92874
92875
92876
92877
92878
92880
94760
94761
94762
94763
94764
94765
94766
94767
94768
94769
94770
94771
94772
94773
94774
94775
94776
94777
94778
94779
94780
94781
94782
94783
94784
94785
94786
94787
94788
94789
94790
94791
94792
94793
94794
94795
94796
94797
94799
96679
96680
96681
96682
96683
96684
96685
96686
96687
96688
96689
96690
96691
96692
96693
96694
96695
96696
96697
96698
96699
96700
96701
96702
96703
96704
96705
96706
96707
96708
96709
96710
96711
96712
96713
96714
96715
96716
96718
98598
98599
98600
98601
98602
98603
98604
98605
98606
98607
98608
98609
98610
98611
98612
98613
98614
98615
98616
98617
98618
98619
98620
98621
98622
98623
98624
98625
98626
98627
98628
98629
98630
98631
98632
98633
98634
98635
98637
100517
100518
100519
100520
100521
100522
100523
100524
100525
100526
100527
100528
100529
100530
100531
100532
100533
100534
100535
100536
100537
100538
100539
100540
100541
100542
100543
100544
100545
100546
100547
100548
100549
100550
100551
100552
100553
100554
100556
102436
102437
102438
102439
102440
102441
102442
102443
102444
102445
102446
102447
102448
102449
102450
102451
102452
102453
102454
102455
102456
102457
102458
102459
102460
102461
102462
102463
102464
102465
102466
102467
102468
102469
102470
102471
102472
102473
102475
104355
104356
104357
104358
104359
104360
104361
104362
104363
104364
104365
104366
104367
104368
104369
104370
104371
104372
104373
104374
104375
104376
104377
104378
104379
104380
104381
104382
104383
104384
104385
104386
104387
104388
104389
104390
104391
104392
104394
106274
106275
106276
106277
106278
106279
106280
106281
106282
106283
106284
106285
106286
106287
106288
106289
106290
106291
106292
106293
106294
106295
106296
106297
106298
106299
106300
106301
106302
106303
106304
106305
106306
106307
106308
106309
106310
106311
106313
108193
108194
108195
108196
108197
108198
108199
108200
108201
108202
108203
108204
108205
108206
108207
108208
108209
108210
108211
108212
108213
108214
108215
108216
108217
108218
108219
108220
108221
108222
108223
108224
108225
108226
108227
108228
108229
108230
108232
110112
110113
110114
110115
110116
110117
110118
110119
110120
110121
110122
110123
110124
110125
110126
110127
110128
110129
110130
110131
110132
110133
110134
110135
110136
110137
110138
110139
110140
110141
110142
110143
110144
110145
110146
110147
110148
110149
110151
112031
112032
112033
112034
112035
112036
112037
112038
112039
112040
112041
112042
112043
112044
112045
112046
112047
112048
112049
112050
112051
112052
112053
112054
112055
112056
112057
112058
112059
112060
112061
112062
112063
112064
112065
112066
112067
112068
112070
113950
113951
113952
113953
113954
113955
113956
113957
113958
113959
113960
113961
113962
113963
113964
113965
113966
113967
113968
113969
113970
113971
113972
113973
113974
113975
113976
113977
113978
113979
113980
113981
113982
113983
113984
113985
113986
113987
113989
115869
115870
115871
115872
115873
115874
115875
115876
115877
115878
115879
115880
115881
115882
115883
115884
115885
115886
115887
115888
115889
115890
115891
115892
115893
115894
115895
115896
115897
115898
115899
115900
115901
115902
115903
115904
115905
115906
115908
117788
117789
117790
117791
117792
117793
117794
117795
117796
117797
117798
117799
117800
117801
117802
117803
117804
117805
117806
117807
117808
117809
117810
117811
117812
117813
117814
117815
117816
117817
117818
117819
117820
117821
117822
117823
117824
117825
117827
119707
119708
119709
119710
119711
119712
119713
119714
119715
119716
119717
119718
119719
119720
119721
119722
119723
119724
119725
119726
119727
119728
119729
119730
119731
119732
119733
119734
119735
119736
119737
119738
119739
119740
119741
119742
119743
119744
119746
121626
121627
121628
121629
121630
121631
121632
121633
121634
121635
121636
121637
121638
121639
121640
121641
121642
121643
121644
121645
121646
121647
121648
121649
121650
121651
121652
121653
121654
121655
121656
121657
121658
121659
121660
121661
121662
121663
121665
123545
123546
123547
123548
123549
123550
123551
123552
123553
123554
123555
123556
123557
123558
123559
123560
123561
123562
123563
123564
123565
123566
123567
123568
123569
123570
123571
123572
123573
123574
123575
123576
123577
123578
123579
123580
123581
123582
123584
125464
125465
125466
125467
125468
125469
125470
125471
125472
125473
125474
125475
125476
125477
125478
125479
125480
125481
125482
125483
125484
125485
125486
125487
125488
125489
125490
125491
125492
125493
125494
125495
125496
125497
125498
125499
125500
125501
125503
127383
127384
127385
127386
127387
127388
127389
127390
127391
127392
127393
127394
127395
127396
127397
127398
127399
127400
127401
127402
127403
127404
127405
127406
127407
127408
127409
127410
127411
127412
127413
127414
127415
127416
127417
127418
127419
127420
127422
129302
129303
129304
129305
129306
129307
129308
129309
129310
129311
129312
129313
129314
129315
129316
129317
129318
129319
129320
129321
129322
129323
129324
129325
129326
129327
129328
129329
129330
129331
129332
129333
129334
129335
129336
129337
129338
129339
129341
131221
131222
131223
131224
131225
131226
131227
131228
131229
131230
131231
131232
131233
131234
131235
131236
131237
131238
131239
131240
131241
131242
131243
131244
131245
131246
131247
131248
131249
131250
131251
131252
131253
131254
131255
131256
131257
131258
131260
133140
133141
133142
133143
133144
133145
133146
133147
133148
133149
133150
133151
133152
133153
133154
133155
133156
133157
133158
133159
133160
133161
133162
133163
133164
133165
133166
133167
133168
133169
133170
133171
133172
133173
133174
133175
133176
133177
133179
135057
135058
135059
135060
135061
135062
135063
135064
135065
135066
135067
135068
135069
135070
135071
135072
135073
135074
135075
135076
135077
135078
135079
135080
135081
135082
135083
135084
135085
135086
135087
135088
135089
135090
135091
135092
135093
135094
135095
135096
135098
136976
136977
136978
136979
136980
136981
136982
136983
136984
136985
136986
136987
136988
136989
136990
136991
136992
136993
136994
136995
136996
136997
136998
136999
137000
137001
137002
137003
137004
137005
137006
137007
137008
137009
137010
137011
137012
137013
137014
137015
137017
138895
138896
138897
138898
138899
138900
138901
138902
138903
138904
138905
138906
138907
138908
138909
138910
138911
138912
138913
138914
138915
138916
138917
138918
138919
138920
138921
138922
138923
138924
138925
138926
138927
138928
138929
138930
138931
138932
138933
138934
138936
140814
140815
140816
140817
140818
140819
140820
140821
140822
140823
140824
140825
140826
140827
140828
140829
140830
140831
140832
140833
140834
140835
140836
140837
140838
140839
140840
140841
140842
140843
140844
140845
140846
140847
140848
140849
140850
140851
140852
140853
140855
142733
142734
142735
142736
142737
142738
142739
142740
142741
142742
142743
142744
142745
142746
142747
142748
142749
142750
142751
142752
142753
142754
142755
142756
142757
142758
142759
142760
142761
142762
142763
142764
142765
142766
142767
142768
142769
142770
142771
142772
142774
144652
144653
144654
144655
144656
144657
144658
144659
144660
144661
144662
144663
144664
144665
144666
144667
144668
144669
144670
144671
144672
144673
144674
144675
144676
144677
144678
144679
144680
144681
144682
144683
144684
144685
144686
144687
144688
144689
144690
144691
144693
146571
146572
146573
146574
146575
146576
146577
146578
146579
146580
146581
146582
146583
146584
146585
146586
146587
146588
146589
146590
146591
146592
146593
146594
146595
146596
146597
146598
146599
146600
146601
146602
146603
146604
146605
146606
146607
146608
146609
146610
146612
148490
148491
148492
148493
148494
148495
148496
148497
148498
148499
148500
148501
148502
148503
148504
148505
148506
148507
148508
148509
148510
148511
148512
148513
148514
148515
148516
148517
148518
148519
148520
148521
148522
148523
148524
148525
148526
148527
148528
148529
148531
150409
150410
150411
150412
150413
150414
150415
150416
150417
150418
150419
150420
150421
150422
150423
150424
150425
150426
150427
150428
150429
150430
150431
150432
150433
150434
150435
150436
150437
150438
150439
150440
150441
150442
150443
150444
150445
150446
150447
150448
150450
151973
151974
151975
151976
151977
151978
151979
151980
151981
151982
151983
151984
151985
151986
151987
151988
151989
151990
151991
151992
154018
154019
154020
154021
154022
154023
154024
154025
154026
154027
154028
154029
154030
154031
154032
154033
154034
154035
154036
154037
154038
154978
154979
154980
154981
154982
154983
154984
154985
154986
154987
154988
154989
154990
154991
154992
154993
154994
154995
154996
154997
155938
155939
155940
155941
155942
155943
155944
155945
155946
155947
155948
155949
155950
155951
155952
155953
155954
155955
155956
155957
156898
156899
156900
156901
156902
156903
156904
156905
156906
156907
156908
156909
156910
156911
156912
156913
156914
156915
156916
156917
157858
157859
157860
157861
157862
157863
157864
157865
157866
157867
157868
157869
157870
157871
157872
157873
157874
157875
157876
157877
158818
158819
158820
158821
158822
158823
158824
158825
158826
158827
158828
158829
158830
158831
158832
158833
158834
158835
158836
158837
159778
159779
159780
159781
159782
159783
159784
159785
159786
159787
159788
159789
159790
159791
159792
159793
159794
159795
159796
159797
160738
160739
160740
160741
160742
160743
160744
160745
160746
160747
160748
160749
160750
160751
160752
160753
160754
160755
160756
160757
161698
161699
161700
161701
161702
161703
161704
161705
161706
161707
161708
161709
161710
161711
161712
161713
161714
161715
161716
161717
162658
162659
162660
162661
162662
162663
162664
162665
162666
162667
162668
162669
162670
162671
162672
162673
162674
162675
162676
162677
163618
163619
163620
163621
163622
163623
163624
163625
163626
163627
163628
163629
163630
163631
163632
163633
163634
163635
163636
163637
164578
164579
164580
164581
164582
164583
164584
164585
164586
164587
164588
164589
164590
164591
164592
164593
164594
164595
164596
164597
165538
165539
165540
165541
165542
165543
165544
165545
165546
165547
165548
165549
165550
165551
165552
165553
165554
165555
165556
165557
166498
166499
166500
166501
166502
166503
166504
166505
166506
166507
166508
166509
166510
166511
166512
166513
166514
166515
166516
166517
167458
167459
167460
167461
167462
167463
167464
167465
167466
167467
167468
167469
167470
167471
167472
167473
167474
167475
167476
167477
168418
168419
168420
168421
168422
168423
168424
168425
168426
168427
168428
168429
168430
168431
168432
168433
168434
168435
168436
168437
169378
169379
169380
169381
169382
169383
169384
169385
169386
169387
169388
169389
169390
169391
169392
169393
169394
169395
169396
169397
170338
170339
170340
170341
170342
170343
170344
170345
170346
170347
170348
170349
170350
170351
170352
170353
170354
170355
170356
170357
171298
171299
171300
171301
171302
171303
171304
171305
171306
171307
171308
171309
171310
171311
171312
171313
171314
171315
171316
171317
172258
172259
172260
172261
172262
172263
172264
172265
172266
172267
172268
172269
172270
172271
172272
172273
172274
172275
172276
172277
173218
173219
173220
173221
173222
173223
173224
173225
173226
173227
173228
173229
173230
173231
173232
173233
173234
173235
173236
173237
174178
174179
174180
174181
174182
174183
174184
174185
174186
174187
174188
174189
174190
174191
174192
174193
174194
174195
174196
174197
175138
175139
175140
175141
175142
175143
175144
175145
175146
175147
175148
175149
175150
175151
175152
175153
175154
175155
175156
175157
176098
176099
176100
176101
176102
176103
176104
176105
176106
176107
176108
176109
176110
176111
176112
176113
176114
176115
176116
176117
177058
177059
177060
177061
177062
177063
177064
177065
177066
177067
177068
177069
177070
177071
177072
177073
177074
177075
177076
177077
178018
178019
178020
178021
178022
178023
178024
178025
178026
178027
178028
178029
178030
178031
178032
178033
178034
178035
178036
178037
178978
178979
178980
178981
178982
178983
178984
178985
178986
178987
178988
178989
178990
178991
178992
178993
178994
178995
178996
178997
179938
179939
179940
179941
179942
179943
179944
179945
179946
179947
179948
179949
179950
179951
179952
179953
179954
179955
179956
179957
180898
180899
180900
180901
180902
180903
180904
180905
180906
180907
180908
180909
180910
180911
180912
180913
180914
180915
180916
180917
181858
181859
181860
181861
181862
181863
181864
181865
181866
181867
181868
181869
181870
181871
181872
181873
181874
181875
181876
181877
182818
182819
182820
182821
182822
182823
182824
182825
182826
182827
182828
182829
182830
182831
182832
182833
182834
182835
182836
182837
183778
183779
183780
183781
183782
183783
183784
183785
183786
183787
183788
183789
183790
183791
183792
183793
183794
183795
183796
183797
184738
184739
184740
184741
184742
184743
184744
184745
184746
184747
184748
184749
184750
184751
184752
184753
184754
184755
184756
184757
185698
185699
185700
185701
185702
185703
185704
185705
185706
185707
185708
185709
185710
185711
185712
185713
185714
185715
185716
185717
186658
186659
186660
186661
186662
186663
186664
186665
186666
186667
186668
186669
186670
186671
186672
186673
186674
186675
186676
186677
187618
187619
187620
187621
187622
187623
187624
187625
187626
187627
187628
187629
187630
187631
187632
187633
187634
187635
187636
187637
188578
188579
188580
188581
188582
188583
188584
188585
188586
188587
188588
188589
188590
188591
188592
188593
188594
188595
188596
188597
189538
189539
189540
189541
189542
189543
189544
189545
189546
189547
189548
189549
189550
189551
189552
189553
189554
189555
189556
189557
190498
190499
190500
190501
190502
190503
190504
190505
190506
190507
190508
190509
190510
190511
190512
190513
190514
190515
190516
190517
191458
191459
191460
191461
191462
191463
191464
191465
191466
191467
191468
191469
191470
191471
191472
191473
191474
191475
191476
191477
192418
192419
192420
192421
192422
192423
192424
192425
192426
192427
192428
192429
192430
192431
192432
192433
192434
192435
192436
192437
193378
193379
193380
193381
193382
193383
193384
193385
193386
193387
193388
193389
193390
193391
193392
193393
193394
193395
193396
193397
194338
194339
194340
194341
194342
194343
194344
194345
194346
194347
194348
194349
194350
194351
194352
194353
194354
194355
194356
194357
195298
195299
195300
195301
195302
195303
195304
195305
195306
195307
195308
195309
195310
195311
195312
195313
195314
195315
195316
195317
196258
196259
196260
196261
196262
196263
196264
196265
196266
196267
196268
196269
196270
196271
196272
196273
196274
196275
196276
196277
197218
197219
197220
197221
197222
197223
197224
197225
197226
197227
197228
197229
197230
197231
197232
197233
197234
197235
197236
197237
198178
198179
198180
198181
198182
198183
198184
198185
198186
198187
198188
198189
198190
198191
198192
198193
198194
198195
198196
198197
199138
199139
199140
199141
199142
199143
199144
199145
199146
199147
199148
199149
199150
199151
199152
199153
199154
199155
199156
199157
200098
200099
200100
200101
200102
200103
200104
200105
200106
200107
200108
200109
200110
200111
200112
200113
200114
200115
200116
200117
201058
201059
201060
201061
201062
201063
201064
201065
201066
201067
201068
201069
201070
201071
201072
201073
201074
201075
201076
201077
202018
202019
202020
202021
202022
202023
202024
202025
202026
202027
202028
202029
202030
202031
202032
202033
202034
202035
202036
202037
202978
202979
202980
202981
202982
202983
202984
202985
202986
202987
202988
202989
202990
202991
202992
202993
202994
202995
202996
202997
203938
203939
203940
203941
203942
203943
203944
203945
203946
203947
203948
203949
203950
203951
203952
203953
203954
203955
203956
203957
204898
204899
204900
204901
204902
204903
204904
204905
204906
204907
204908
204909
204910
204911
204912
204913
204914
204915
204916
204917
205858
205859
205860
205861
205862
205863
205864
205865
205866
205867
205868
205869
205870
205871
205872
205873
205874
205875
205876
205877
206818
206819
206820
206821
206822
206823
206824
206825
206826
206827
206828
206829
206830
206831
206832
206833
206834
206835
206836
206837
207778
207779
207780
207781
207782
207783
207784
207785
207786
207787
207788
207789
207790
207791
207792
207793
207794
207795
207796
207797
208738
208739
208740
208741
208742
208743
208744
208745
208746
208747
208748
208749
208750
208751
208752
208753
208754
208755
208756
208757
209698
209699
209700
209701
209702
209703
209704
209705
209706
209707
209708
209709
209710
209711
209712
209713
209714
209715
209716
209717
210658
210659
210660
210661
210662
210663
210664
210665
210666
210667
210668
210669
210670
210671
210672
210673
210674
210675
210676
210677
211618
211619
211620
211621
211622
211623
211624
211625
211626
211627
211628
211629
211630
211631
211632
211633
211634
211635
211636
211637
212578
212579
212580
212581
212582
212583
212584
212585
212586
212587
212588
212589
212590
212591
212592
212593
212594
212595
212596
212597
213538
213539
213540
213541
213542
213543
213544
213545
213546
213547
213548
213549
213550
213551
213552
213553
213554
213555
213556
213557
214498
214499
214500
214501
214502
214503
214504
214505
214506
214507
214508
214509
214510
214511
214512
214513
214514
214515
214516
214517
215458
215459
215460
215461
215462
215463
215464
215465
215466
215467
215468
215469
215470
215471
215472
215473
215474
215475
215476
215477
216418
216419
216420
216421
216422
216423
216424
216425
216426
216427
216428
216429
216430
216431
216432
216433
216434
216435
216436
216437
217378
217379
217380
217381
217382
217383
217384
217385
217386
217387
217388
217389
217390
217391
217392
217393
217394
217395
217396
217397
218338
218339
218340
218341
218342
218343
218344
218345
218346
218347
218348
218349
218350
218351
218352
218353
218354
218355
218356
218357
219298
219299
219300
219301
219302
219303
219304
219305
219306
219307
219308
219309
219310
219311
219312
219313
219314
219315
219316
219317
220258
220259
220260
220261
220262
220263
220264
220265
220266
220267
220268
220269
220270
220271
220272
220273
220274
220275
220276
220277
221217
221218
221219
221220
221221
221222
221223
221224
221225
221226
221227
221228
221229
221230
221231
221232
221233
221234
221235
221236
221237
222177
222178
222179
222180
222181
222182
222183
222184
222185
222186
222187
222188
222189
222190
222191
222192
222193
222194
222195
222196
222197
223137
223138
223139
223140
223141
223142
223143
223144
223145
223146
223147
223148
223149
223150
223151
223152
223153
223154
223155
223156
223157
224097
224098
224099
224100
224101
224102
224103
224104
224105
224106
224107
224108
224109
224110
224111
224112
224113
224114
224115
224116
224117
225057
225058
225059
225060
225061
225062
225063
225064
225065
225066
225067
225068
225069
225070
225071
225072
225073
225074
225075
225076
225077
226017
226018
226019
226020
226021
226022
226023
226024
226025
226026
226027
226028
226029
226030
226031
226032
226033
226034
226035
226036
226037
226977
226978
226979
226980
226981
226982
226983
226984
226985
226986
226987
226988
226989
226990
226991
226992
226993
226994
226995
226996
226997
227937
227938
227939
227940
227941
227942
227943
227944
227945
227946
227947
227948
227949
227950
227951
227952
227953
227954
227955
227956
227957
228897
228898
228899
228900
228901
228902
228903
228904
228905
228906
228907
228908
228909
228910
228911
228912
228913
228914
228915
228916
228917
229857
229858
229859
229860
229861
229862
229863
229864
229865
229866
229867
229868
229869
229870
229871
229872
229873
229874
229875
229876
229877
231355
231356
231357
231358
231359
231360
231361
231362
231363
231364
231365
231366
231367
231368
231369
231370
231371
231372
231373
231374
231375
232315
232316
232317
232318
232319
232320
232321
232322
232323
232324
232325
232326
232327
232328
232329
232330
232331
232332
232333
232334
233275
233276
233277
233278
233279
233280
233281
233282
233283
233284
233285
233286
233287
233288
233289
233290
233291
233292
233293
233294
234235
234236
234237
234238
234239
234240
234241
234242
234243
234244
234245
234246
234247
234248
234249
234250
234251
234252
234253
234254
235195
235196
235197
235198
235199
235200
235201
235202
235203
235204
235205
235206
235207
235208
235209
235210
235211
235212
235213
235214
236155
236156
236157
236158
236159
236160
236161
236162
236163
236164
236165
236166
236167
236168
236169
236170
236171
236172
236173
236174
237115
237116
237117
237118
237119
237120
237121
237122
237123
237124
237125
237126
237127
237128
237129
237130
237131
237132
237133
237134
238075
238076
238077
238078
238079
238080
238081
238082
238083
238084
238085
238086
238087
238088
238089
238090
238091
238092
238093
238094
239035
239036
239037
239038
239039
239040
239041
239042
239043
239044
239045
239046
239047
239048
239049
239050
239051
239052
239053
239054
239995
239996
239997
239998
239999
240000
240001
240002
240003
240004
240005
240006
240007
240008
240009
240010
240011
240012
240013
240014
240955
240956
240957
240958
240959
240960
240961
240962
240963
240964
240965
240966
240967
240968
240969
240970
240971
240972
240973
240974
241915
241916
241917
241918
241919
241920
241921
241922
241923
241924
241925
241926
241927
241928
241929
241930
241931
241932
241933
241934
242875
242876
242877
242878
242879
242880
242881
242882
242883
242884
242885
242886
242887
242888
242889
242890
242891
242892
242893
242894
243835
243836
243837
243838
243839
243840
243841
243842
243843
243844
243845
243846
243847
243848
243849
243850
243851
243852
243853
243854
244795
244796
244797
244798
244799
244800
244801
244802
244803
244804
244805
244806
244807
244808
244809
244810
244811
244812
244813
244814
245755
245756
245757
245758
245759
245760
245761
245762
245763
245764
245765
245766
245767
245768
245769
245770
245771
245772
245773
245774
246715
246716
246717
246718
246719
246720
246721
246722
246723
246724
246725
246726
246727
246728
246729
246730
246731
246732
246733
246734
247675
247676
247677
247678
247679
247680
247681
247682
247683
247684
247685
247686
247687
247688
247689
247690
247691
247692
247693
247694
248635
248636
248637
248638
248639
248640
248641
248642
248643
248644
248645
248646
248647
248648
248649
248650
248651
248652
248653
248654
249595
249596
249597
249598
249599
249600
249601
249602
249603
249604
249605
249606
249607
249608
249609
249610
249611
249612
249613
249614
250555
250556
250557
250558
250559
250560
250561
250562
250563
250564
250565
250566
250567
250568
250569
250570
250571
250572
250573
250574
251515
251516
251517
251518
251519
251520
251521
251522
251523
251524
251525
251526
251527
251528
251529
251530
251531
251532
251533
251534
252475
252476
252477
252478
252479
252480
252481
252482
252483
252484
252485
252486
252487
252488
252489
252490
252491
252492
252493
252494
253435
253436
253437
253438
253439
253440
253441
253442
253443
253444
253445
253446
253447
253448
253449
253450
253451
253452
253453
253454
254395
254396
254397
254398
254399
254400
254401
254402
254403
254404
254405
254406
254407
254408
254409
254410
254411
254412
254413
254414
255355
255356
255357
255358
255359
255360
255361
255362
255363
255364
255365
255366
255367
255368
255369
255370
255371
255372
255373
255374
256315
256316
256317
256318
256319
256320
256321
256322
256323
256324
256325
256326
256327
256328
256329
256330
256331
256332
256333
256334
257275
257276
257277
257278
257279
257280
257281
257282
257283
257284
257285
257286
257287
257288
257289
257290
257291
257292
257293
257294
258235
258236
258237
258238
258239
258240
258241
258242
258243
258244
258245
258246
258247
258248
258249
258250
258251
258252
258253
258254
259195
259196
259197
259198
259199
259200
259201
259202
259203
259204
259205
259206
259207
259208
259209
259210
259211
259212
259213
259214
260155
260156
260157
260158
260159
260160
260161
260162
260163
260164
260165
260166
260167
260168
260169
260170
260171
260172
260173
260174
261115
261116
261117
261118
261119
261120
261121
261122
261123
261124
261125
261126
261127
261128
261129
261130
261131
261132
261133
261134
262075
262076
262077
262078
262079
262080
262081
262082
262083
262084
262085
262086
262087
262088
262089
262090
262091
262092
262093
262094
263035
263036
263037
263038
263039
263040
263041
263042
263043
263044
263045
263046
263047
263048
263049
263050
263051
263052
263053
263054
263995
263996
263997
263998
263999
264000
264001
264002
264003
264004
264005
264006
264007
264008
264009
264010
264011
264012
264013
264014
264955
264956
264957
264958
264959
264960
264961
264962
264963
264964
264965
264966
264967
264968
264969
264970
264971
264972
264973
264974
265915
265916
265917
265918
265919
265920
265921
265922
265923
265924
265925
265926
265927
265928
265929
265930
265931
265932
265933
265934
266875
266876
266877
266878
266879
266880
266881
266882
266883
266884
266885
266886
266887
266888
266889
266890
266891
266892
266893
266894
267835
267836
267837
267838
267839
267840
267841
267842
267843
267844
267845
267846
267847
267848
267849
267850
267851
267852
267853
267854
268795
268796
268797
268798
268799
268800
268801
268802
268803
268804
268805
268806
268807
268808
268809
268810
268811
268812
268813
268814
269755
269756
269757
269758
269759
269760
269761
269762
269763
269764
269765
269766
269767
269768
269769
269770
269771
269772
269773
269774
270715
270716
270717
270718
270719
270720
270721
270722
270723
270724
270725
270726
270727
270728
270729
270730
270731
270732
270733
270734
271675
271676
271677
271678
271679
271680
271681
271682
271683
271684
271685
271686
271687
271688
271689
271690
271691
271692
271693
271694
272635
272636
272637
272638
272639
272640
272641
272642
272643
272644
272645
272646
272647
272648
272649
272650
272651
272652
272653
272654
273595
273596
273597
273598
273599
273600
273601
273602
273603
273604
273605
273606
273607
273608
273609
273610
273611
273612
273613
273614
274555
274556
274557
274558
274559
274560
274561
274562
274563
274564
274565
274566
274567
274568
274569
274570
274571
274572
274573
274574
275515
275516
275517
275518
275519
275520
275521
275522
275523
275524
275525
275526
275527
275528
275529
275530
275531
275532
275533
275534
276475
276476
276477
276478
276479
276480
276481
276482
276483
276484
276485
276486
276487
276488
276489
276490
276491
276492
276493
276494
277435
277436
277437
277438
277439
277440
277441
277442
277443
277444
277445
277446
277447
277448
277449
277450
277451
277452
277453
277454
278395
278396
278397
278398
278399
278400
278401
278402
278403
278404
278405
278406
278407
278408
278409
278410
278411
278412
278413
278414
279355
279356
279357
279358
279359
279360
279361
279362
279363
279364
279365
279366
279367
279368
279369
279370
279371
279372
279373
279374
280315
280316
280317
280318
280319
280320
280321
280322
280323
280324
280325
280326
280327
280328
280329
280330
280331
280332
280333
280334
281275
281276
281277
281278
281279
281280
281281
281282
281283
281284
281285
281286
281287
281288
281289
281290
281291
281292
281293
281294
282235
282236
282237
282238
282239
282240
282241
282242
282243
282244
282245
282246
282247
282248
282249
282250
282251
282252
282253
282254
283195
283196
283197
283198
283199
283200
283201
283202
283203
283204
283205
283206
283207
283208
283209
283210
283211
283212
283213
283214
284155
284156
284157
284158
284159
284160
284161
284162
284163
284164
284165
284166
284167
284168
284169
284170
284171
284172
284173
284174
285115
285116
285117
285118
285119
285120
285121
285122
285123
285124
285125
285126
285127
285128
285129
285130
285131
285132
285133
285134
286075
286076
286077
286078
286079
286080
286081
286082
286083
286084
286085
286086
286087
286088
286089
286090
286091
286092
286093
286094
287035
287036
287037
287038
287039
287040
287041
287042
287043
287044
287045
287046
287047
287048
287049
287050
287051
287052
287053
287054
287995
287996
287997
287998
287999
288000
288001
288002
288003
288004
288005
288006
288007
288008
288009
288010
288011
288012
288013
288014
288955
288956
288957
288958
288959
288960
288961
288962
288963
288964
288965
288966
288967
288968
288969
288970
288971
288972
288973
288974
289915
289916
289917
289918
289919
289920
289921
289922
289923
289924
289925
289926
289927
289928
289929
289930
289931
289932
289933
289934
290875
290876
290877
290878
290879
290880
290881
290882
290883
290884
290885
290886
290887
290888
290889
290890
290891
290892
290893
290894
291835
291836
291837
291838
291839
291840
291841
291842
291843
291844
291845
291846
291847
291848
291849
291850
291851
291852
291853
291854
292795
292796
292797
292798
292799
292800
292801
292802
292803
292804
292805
292806
292807
292808
292809
292810
292811
292812
292813
292814
293755
293756
293757
293758
293759
293760
293761
293762
293763
293764
293765
293766
293767
293768
293769
293770
293771
293772
293773
293774
294715
294716
294717
294718
294719
294720
294721
294722
294723
294724
294725
294726
294727
294728
294729
294730
294731
294732
294733
294734
295675
295676
295677
295678
295679
295680
295681
295682
295683
295684
295685
295686
295687
295688
295689
295690
295691
295692
295693
295694
296635
296636
296637
296638
296639
296640
296641
296642
296643
296644
296645
296646
296647
296648
296649
296650
296651
296652
296653
296654
297595
297596
297597
297598
297599
297600
297601
297602
297603
297604
297605
297606
297607
297608
297609
297610
297611
297612
297613
297614
298554
298555
298556
298557
298558
298559
298560
298561
298562
298563
298564
298565
298566
298567
298568
298569
298570
298571
298572
298573
298574
299514
299515
299516
299517
299518
299519
299520
299521
299522
299523
299524
299525
299526
299527
299528
299529
299530
299531
299532
299533
299534
300474
300475
300476
300477
300478
300479
300480
300481
300482
300483
300484
300485
300486
300487
300488
300489
300490
300491
300492
300493
300494
301434
301435
301436
301437
301438
301439
301440
301441
301442
301443
301444
301445
301446
301447
301448
301449
301450
301451
301452
301453
301454
302394
302395
302396
302397
302398
302399
302400
302401
302402
302403
302404
302405
302406
302407
302408
302409
302410
302411
302412
302413
302414
303354
303355
303356
303357
303358
303359
303360
303361
303362
303363
303364
303365
303366
303367
303368
303369
303370
303371
303372
303373
303374
304314
304315
304316
304317
304318
304319
304320
304321
304322
304323
304324
304325
304326
304327
304328
304329
304330
304331
304332
304333
304334
305274
305275
305276
305277
305278
305279
305280
305281
305282
305283
305284
305285
305286
305287
305288
305289
305290
305291
305292
305293
305294
306234
306235
306236
306237
306238
306239
306240
306241
306242
306243
306244
306245
306246
306247
306248
306249
306250
306251
306252
306253
306254
307194
307195
307196
307197
307198
307199
307200
307201
307202
307203
307204
307205
307206
307207
307208
307209
307210
307211
307212
307213
307214
308851
308852
308853
308854
308855
308856
308857
308858
308859
308860
308861
308862
308863
308864
308865
308866
308867
308868
308869
308870
308871
-712
-2632
-4552
-6472
-8392
-10312
-12232
-14151
-16070
-17989
-19908
-21827
-23746
-25665
-27584
-29503
-31422
-33341
-35260
-37179
-39098
-41017
-42936
-44855
-46774
-48693
-50612
-52531
-54450
-56369
-58288
-60207
-62126
-64045
-65964
-67883
-69802
-71721
-73640
-75560
-77480
-79400
-81320
-83240
-85160
-87080
-89000
-90920
-92839
-94758
-96677
-98596
-100515
-102434
-104353
-106272
-108191
-110110
-112029
-113948
-115867
-117786
-119705
-121624
-123543
-125462
-127381
-129300
-131219
-133138
-133139
-135055
-136974
-138893
-140812
-142731
-144650
-146569
-148488
-150407
-151972
754
755
2672
4592
6512
8432
10352
12272
14191
16110
18029
19948
21867
23786
25705
27624
29543
31462
33381
35300
37219
39138
41057
42976
44895
46814
48733
50652
52571
54490
56409
58328
60247
62166
64085
66004
67923
69842
71761
73680
75600
77520
79440
81360
83280
85200
87120
89040
90960
92879
94798
96717
98636
100555
102474
104393
106312
108231
110150
112069
113988
115907
117826
119745
121664
123583
125502
127421
129340
131259
133178
135097
137016
138935
140854
142773
144692
146611
148530
150449
151993
)


// ************************************************************************* //
