/*--------------------------------*- C++ -*----------------------------------*\
| =========                 |                                                 |
| \\      /  F ield         | OpenFOAM: The Open Source CFD Toolbox           |
|  \\    /   O peration     | Version:  2.3.0                                 |
|   \\  /    A nd           | Web:      www.OpenFOAM.org                      |
|    \\/     M anipulation  |                                                 |
\*---------------------------------------------------------------------------*/
FoamFile
{
    version     2.0;
    format      ascii;
    class       labelList;
    location    "constant/polyMesh";
    object      faceProcAddressing;
}
// * * * * * * * * * * * * * * * * * * * * * * * * * * * * * * * * * * * * * //


6525
(
996
997
998
999
1000
1001
1002
1003
1004
1005
1006
1007
1008
1009
1010
1011
1012
1013
1014
1015
1016
1017
1018
1019
1020
1021
1022
1023
1024
1025
1026
1027
1028
1029
1030
1031
1032
1033
1035
2916
2917
2918
2919
2920
2921
2922
2923
2924
2925
2926
2927
2928
2929
2930
2931
2932
2933
2934
2935
2936
2937
2938
2939
2940
2941
2942
2943
2944
2945
2946
2947
2948
2949
2950
2951
2952
2953
2955
4836
4837
4838
4839
4840
4841
4842
4843
4844
4845
4846
4847
4848
4849
4850
4851
4852
4853
4854
4855
4856
4857
4858
4859
4860
4861
4862
4863
4864
4865
4866
4867
4868
4869
4870
4871
4872
4873
4875
6756
6757
6758
6759
6760
6761
6762
6763
6764
6765
6766
6767
6768
6769
6770
6771
6772
6773
6774
6775
6776
6777
6778
6779
6780
6781
6782
6783
6784
6785
6786
6787
6788
6789
6790
6791
6792
6793
6795
8676
8677
8678
8679
8680
8681
8682
8683
8684
8685
8686
8687
8688
8689
8690
8691
8692
8693
8694
8695
8696
8697
8698
8699
8700
8701
8702
8703
8704
8705
8706
8707
8708
8709
8710
8711
8712
8713
8715
10596
10597
10598
10599
10600
10601
10602
10603
10604
10605
10606
10607
10608
10609
10610
10611
10612
10613
10614
10615
10616
10617
10618
10619
10620
10621
10622
10623
10624
10625
10626
10627
10628
10629
10630
10631
10632
10633
10635
12516
12517
12518
12519
12520
12521
12522
12523
12524
12525
12526
12527
12528
12529
12530
12531
12532
12533
12534
12535
12536
12537
12538
12539
12540
12541
12542
12543
12544
12545
12546
12547
12548
12549
12550
12551
12552
12553
12555
14435
14436
14437
14438
14439
14440
14441
14442
14443
14444
14445
14446
14447
14448
14449
14450
14451
14452
14453
14454
14455
14456
14457
14458
14459
14460
14461
14462
14463
14464
14465
14466
14467
14468
14469
14470
14471
14472
14474
16354
16355
16356
16357
16358
16359
16360
16361
16362
16363
16364
16365
16366
16367
16368
16369
16370
16371
16372
16373
16374
16375
16376
16377
16378
16379
16380
16381
16382
16383
16384
16385
16386
16387
16388
16389
16390
16391
16393
18273
18274
18275
18276
18277
18278
18279
18280
18281
18282
18283
18284
18285
18286
18287
18288
18289
18290
18291
18292
18293
18294
18295
18296
18297
18298
18299
18300
18301
18302
18303
18304
18305
18306
18307
18308
18309
18310
18312
20192
20193
20194
20195
20196
20197
20198
20199
20200
20201
20202
20203
20204
20205
20206
20207
20208
20209
20210
20211
20212
20213
20214
20215
20216
20217
20218
20219
20220
20221
20222
20223
20224
20225
20226
20227
20228
20229
20231
22111
22112
22113
22114
22115
22116
22117
22118
22119
22120
22121
22122
22123
22124
22125
22126
22127
22128
22129
22130
22131
22132
22133
22134
22135
22136
22137
22138
22139
22140
22141
22142
22143
22144
22145
22146
22147
22148
22150
24030
24031
24032
24033
24034
24035
24036
24037
24038
24039
24040
24041
24042
24043
24044
24045
24046
24047
24048
24049
24050
24051
24052
24053
24054
24055
24056
24057
24058
24059
24060
24061
24062
24063
24064
24065
24066
24067
24069
25949
25950
25951
25952
25953
25954
25955
25956
25957
25958
25959
25960
25961
25962
25963
25964
25965
25966
25967
25968
25969
25970
25971
25972
25973
25974
25975
25976
25977
25978
25979
25980
25981
25982
25983
25984
25985
25986
25988
27868
27869
27870
27871
27872
27873
27874
27875
27876
27877
27878
27879
27880
27881
27882
27883
27884
27885
27886
27887
27888
27889
27890
27891
27892
27893
27894
27895
27896
27897
27898
27899
27900
27901
27902
27903
27904
27905
27907
29787
29788
29789
29790
29791
29792
29793
29794
29795
29796
29797
29798
29799
29800
29801
29802
29803
29804
29805
29806
29807
29808
29809
29810
29811
29812
29813
29814
29815
29816
29817
29818
29819
29820
29821
29822
29823
29824
29826
31706
31707
31708
31709
31710
31711
31712
31713
31714
31715
31716
31717
31718
31719
31720
31721
31722
31723
31724
31725
31726
31727
31728
31729
31730
31731
31732
31733
31734
31735
31736
31737
31738
31739
31740
31741
31742
31743
31745
33625
33626
33627
33628
33629
33630
33631
33632
33633
33634
33635
33636
33637
33638
33639
33640
33641
33642
33643
33644
33645
33646
33647
33648
33649
33650
33651
33652
33653
33654
33655
33656
33657
33658
33659
33660
33661
33662
33664
35544
35545
35546
35547
35548
35549
35550
35551
35552
35553
35554
35555
35556
35557
35558
35559
35560
35561
35562
35563
35564
35565
35566
35567
35568
35569
35570
35571
35572
35573
35574
35575
35576
35577
35578
35579
35580
35581
35583
37463
37464
37465
37466
37467
37468
37469
37470
37471
37472
37473
37474
37475
37476
37477
37478
37479
37480
37481
37482
37483
37484
37485
37486
37487
37488
37489
37490
37491
37492
37493
37494
37495
37496
37497
37498
37499
37500
37502
39382
39383
39384
39385
39386
39387
39388
39389
39390
39391
39392
39393
39394
39395
39396
39397
39398
39399
39400
39401
39402
39403
39404
39405
39406
39407
39408
39409
39410
39411
39412
39413
39414
39415
39416
39417
39418
39419
39421
41301
41302
41303
41304
41305
41306
41307
41308
41309
41310
41311
41312
41313
41314
41315
41316
41317
41318
41319
41320
41321
41322
41323
41324
41325
41326
41327
41328
41329
41330
41331
41332
41333
41334
41335
41336
41337
41338
41340
43220
43221
43222
43223
43224
43225
43226
43227
43228
43229
43230
43231
43232
43233
43234
43235
43236
43237
43238
43239
43240
43241
43242
43243
43244
43245
43246
43247
43248
43249
43250
43251
43252
43253
43254
43255
43256
43257
43259
45139
45140
45141
45142
45143
45144
45145
45146
45147
45148
45149
45150
45151
45152
45153
45154
45155
45156
45157
45158
45159
45160
45161
45162
45163
45164
45165
45166
45167
45168
45169
45170
45171
45172
45173
45174
45175
45176
45178
47058
47059
47060
47061
47062
47063
47064
47065
47066
47067
47068
47069
47070
47071
47072
47073
47074
47075
47076
47077
47078
47079
47080
47081
47082
47083
47084
47085
47086
47087
47088
47089
47090
47091
47092
47093
47094
47095
47097
48977
48978
48979
48980
48981
48982
48983
48984
48985
48986
48987
48988
48989
48990
48991
48992
48993
48994
48995
48996
48997
48998
48999
49000
49001
49002
49003
49004
49005
49006
49007
49008
49009
49010
49011
49012
49013
49014
49016
50896
50897
50898
50899
50900
50901
50902
50903
50904
50905
50906
50907
50908
50909
50910
50911
50912
50913
50914
50915
50916
50917
50918
50919
50920
50921
50922
50923
50924
50925
50926
50927
50928
50929
50930
50931
50932
50933
50935
52815
52816
52817
52818
52819
52820
52821
52822
52823
52824
52825
52826
52827
52828
52829
52830
52831
52832
52833
52834
52835
52836
52837
52838
52839
52840
52841
52842
52843
52844
52845
52846
52847
52848
52849
52850
52851
52852
52854
54734
54735
54736
54737
54738
54739
54740
54741
54742
54743
54744
54745
54746
54747
54748
54749
54750
54751
54752
54753
54754
54755
54756
54757
54758
54759
54760
54761
54762
54763
54764
54765
54766
54767
54768
54769
54770
54771
54773
56653
56654
56655
56656
56657
56658
56659
56660
56661
56662
56663
56664
56665
56666
56667
56668
56669
56670
56671
56672
56673
56674
56675
56676
56677
56678
56679
56680
56681
56682
56683
56684
56685
56686
56687
56688
56689
56690
56692
58572
58573
58574
58575
58576
58577
58578
58579
58580
58581
58582
58583
58584
58585
58586
58587
58588
58589
58590
58591
58592
58593
58594
58595
58596
58597
58598
58599
58600
58601
58602
58603
58604
58605
58606
58607
58608
58609
58611
60491
60492
60493
60494
60495
60496
60497
60498
60499
60500
60501
60502
60503
60504
60505
60506
60507
60508
60509
60510
60511
60512
60513
60514
60515
60516
60517
60518
60519
60520
60521
60522
60523
60524
60525
60526
60527
60528
60530
62410
62411
62412
62413
62414
62415
62416
62417
62418
62419
62420
62421
62422
62423
62424
62425
62426
62427
62428
62429
62430
62431
62432
62433
62434
62435
62436
62437
62438
62439
62440
62441
62442
62443
62444
62445
62446
62447
62449
64329
64330
64331
64332
64333
64334
64335
64336
64337
64338
64339
64340
64341
64342
64343
64344
64345
64346
64347
64348
64349
64350
64351
64352
64353
64354
64355
64356
64357
64358
64359
64360
64361
64362
64363
64364
64365
64366
64368
66248
66249
66250
66251
66252
66253
66254
66255
66256
66257
66258
66259
66260
66261
66262
66263
66264
66265
66266
66267
66268
66269
66270
66271
66272
66273
66274
66275
66276
66277
66278
66279
66280
66281
66282
66283
66284
66285
66287
68167
68168
68169
68170
68171
68172
68173
68174
68175
68176
68177
68178
68179
68180
68181
68182
68183
68184
68185
68186
68187
68188
68189
68190
68191
68192
68193
68194
68195
68196
68197
68198
68199
68200
68201
68202
68203
68204
68206
70086
70087
70088
70089
70090
70091
70092
70093
70094
70095
70096
70097
70098
70099
70100
70101
70102
70103
70104
70105
70106
70107
70108
70109
70110
70111
70112
70113
70114
70115
70116
70117
70118
70119
70120
70121
70122
70123
70125
72005
72006
72007
72008
72009
72010
72011
72012
72013
72014
72015
72016
72017
72018
72019
72020
72021
72022
72023
72024
72025
72026
72027
72028
72029
72030
72031
72032
72033
72034
72035
72036
72037
72038
72039
72040
72041
72042
72044
73924
73925
73926
73927
73928
73929
73930
73931
73932
73933
73934
73935
73936
73937
73938
73939
73940
73941
73942
73943
73944
73945
73946
73947
73948
73949
73950
73951
73952
73953
73954
73955
73956
73957
73958
73959
73960
73961
73963
75844
75845
75846
75847
75848
75849
75850
75851
75852
75853
75854
75855
75856
75857
75858
75859
75860
75861
75862
75863
75864
75865
75866
75867
75868
75869
75870
75871
75872
75873
75874
75875
75876
75877
75878
75879
75880
75881
75883
77764
77765
77766
77767
77768
77769
77770
77771
77772
77773
77774
77775
77776
77777
77778
77779
77780
77781
77782
77783
77784
77785
77786
77787
77788
77789
77790
77791
77792
77793
77794
77795
77796
77797
77798
77799
77800
77801
77803
79684
79685
79686
79687
79688
79689
79690
79691
79692
79693
79694
79695
79696
79697
79698
79699
79700
79701
79702
79703
79704
79705
79706
79707
79708
79709
79710
79711
79712
79713
79714
79715
79716
79717
79718
79719
79720
79721
79723
81604
81605
81606
81607
81608
81609
81610
81611
81612
81613
81614
81615
81616
81617
81618
81619
81620
81621
81622
81623
81624
81625
81626
81627
81628
81629
81630
81631
81632
81633
81634
81635
81636
81637
81638
81639
81640
81641
81643
83524
83525
83526
83527
83528
83529
83530
83531
83532
83533
83534
83535
83536
83537
83538
83539
83540
83541
83542
83543
83544
83545
83546
83547
83548
83549
83550
83551
83552
83553
83554
83555
83556
83557
83558
83559
83560
83561
83563
85444
85445
85446
85447
85448
85449
85450
85451
85452
85453
85454
85455
85456
85457
85458
85459
85460
85461
85462
85463
85464
85465
85466
85467
85468
85469
85470
85471
85472
85473
85474
85475
85476
85477
85478
85479
85480
85481
85483
87364
87365
87366
87367
87368
87369
87370
87371
87372
87373
87374
87375
87376
87377
87378
87379
87380
87381
87382
87383
87384
87385
87386
87387
87388
87389
87390
87391
87392
87393
87394
87395
87396
87397
87398
87399
87400
87401
87403
89284
89285
89286
89287
89288
89289
89290
89291
89292
89293
89294
89295
89296
89297
89298
89299
89300
89301
89302
89303
89304
89305
89306
89307
89308
89309
89310
89311
89312
89313
89314
89315
89316
89317
89318
89319
89320
89321
89323
91204
91205
91206
91207
91208
91209
91210
91211
91212
91213
91214
91215
91216
91217
91218
91219
91220
91221
91222
91223
91224
91225
91226
91227
91228
91229
91230
91231
91232
91233
91234
91235
91236
91237
91238
91239
91240
91241
91243
93123
93124
93125
93126
93127
93128
93129
93130
93131
93132
93133
93134
93135
93136
93137
93138
93139
93140
93141
93142
93143
93144
93145
93146
93147
93148
93149
93150
93151
93152
93153
93154
93155
93156
93157
93158
93159
93160
93162
95042
95043
95044
95045
95046
95047
95048
95049
95050
95051
95052
95053
95054
95055
95056
95057
95058
95059
95060
95061
95062
95063
95064
95065
95066
95067
95068
95069
95070
95071
95072
95073
95074
95075
95076
95077
95078
95079
95081
96961
96962
96963
96964
96965
96966
96967
96968
96969
96970
96971
96972
96973
96974
96975
96976
96977
96978
96979
96980
96981
96982
96983
96984
96985
96986
96987
96988
96989
96990
96991
96992
96993
96994
96995
96996
96997
96998
97000
98880
98881
98882
98883
98884
98885
98886
98887
98888
98889
98890
98891
98892
98893
98894
98895
98896
98897
98898
98899
98900
98901
98902
98903
98904
98905
98906
98907
98908
98909
98910
98911
98912
98913
98914
98915
98916
98917
98919
100799
100800
100801
100802
100803
100804
100805
100806
100807
100808
100809
100810
100811
100812
100813
100814
100815
100816
100817
100818
100819
100820
100821
100822
100823
100824
100825
100826
100827
100828
100829
100830
100831
100832
100833
100834
100835
100836
100838
102718
102719
102720
102721
102722
102723
102724
102725
102726
102727
102728
102729
102730
102731
102732
102733
102734
102735
102736
102737
102738
102739
102740
102741
102742
102743
102744
102745
102746
102747
102748
102749
102750
102751
102752
102753
102754
102755
102757
104637
104638
104639
104640
104641
104642
104643
104644
104645
104646
104647
104648
104649
104650
104651
104652
104653
104654
104655
104656
104657
104658
104659
104660
104661
104662
104663
104664
104665
104666
104667
104668
104669
104670
104671
104672
104673
104674
104676
106556
106557
106558
106559
106560
106561
106562
106563
106564
106565
106566
106567
106568
106569
106570
106571
106572
106573
106574
106575
106576
106577
106578
106579
106580
106581
106582
106583
106584
106585
106586
106587
106588
106589
106590
106591
106592
106593
106595
108475
108476
108477
108478
108479
108480
108481
108482
108483
108484
108485
108486
108487
108488
108489
108490
108491
108492
108493
108494
108495
108496
108497
108498
108499
108500
108501
108502
108503
108504
108505
108506
108507
108508
108509
108510
108511
108512
108514
110394
110395
110396
110397
110398
110399
110400
110401
110402
110403
110404
110405
110406
110407
110408
110409
110410
110411
110412
110413
110414
110415
110416
110417
110418
110419
110420
110421
110422
110423
110424
110425
110426
110427
110428
110429
110430
110431
110433
112313
112314
112315
112316
112317
112318
112319
112320
112321
112322
112323
112324
112325
112326
112327
112328
112329
112330
112331
112332
112333
112334
112335
112336
112337
112338
112339
112340
112341
112342
112343
112344
112345
112346
112347
112348
112349
112350
112352
114232
114233
114234
114235
114236
114237
114238
114239
114240
114241
114242
114243
114244
114245
114246
114247
114248
114249
114250
114251
114252
114253
114254
114255
114256
114257
114258
114259
114260
114261
114262
114263
114264
114265
114266
114267
114268
114269
114271
116151
116152
116153
116154
116155
116156
116157
116158
116159
116160
116161
116162
116163
116164
116165
116166
116167
116168
116169
116170
116171
116172
116173
116174
116175
116176
116177
116178
116179
116180
116181
116182
116183
116184
116185
116186
116187
116188
116190
118070
118071
118072
118073
118074
118075
118076
118077
118078
118079
118080
118081
118082
118083
118084
118085
118086
118087
118088
118089
118090
118091
118092
118093
118094
118095
118096
118097
118098
118099
118100
118101
118102
118103
118104
118105
118106
118107
118109
119989
119990
119991
119992
119993
119994
119995
119996
119997
119998
119999
120000
120001
120002
120003
120004
120005
120006
120007
120008
120009
120010
120011
120012
120013
120014
120015
120016
120017
120018
120019
120020
120021
120022
120023
120024
120025
120026
120028
121908
121909
121910
121911
121912
121913
121914
121915
121916
121917
121918
121919
121920
121921
121922
121923
121924
121925
121926
121927
121928
121929
121930
121931
121932
121933
121934
121935
121936
121937
121938
121939
121940
121941
121942
121943
121944
121945
121947
123827
123828
123829
123830
123831
123832
123833
123834
123835
123836
123837
123838
123839
123840
123841
123842
123843
123844
123845
123846
123847
123848
123849
123850
123851
123852
123853
123854
123855
123856
123857
123858
123859
123860
123861
123862
123863
123864
123866
125746
125747
125748
125749
125750
125751
125752
125753
125754
125755
125756
125757
125758
125759
125760
125761
125762
125763
125764
125765
125766
125767
125768
125769
125770
125771
125772
125773
125774
125775
125776
125777
125778
125779
125780
125781
125782
125783
125785
127665
127666
127667
127668
127669
127670
127671
127672
127673
127674
127675
127676
127677
127678
127679
127680
127681
127682
127683
127684
127685
127686
127687
127688
127689
127690
127691
127692
127693
127694
127695
127696
127697
127698
127699
127700
127701
127702
127704
129582
129583
129584
129585
129586
129587
129588
129589
129590
129591
129592
129593
129594
129595
129596
129597
129598
129599
129600
129601
129602
129603
129604
129605
129606
129607
129608
129609
129610
129611
129612
129613
129614
129615
129616
129617
129618
129619
129620
129621
129623
131501
131502
131503
131504
131505
131506
131507
131508
131509
131510
131511
131512
131513
131514
131515
131516
131517
131518
131519
131520
131521
131522
131523
131524
131525
131526
131527
131528
131529
131530
131531
131532
131533
131534
131535
131536
131537
131538
131539
131540
131542
133420
133421
133422
133423
133424
133425
133426
133427
133428
133429
133430
133431
133432
133433
133434
133435
133436
133437
133438
133439
133440
133441
133442
133443
133444
133445
133446
133447
133448
133449
133450
133451
133452
133453
133454
133455
133456
133457
133458
133459
133461
135339
135340
135341
135342
135343
135344
135345
135346
135347
135348
135349
135350
135351
135352
135353
135354
135355
135356
135357
135358
135359
135360
135361
135362
135363
135364
135365
135366
135367
135368
135369
135370
135371
135372
135373
135374
135375
135376
135377
135378
135380
137258
137259
137260
137261
137262
137263
137264
137265
137266
137267
137268
137269
137270
137271
137272
137273
137274
137275
137276
137277
137278
137279
137280
137281
137282
137283
137284
137285
137286
137287
137288
137289
137290
137291
137292
137293
137294
137295
137296
137297
137299
139177
139178
139179
139180
139181
139182
139183
139184
139185
139186
139187
139188
139189
139190
139191
139192
139193
139194
139195
139196
139197
139198
139199
139200
139201
139202
139203
139204
139205
139206
139207
139208
139209
139210
139211
139212
139213
139214
139215
139216
139218
141096
141097
141098
141099
141100
141101
141102
141103
141104
141105
141106
141107
141108
141109
141110
141111
141112
141113
141114
141115
141116
141117
141118
141119
141120
141121
141122
141123
141124
141125
141126
141127
141128
141129
141130
141131
141132
141133
141134
141135
141137
143015
143016
143017
143018
143019
143020
143021
143022
143023
143024
143025
143026
143027
143028
143029
143030
143031
143032
143033
143034
143035
143036
143037
143038
143039
143040
143041
143042
143043
143044
143045
143046
143047
143048
143049
143050
143051
143052
143053
143054
143056
144934
144935
144936
144937
144938
144939
144940
144941
144942
144943
144944
144945
144946
144947
144948
144949
144950
144951
144952
144953
144954
144955
144956
144957
144958
144959
144960
144961
144962
144963
144964
144965
144966
144967
144968
144969
144970
144971
144972
144973
144975
146853
146854
146855
146856
146857
146858
146859
146860
146861
146862
146863
146864
146865
146866
146867
146868
146869
146870
146871
146872
146873
146874
146875
146876
146877
146878
146879
146880
146881
146882
146883
146884
146885
146886
146887
146888
146889
146890
146891
146892
146894
148772
148773
148774
148775
148776
148777
148778
148779
148780
148781
148782
148783
148784
148785
148786
148787
148788
148789
148790
148791
148792
148793
148794
148795
148796
148797
148798
148799
148800
148801
148802
148803
148804
148805
148806
148807
148808
148809
148810
148811
150691
150692
150693
150694
150695
150696
150697
150698
150699
150700
150701
150702
150703
150704
150705
150706
150707
150708
150709
150710
150711
150712
150713
150714
150715
150716
150717
150718
150719
150720
150721
150722
150723
150724
150725
150726
150727
150728
150730
152114
152115
152116
152117
152118
152119
152120
152121
152122
152123
152124
152125
152126
152127
152128
152129
152130
152131
152132
154159
154160
154161
154162
154163
154164
154165
154166
154167
154168
154169
154170
154171
154172
154173
154174
154175
154176
154177
154178
155119
155120
155121
155122
155123
155124
155125
155126
155127
155128
155129
155130
155131
155132
155133
155134
155135
155136
155137
155138
156079
156080
156081
156082
156083
156084
156085
156086
156087
156088
156089
156090
156091
156092
156093
156094
156095
156096
156097
156098
157039
157040
157041
157042
157043
157044
157045
157046
157047
157048
157049
157050
157051
157052
157053
157054
157055
157056
157057
157058
157999
158000
158001
158002
158003
158004
158005
158006
158007
158008
158009
158010
158011
158012
158013
158014
158015
158016
158017
158018
158959
158960
158961
158962
158963
158964
158965
158966
158967
158968
158969
158970
158971
158972
158973
158974
158975
158976
158977
158978
159919
159920
159921
159922
159923
159924
159925
159926
159927
159928
159929
159930
159931
159932
159933
159934
159935
159936
159937
159938
160879
160880
160881
160882
160883
160884
160885
160886
160887
160888
160889
160890
160891
160892
160893
160894
160895
160896
160897
160898
161839
161840
161841
161842
161843
161844
161845
161846
161847
161848
161849
161850
161851
161852
161853
161854
161855
161856
161857
161858
162799
162800
162801
162802
162803
162804
162805
162806
162807
162808
162809
162810
162811
162812
162813
162814
162815
162816
162817
162818
163759
163760
163761
163762
163763
163764
163765
163766
163767
163768
163769
163770
163771
163772
163773
163774
163775
163776
163777
163778
164719
164720
164721
164722
164723
164724
164725
164726
164727
164728
164729
164730
164731
164732
164733
164734
164735
164736
164737
164738
165679
165680
165681
165682
165683
165684
165685
165686
165687
165688
165689
165690
165691
165692
165693
165694
165695
165696
165697
165698
166639
166640
166641
166642
166643
166644
166645
166646
166647
166648
166649
166650
166651
166652
166653
166654
166655
166656
166657
166658
167599
167600
167601
167602
167603
167604
167605
167606
167607
167608
167609
167610
167611
167612
167613
167614
167615
167616
167617
167618
168559
168560
168561
168562
168563
168564
168565
168566
168567
168568
168569
168570
168571
168572
168573
168574
168575
168576
168577
168578
169519
169520
169521
169522
169523
169524
169525
169526
169527
169528
169529
169530
169531
169532
169533
169534
169535
169536
169537
169538
170479
170480
170481
170482
170483
170484
170485
170486
170487
170488
170489
170490
170491
170492
170493
170494
170495
170496
170497
170498
171439
171440
171441
171442
171443
171444
171445
171446
171447
171448
171449
171450
171451
171452
171453
171454
171455
171456
171457
171458
172399
172400
172401
172402
172403
172404
172405
172406
172407
172408
172409
172410
172411
172412
172413
172414
172415
172416
172417
172418
173359
173360
173361
173362
173363
173364
173365
173366
173367
173368
173369
173370
173371
173372
173373
173374
173375
173376
173377
173378
174319
174320
174321
174322
174323
174324
174325
174326
174327
174328
174329
174330
174331
174332
174333
174334
174335
174336
174337
174338
175279
175280
175281
175282
175283
175284
175285
175286
175287
175288
175289
175290
175291
175292
175293
175294
175295
175296
175297
175298
176239
176240
176241
176242
176243
176244
176245
176246
176247
176248
176249
176250
176251
176252
176253
176254
176255
176256
176257
176258
177199
177200
177201
177202
177203
177204
177205
177206
177207
177208
177209
177210
177211
177212
177213
177214
177215
177216
177217
177218
178159
178160
178161
178162
178163
178164
178165
178166
178167
178168
178169
178170
178171
178172
178173
178174
178175
178176
178177
178178
179119
179120
179121
179122
179123
179124
179125
179126
179127
179128
179129
179130
179131
179132
179133
179134
179135
179136
179137
179138
180079
180080
180081
180082
180083
180084
180085
180086
180087
180088
180089
180090
180091
180092
180093
180094
180095
180096
180097
180098
181039
181040
181041
181042
181043
181044
181045
181046
181047
181048
181049
181050
181051
181052
181053
181054
181055
181056
181057
181058
181999
182000
182001
182002
182003
182004
182005
182006
182007
182008
182009
182010
182011
182012
182013
182014
182015
182016
182017
182018
182959
182960
182961
182962
182963
182964
182965
182966
182967
182968
182969
182970
182971
182972
182973
182974
182975
182976
182977
182978
183919
183920
183921
183922
183923
183924
183925
183926
183927
183928
183929
183930
183931
183932
183933
183934
183935
183936
183937
183938
184879
184880
184881
184882
184883
184884
184885
184886
184887
184888
184889
184890
184891
184892
184893
184894
184895
184896
184897
184898
185839
185840
185841
185842
185843
185844
185845
185846
185847
185848
185849
185850
185851
185852
185853
185854
185855
185856
185857
185858
186799
186800
186801
186802
186803
186804
186805
186806
186807
186808
186809
186810
186811
186812
186813
186814
186815
186816
186817
186818
187759
187760
187761
187762
187763
187764
187765
187766
187767
187768
187769
187770
187771
187772
187773
187774
187775
187776
187777
187778
188719
188720
188721
188722
188723
188724
188725
188726
188727
188728
188729
188730
188731
188732
188733
188734
188735
188736
188737
188738
189679
189680
189681
189682
189683
189684
189685
189686
189687
189688
189689
189690
189691
189692
189693
189694
189695
189696
189697
189698
190639
190640
190641
190642
190643
190644
190645
190646
190647
190648
190649
190650
190651
190652
190653
190654
190655
190656
190657
190658
191599
191600
191601
191602
191603
191604
191605
191606
191607
191608
191609
191610
191611
191612
191613
191614
191615
191616
191617
191618
192559
192560
192561
192562
192563
192564
192565
192566
192567
192568
192569
192570
192571
192572
192573
192574
192575
192576
192577
192578
193519
193520
193521
193522
193523
193524
193525
193526
193527
193528
193529
193530
193531
193532
193533
193534
193535
193536
193537
193538
194479
194480
194481
194482
194483
194484
194485
194486
194487
194488
194489
194490
194491
194492
194493
194494
194495
194496
194497
194498
195439
195440
195441
195442
195443
195444
195445
195446
195447
195448
195449
195450
195451
195452
195453
195454
195455
195456
195457
195458
196399
196400
196401
196402
196403
196404
196405
196406
196407
196408
196409
196410
196411
196412
196413
196414
196415
196416
196417
196418
197359
197360
197361
197362
197363
197364
197365
197366
197367
197368
197369
197370
197371
197372
197373
197374
197375
197376
197377
197378
198319
198320
198321
198322
198323
198324
198325
198326
198327
198328
198329
198330
198331
198332
198333
198334
198335
198336
198337
198338
199279
199280
199281
199282
199283
199284
199285
199286
199287
199288
199289
199290
199291
199292
199293
199294
199295
199296
199297
199298
200239
200240
200241
200242
200243
200244
200245
200246
200247
200248
200249
200250
200251
200252
200253
200254
200255
200256
200257
200258
201199
201200
201201
201202
201203
201204
201205
201206
201207
201208
201209
201210
201211
201212
201213
201214
201215
201216
201217
201218
202159
202160
202161
202162
202163
202164
202165
202166
202167
202168
202169
202170
202171
202172
202173
202174
202175
202176
202177
202178
203119
203120
203121
203122
203123
203124
203125
203126
203127
203128
203129
203130
203131
203132
203133
203134
203135
203136
203137
203138
204079
204080
204081
204082
204083
204084
204085
204086
204087
204088
204089
204090
204091
204092
204093
204094
204095
204096
204097
204098
205039
205040
205041
205042
205043
205044
205045
205046
205047
205048
205049
205050
205051
205052
205053
205054
205055
205056
205057
205058
205999
206000
206001
206002
206003
206004
206005
206006
206007
206008
206009
206010
206011
206012
206013
206014
206015
206016
206017
206018
206959
206960
206961
206962
206963
206964
206965
206966
206967
206968
206969
206970
206971
206972
206973
206974
206975
206976
206977
206978
207919
207920
207921
207922
207923
207924
207925
207926
207927
207928
207929
207930
207931
207932
207933
207934
207935
207936
207937
207938
208879
208880
208881
208882
208883
208884
208885
208886
208887
208888
208889
208890
208891
208892
208893
208894
208895
208896
208897
208898
209839
209840
209841
209842
209843
209844
209845
209846
209847
209848
209849
209850
209851
209852
209853
209854
209855
209856
209857
209858
210799
210800
210801
210802
210803
210804
210805
210806
210807
210808
210809
210810
210811
210812
210813
210814
210815
210816
210817
210818
211759
211760
211761
211762
211763
211764
211765
211766
211767
211768
211769
211770
211771
211772
211773
211774
211775
211776
211777
211778
212719
212720
212721
212722
212723
212724
212725
212726
212727
212728
212729
212730
212731
212732
212733
212734
212735
212736
212737
212738
213679
213680
213681
213682
213683
213684
213685
213686
213687
213688
213689
213690
213691
213692
213693
213694
213695
213696
213697
213698
214639
214640
214641
214642
214643
214644
214645
214646
214647
214648
214649
214650
214651
214652
214653
214654
214655
214656
214657
214658
215599
215600
215601
215602
215603
215604
215605
215606
215607
215608
215609
215610
215611
215612
215613
215614
215615
215616
215617
215618
216559
216560
216561
216562
216563
216564
216565
216566
216567
216568
216569
216570
216571
216572
216573
216574
216575
216576
216577
216578
217519
217520
217521
217522
217523
217524
217525
217526
217527
217528
217529
217530
217531
217532
217533
217534
217535
217536
217537
217538
218478
218479
218480
218481
218482
218483
218484
218485
218486
218487
218488
218489
218490
218491
218492
218493
218494
218495
218496
218497
218498
219438
219439
219440
219441
219442
219443
219444
219445
219446
219447
219448
219449
219450
219451
219452
219453
219454
219455
219456
219457
219458
220398
220399
220400
220401
220402
220403
220404
220405
220406
220407
220408
220409
220410
220411
220412
220413
220414
220415
220416
220417
220418
221358
221359
221360
221361
221362
221363
221364
221365
221366
221367
221368
221369
221370
221371
221372
221373
221374
221375
221376
221377
221378
222318
222319
222320
222321
222322
222323
222324
222325
222326
222327
222328
222329
222330
222331
222332
222333
222334
222335
222336
222337
222338
223278
223279
223280
223281
223282
223283
223284
223285
223286
223287
223288
223289
223290
223291
223292
223293
223294
223295
223296
223297
223298
224238
224239
224240
224241
224242
224243
224244
224245
224246
224247
224248
224249
224250
224251
224252
224253
224254
224255
224256
224257
224258
225198
225199
225200
225201
225202
225203
225204
225205
225206
225207
225208
225209
225210
225211
225212
225213
225214
225215
225216
225217
225218
226158
226159
226160
226161
226162
226163
226164
226165
226166
226167
226168
226169
226170
226171
226172
226173
226174
226175
226176
226177
226178
227118
227119
227120
227121
227122
227123
227124
227125
227126
227127
227128
227129
227130
227131
227132
227133
227134
227135
227136
227137
227138
228078
228079
228080
228081
228082
228083
228084
228085
228086
228087
228088
228089
228090
228091
228092
228093
228094
228095
228096
228097
228098
229038
229039
229040
229041
229042
229043
229044
229045
229046
229047
229048
229049
229050
229051
229052
229053
229054
229055
229056
229057
229998
229999
230000
230001
230002
230003
230004
230005
230006
230007
230008
230009
230010
230011
230012
230013
230014
230015
230016
230017
231496
231497
231498
231499
231500
231501
231502
231503
231504
231505
231506
231507
231508
231509
231510
231511
231512
231513
231514
231515
232456
232457
232458
232459
232460
232461
232462
232463
232464
232465
232466
232467
232468
232469
232470
232471
232472
232473
232474
232475
233416
233417
233418
233419
233420
233421
233422
233423
233424
233425
233426
233427
233428
233429
233430
233431
233432
233433
233434
233435
234376
234377
234378
234379
234380
234381
234382
234383
234384
234385
234386
234387
234388
234389
234390
234391
234392
234393
234394
234395
235336
235337
235338
235339
235340
235341
235342
235343
235344
235345
235346
235347
235348
235349
235350
235351
235352
235353
235354
235355
236296
236297
236298
236299
236300
236301
236302
236303
236304
236305
236306
236307
236308
236309
236310
236311
236312
236313
236314
236315
237256
237257
237258
237259
237260
237261
237262
237263
237264
237265
237266
237267
237268
237269
237270
237271
237272
237273
237274
237275
238216
238217
238218
238219
238220
238221
238222
238223
238224
238225
238226
238227
238228
238229
238230
238231
238232
238233
238234
238235
239176
239177
239178
239179
239180
239181
239182
239183
239184
239185
239186
239187
239188
239189
239190
239191
239192
239193
239194
239195
240136
240137
240138
240139
240140
240141
240142
240143
240144
240145
240146
240147
240148
240149
240150
240151
240152
240153
240154
240155
241096
241097
241098
241099
241100
241101
241102
241103
241104
241105
241106
241107
241108
241109
241110
241111
241112
241113
241114
241115
242056
242057
242058
242059
242060
242061
242062
242063
242064
242065
242066
242067
242068
242069
242070
242071
242072
242073
242074
242075
243016
243017
243018
243019
243020
243021
243022
243023
243024
243025
243026
243027
243028
243029
243030
243031
243032
243033
243034
243035
243976
243977
243978
243979
243980
243981
243982
243983
243984
243985
243986
243987
243988
243989
243990
243991
243992
243993
243994
243995
244936
244937
244938
244939
244940
244941
244942
244943
244944
244945
244946
244947
244948
244949
244950
244951
244952
244953
244954
244955
245896
245897
245898
245899
245900
245901
245902
245903
245904
245905
245906
245907
245908
245909
245910
245911
245912
245913
245914
245915
246856
246857
246858
246859
246860
246861
246862
246863
246864
246865
246866
246867
246868
246869
246870
246871
246872
246873
246874
246875
247816
247817
247818
247819
247820
247821
247822
247823
247824
247825
247826
247827
247828
247829
247830
247831
247832
247833
247834
247835
248776
248777
248778
248779
248780
248781
248782
248783
248784
248785
248786
248787
248788
248789
248790
248791
248792
248793
248794
248795
249736
249737
249738
249739
249740
249741
249742
249743
249744
249745
249746
249747
249748
249749
249750
249751
249752
249753
249754
249755
250696
250697
250698
250699
250700
250701
250702
250703
250704
250705
250706
250707
250708
250709
250710
250711
250712
250713
250714
250715
251656
251657
251658
251659
251660
251661
251662
251663
251664
251665
251666
251667
251668
251669
251670
251671
251672
251673
251674
251675
252616
252617
252618
252619
252620
252621
252622
252623
252624
252625
252626
252627
252628
252629
252630
252631
252632
252633
252634
252635
253576
253577
253578
253579
253580
253581
253582
253583
253584
253585
253586
253587
253588
253589
253590
253591
253592
253593
253594
253595
254536
254537
254538
254539
254540
254541
254542
254543
254544
254545
254546
254547
254548
254549
254550
254551
254552
254553
254554
254555
255496
255497
255498
255499
255500
255501
255502
255503
255504
255505
255506
255507
255508
255509
255510
255511
255512
255513
255514
255515
256456
256457
256458
256459
256460
256461
256462
256463
256464
256465
256466
256467
256468
256469
256470
256471
256472
256473
256474
256475
257416
257417
257418
257419
257420
257421
257422
257423
257424
257425
257426
257427
257428
257429
257430
257431
257432
257433
257434
257435
258376
258377
258378
258379
258380
258381
258382
258383
258384
258385
258386
258387
258388
258389
258390
258391
258392
258393
258394
258395
259336
259337
259338
259339
259340
259341
259342
259343
259344
259345
259346
259347
259348
259349
259350
259351
259352
259353
259354
259355
260296
260297
260298
260299
260300
260301
260302
260303
260304
260305
260306
260307
260308
260309
260310
260311
260312
260313
260314
260315
261256
261257
261258
261259
261260
261261
261262
261263
261264
261265
261266
261267
261268
261269
261270
261271
261272
261273
261274
261275
262216
262217
262218
262219
262220
262221
262222
262223
262224
262225
262226
262227
262228
262229
262230
262231
262232
262233
262234
262235
263176
263177
263178
263179
263180
263181
263182
263183
263184
263185
263186
263187
263188
263189
263190
263191
263192
263193
263194
263195
264136
264137
264138
264139
264140
264141
264142
264143
264144
264145
264146
264147
264148
264149
264150
264151
264152
264153
264154
264155
265096
265097
265098
265099
265100
265101
265102
265103
265104
265105
265106
265107
265108
265109
265110
265111
265112
265113
265114
265115
266056
266057
266058
266059
266060
266061
266062
266063
266064
266065
266066
266067
266068
266069
266070
266071
266072
266073
266074
266075
267016
267017
267018
267019
267020
267021
267022
267023
267024
267025
267026
267027
267028
267029
267030
267031
267032
267033
267034
267035
267976
267977
267978
267979
267980
267981
267982
267983
267984
267985
267986
267987
267988
267989
267990
267991
267992
267993
267994
267995
268936
268937
268938
268939
268940
268941
268942
268943
268944
268945
268946
268947
268948
268949
268950
268951
268952
268953
268954
268955
269896
269897
269898
269899
269900
269901
269902
269903
269904
269905
269906
269907
269908
269909
269910
269911
269912
269913
269914
269915
270856
270857
270858
270859
270860
270861
270862
270863
270864
270865
270866
270867
270868
270869
270870
270871
270872
270873
270874
270875
271816
271817
271818
271819
271820
271821
271822
271823
271824
271825
271826
271827
271828
271829
271830
271831
271832
271833
271834
271835
272776
272777
272778
272779
272780
272781
272782
272783
272784
272785
272786
272787
272788
272789
272790
272791
272792
272793
272794
272795
273736
273737
273738
273739
273740
273741
273742
273743
273744
273745
273746
273747
273748
273749
273750
273751
273752
273753
273754
273755
274696
274697
274698
274699
274700
274701
274702
274703
274704
274705
274706
274707
274708
274709
274710
274711
274712
274713
274714
274715
275656
275657
275658
275659
275660
275661
275662
275663
275664
275665
275666
275667
275668
275669
275670
275671
275672
275673
275674
275675
276616
276617
276618
276619
276620
276621
276622
276623
276624
276625
276626
276627
276628
276629
276630
276631
276632
276633
276634
276635
277576
277577
277578
277579
277580
277581
277582
277583
277584
277585
277586
277587
277588
277589
277590
277591
277592
277593
277594
277595
278536
278537
278538
278539
278540
278541
278542
278543
278544
278545
278546
278547
278548
278549
278550
278551
278552
278553
278554
278555
279496
279497
279498
279499
279500
279501
279502
279503
279504
279505
279506
279507
279508
279509
279510
279511
279512
279513
279514
279515
280456
280457
280458
280459
280460
280461
280462
280463
280464
280465
280466
280467
280468
280469
280470
280471
280472
280473
280474
280475
281416
281417
281418
281419
281420
281421
281422
281423
281424
281425
281426
281427
281428
281429
281430
281431
281432
281433
281434
281435
282376
282377
282378
282379
282380
282381
282382
282383
282384
282385
282386
282387
282388
282389
282390
282391
282392
282393
282394
282395
283336
283337
283338
283339
283340
283341
283342
283343
283344
283345
283346
283347
283348
283349
283350
283351
283352
283353
283354
283355
284296
284297
284298
284299
284300
284301
284302
284303
284304
284305
284306
284307
284308
284309
284310
284311
284312
284313
284314
284315
285256
285257
285258
285259
285260
285261
285262
285263
285264
285265
285266
285267
285268
285269
285270
285271
285272
285273
285274
285275
286216
286217
286218
286219
286220
286221
286222
286223
286224
286225
286226
286227
286228
286229
286230
286231
286232
286233
286234
286235
287176
287177
287178
287179
287180
287181
287182
287183
287184
287185
287186
287187
287188
287189
287190
287191
287192
287193
287194
287195
288136
288137
288138
288139
288140
288141
288142
288143
288144
288145
288146
288147
288148
288149
288150
288151
288152
288153
288154
288155
289096
289097
289098
289099
289100
289101
289102
289103
289104
289105
289106
289107
289108
289109
289110
289111
289112
289113
289114
289115
290056
290057
290058
290059
290060
290061
290062
290063
290064
290065
290066
290067
290068
290069
290070
290071
290072
290073
290074
290075
291016
291017
291018
291019
291020
291021
291022
291023
291024
291025
291026
291027
291028
291029
291030
291031
291032
291033
291034
291035
291976
291977
291978
291979
291980
291981
291982
291983
291984
291985
291986
291987
291988
291989
291990
291991
291992
291993
291994
291995
292936
292937
292938
292939
292940
292941
292942
292943
292944
292945
292946
292947
292948
292949
292950
292951
292952
292953
292954
292955
293896
293897
293898
293899
293900
293901
293902
293903
293904
293905
293906
293907
293908
293909
293910
293911
293912
293913
293914
293915
294856
294857
294858
294859
294860
294861
294862
294863
294864
294865
294866
294867
294868
294869
294870
294871
294872
294873
294874
294875
295815
295816
295817
295818
295819
295820
295821
295822
295823
295824
295825
295826
295827
295828
295829
295830
295831
295832
295833
295834
295835
296775
296776
296777
296778
296779
296780
296781
296782
296783
296784
296785
296786
296787
296788
296789
296790
296791
296792
296793
296794
296795
297735
297736
297737
297738
297739
297740
297741
297742
297743
297744
297745
297746
297747
297748
297749
297750
297751
297752
297753
297754
297755
298695
298696
298697
298698
298699
298700
298701
298702
298703
298704
298705
298706
298707
298708
298709
298710
298711
298712
298713
298714
298715
299655
299656
299657
299658
299659
299660
299661
299662
299663
299664
299665
299666
299667
299668
299669
299670
299671
299672
299673
299674
299675
300615
300616
300617
300618
300619
300620
300621
300622
300623
300624
300625
300626
300627
300628
300629
300630
300631
300632
300633
300634
300635
301575
301576
301577
301578
301579
301580
301581
301582
301583
301584
301585
301586
301587
301588
301589
301590
301591
301592
301593
301594
301595
302535
302536
302537
302538
302539
302540
302541
302542
302543
302544
302545
302546
302547
302548
302549
302550
302551
302552
302553
302554
302555
303495
303496
303497
303498
303499
303500
303501
303502
303503
303504
303505
303506
303507
303508
303509
303510
303511
303512
303513
303514
303515
304455
304456
304457
304458
304459
304460
304461
304462
304463
304464
304465
304466
304467
304468
304469
304470
304471
304472
304473
304474
304475
305415
305416
305417
305418
305419
305420
305421
305422
305423
305424
305425
305426
305427
305428
305429
305430
305431
305432
305433
305434
305435
306375
306376
306377
306378
306379
306380
306381
306382
306383
306384
306385
306386
306387
306388
306389
306390
306391
306392
306393
306394
307335
307336
307337
307338
307339
307340
307341
307342
307343
307344
307345
307346
307347
307348
307349
307350
307351
307352
307353
307354
308992
308993
308994
308995
308996
308997
308998
308999
309000
309001
309002
309003
309004
309005
309006
309007
309008
309009
309010
309011
-994
-2914
-4834
-6754
-8674
-10594
-12514
-14433
-16352
-18271
-20190
-22109
-24028
-25947
-27866
-29785
-31704
-33623
-35542
-37461
-39380
-41299
-43218
-45137
-47056
-48975
-50894
-52813
-54732
-56651
-58570
-60489
-62408
-64327
-66246
-68165
-70084
-72003
-73922
-75842
-77762
-79682
-81602
-83522
-85442
-87362
-89282
-91202
-93121
-95040
-96959
-98878
-100797
-102716
-104635
-106554
-108473
-110392
-112311
-114230
-116149
-118068
-119987
-121906
-123825
-125744
-127663
-127664
-129580
-131499
-133418
-135337
-137256
-139175
-141094
-143013
-144932
-146851
-148770
-150689
-152113
1034
2954
4874
6794
8714
10634
12554
14473
16392
18311
20230
22149
24068
25987
27906
29825
31744
33663
35582
37501
39420
41339
43258
45177
47096
49015
50934
52853
54772
56691
58610
60529
62448
64367
66286
68205
70124
72043
73962
75882
77802
79722
81642
83562
85482
87402
89322
91242
93161
95080
96999
98918
100837
102756
104675
106594
108513
110432
112351
114270
116189
118108
120027
121946
123865
125784
127703
129622
131541
133460
135379
137298
139217
141136
143055
144974
146893
148812
148813
150729
152133
)


// ************************************************************************* //
