/*--------------------------------*- C++ -*----------------------------------*\
| =========                 |                                                 |
| \\      /  F ield         | OpenFOAM: The Open Source CFD Toolbox           |
|  \\    /   O peration     | Version:  2.3.0                                 |
|   \\  /    A nd           | Web:      www.OpenFOAM.org                      |
|    \\/     M anipulation  |                                                 |
\*---------------------------------------------------------------------------*/
FoamFile
{
    version     2.0;
    format      ascii;
    class       labelList;
    location    "constant/polyMesh";
    object      faceProcAddressing;
}
// * * * * * * * * * * * * * * * * * * * * * * * * * * * * * * * * * * * * * //


6525
(
674
675
676
677
678
679
680
681
682
683
684
685
686
687
688
689
690
691
692
693
694
695
696
697
698
699
700
701
702
703
704
705
706
707
708
709
710
711
713
2594
2595
2596
2597
2598
2599
2600
2601
2602
2603
2604
2605
2606
2607
2608
2609
2610
2611
2612
2613
2614
2615
2616
2617
2618
2619
2620
2621
2622
2623
2624
2625
2626
2627
2628
2629
2630
2631
2633
4514
4515
4516
4517
4518
4519
4520
4521
4522
4523
4524
4525
4526
4527
4528
4529
4530
4531
4532
4533
4534
4535
4536
4537
4538
4539
4540
4541
4542
4543
4544
4545
4546
4547
4548
4549
4550
4551
4553
6434
6435
6436
6437
6438
6439
6440
6441
6442
6443
6444
6445
6446
6447
6448
6449
6450
6451
6452
6453
6454
6455
6456
6457
6458
6459
6460
6461
6462
6463
6464
6465
6466
6467
6468
6469
6470
6471
6473
8354
8355
8356
8357
8358
8359
8360
8361
8362
8363
8364
8365
8366
8367
8368
8369
8370
8371
8372
8373
8374
8375
8376
8377
8378
8379
8380
8381
8382
8383
8384
8385
8386
8387
8388
8389
8390
8391
8393
10274
10275
10276
10277
10278
10279
10280
10281
10282
10283
10284
10285
10286
10287
10288
10289
10290
10291
10292
10293
10294
10295
10296
10297
10298
10299
10300
10301
10302
10303
10304
10305
10306
10307
10308
10309
10310
10311
10313
12194
12195
12196
12197
12198
12199
12200
12201
12202
12203
12204
12205
12206
12207
12208
12209
12210
12211
12212
12213
12214
12215
12216
12217
12218
12219
12220
12221
12222
12223
12224
12225
12226
12227
12228
12229
12230
12231
12233
14113
14114
14115
14116
14117
14118
14119
14120
14121
14122
14123
14124
14125
14126
14127
14128
14129
14130
14131
14132
14133
14134
14135
14136
14137
14138
14139
14140
14141
14142
14143
14144
14145
14146
14147
14148
14149
14150
14152
16032
16033
16034
16035
16036
16037
16038
16039
16040
16041
16042
16043
16044
16045
16046
16047
16048
16049
16050
16051
16052
16053
16054
16055
16056
16057
16058
16059
16060
16061
16062
16063
16064
16065
16066
16067
16068
16069
16071
17951
17952
17953
17954
17955
17956
17957
17958
17959
17960
17961
17962
17963
17964
17965
17966
17967
17968
17969
17970
17971
17972
17973
17974
17975
17976
17977
17978
17979
17980
17981
17982
17983
17984
17985
17986
17987
17988
17990
19870
19871
19872
19873
19874
19875
19876
19877
19878
19879
19880
19881
19882
19883
19884
19885
19886
19887
19888
19889
19890
19891
19892
19893
19894
19895
19896
19897
19898
19899
19900
19901
19902
19903
19904
19905
19906
19907
19909
21789
21790
21791
21792
21793
21794
21795
21796
21797
21798
21799
21800
21801
21802
21803
21804
21805
21806
21807
21808
21809
21810
21811
21812
21813
21814
21815
21816
21817
21818
21819
21820
21821
21822
21823
21824
21825
21826
21828
23708
23709
23710
23711
23712
23713
23714
23715
23716
23717
23718
23719
23720
23721
23722
23723
23724
23725
23726
23727
23728
23729
23730
23731
23732
23733
23734
23735
23736
23737
23738
23739
23740
23741
23742
23743
23744
23745
23747
25627
25628
25629
25630
25631
25632
25633
25634
25635
25636
25637
25638
25639
25640
25641
25642
25643
25644
25645
25646
25647
25648
25649
25650
25651
25652
25653
25654
25655
25656
25657
25658
25659
25660
25661
25662
25663
25664
25666
27546
27547
27548
27549
27550
27551
27552
27553
27554
27555
27556
27557
27558
27559
27560
27561
27562
27563
27564
27565
27566
27567
27568
27569
27570
27571
27572
27573
27574
27575
27576
27577
27578
27579
27580
27581
27582
27583
27585
29465
29466
29467
29468
29469
29470
29471
29472
29473
29474
29475
29476
29477
29478
29479
29480
29481
29482
29483
29484
29485
29486
29487
29488
29489
29490
29491
29492
29493
29494
29495
29496
29497
29498
29499
29500
29501
29502
29504
31384
31385
31386
31387
31388
31389
31390
31391
31392
31393
31394
31395
31396
31397
31398
31399
31400
31401
31402
31403
31404
31405
31406
31407
31408
31409
31410
31411
31412
31413
31414
31415
31416
31417
31418
31419
31420
31421
31423
33303
33304
33305
33306
33307
33308
33309
33310
33311
33312
33313
33314
33315
33316
33317
33318
33319
33320
33321
33322
33323
33324
33325
33326
33327
33328
33329
33330
33331
33332
33333
33334
33335
33336
33337
33338
33339
33340
33342
35222
35223
35224
35225
35226
35227
35228
35229
35230
35231
35232
35233
35234
35235
35236
35237
35238
35239
35240
35241
35242
35243
35244
35245
35246
35247
35248
35249
35250
35251
35252
35253
35254
35255
35256
35257
35258
35259
35261
37141
37142
37143
37144
37145
37146
37147
37148
37149
37150
37151
37152
37153
37154
37155
37156
37157
37158
37159
37160
37161
37162
37163
37164
37165
37166
37167
37168
37169
37170
37171
37172
37173
37174
37175
37176
37177
37178
37180
39060
39061
39062
39063
39064
39065
39066
39067
39068
39069
39070
39071
39072
39073
39074
39075
39076
39077
39078
39079
39080
39081
39082
39083
39084
39085
39086
39087
39088
39089
39090
39091
39092
39093
39094
39095
39096
39097
39099
40979
40980
40981
40982
40983
40984
40985
40986
40987
40988
40989
40990
40991
40992
40993
40994
40995
40996
40997
40998
40999
41000
41001
41002
41003
41004
41005
41006
41007
41008
41009
41010
41011
41012
41013
41014
41015
41016
41018
42898
42899
42900
42901
42902
42903
42904
42905
42906
42907
42908
42909
42910
42911
42912
42913
42914
42915
42916
42917
42918
42919
42920
42921
42922
42923
42924
42925
42926
42927
42928
42929
42930
42931
42932
42933
42934
42935
42937
44817
44818
44819
44820
44821
44822
44823
44824
44825
44826
44827
44828
44829
44830
44831
44832
44833
44834
44835
44836
44837
44838
44839
44840
44841
44842
44843
44844
44845
44846
44847
44848
44849
44850
44851
44852
44853
44854
44856
46736
46737
46738
46739
46740
46741
46742
46743
46744
46745
46746
46747
46748
46749
46750
46751
46752
46753
46754
46755
46756
46757
46758
46759
46760
46761
46762
46763
46764
46765
46766
46767
46768
46769
46770
46771
46772
46773
46775
48655
48656
48657
48658
48659
48660
48661
48662
48663
48664
48665
48666
48667
48668
48669
48670
48671
48672
48673
48674
48675
48676
48677
48678
48679
48680
48681
48682
48683
48684
48685
48686
48687
48688
48689
48690
48691
48692
48694
50574
50575
50576
50577
50578
50579
50580
50581
50582
50583
50584
50585
50586
50587
50588
50589
50590
50591
50592
50593
50594
50595
50596
50597
50598
50599
50600
50601
50602
50603
50604
50605
50606
50607
50608
50609
50610
50611
50613
52493
52494
52495
52496
52497
52498
52499
52500
52501
52502
52503
52504
52505
52506
52507
52508
52509
52510
52511
52512
52513
52514
52515
52516
52517
52518
52519
52520
52521
52522
52523
52524
52525
52526
52527
52528
52529
52530
52532
54412
54413
54414
54415
54416
54417
54418
54419
54420
54421
54422
54423
54424
54425
54426
54427
54428
54429
54430
54431
54432
54433
54434
54435
54436
54437
54438
54439
54440
54441
54442
54443
54444
54445
54446
54447
54448
54449
54451
56331
56332
56333
56334
56335
56336
56337
56338
56339
56340
56341
56342
56343
56344
56345
56346
56347
56348
56349
56350
56351
56352
56353
56354
56355
56356
56357
56358
56359
56360
56361
56362
56363
56364
56365
56366
56367
56368
56370
58250
58251
58252
58253
58254
58255
58256
58257
58258
58259
58260
58261
58262
58263
58264
58265
58266
58267
58268
58269
58270
58271
58272
58273
58274
58275
58276
58277
58278
58279
58280
58281
58282
58283
58284
58285
58286
58287
58289
60169
60170
60171
60172
60173
60174
60175
60176
60177
60178
60179
60180
60181
60182
60183
60184
60185
60186
60187
60188
60189
60190
60191
60192
60193
60194
60195
60196
60197
60198
60199
60200
60201
60202
60203
60204
60205
60206
60208
62088
62089
62090
62091
62092
62093
62094
62095
62096
62097
62098
62099
62100
62101
62102
62103
62104
62105
62106
62107
62108
62109
62110
62111
62112
62113
62114
62115
62116
62117
62118
62119
62120
62121
62122
62123
62124
62125
62127
64007
64008
64009
64010
64011
64012
64013
64014
64015
64016
64017
64018
64019
64020
64021
64022
64023
64024
64025
64026
64027
64028
64029
64030
64031
64032
64033
64034
64035
64036
64037
64038
64039
64040
64041
64042
64043
64044
64046
65926
65927
65928
65929
65930
65931
65932
65933
65934
65935
65936
65937
65938
65939
65940
65941
65942
65943
65944
65945
65946
65947
65948
65949
65950
65951
65952
65953
65954
65955
65956
65957
65958
65959
65960
65961
65962
65963
65965
67845
67846
67847
67848
67849
67850
67851
67852
67853
67854
67855
67856
67857
67858
67859
67860
67861
67862
67863
67864
67865
67866
67867
67868
67869
67870
67871
67872
67873
67874
67875
67876
67877
67878
67879
67880
67881
67882
67884
69764
69765
69766
69767
69768
69769
69770
69771
69772
69773
69774
69775
69776
69777
69778
69779
69780
69781
69782
69783
69784
69785
69786
69787
69788
69789
69790
69791
69792
69793
69794
69795
69796
69797
69798
69799
69800
69801
69803
71683
71684
71685
71686
71687
71688
71689
71690
71691
71692
71693
71694
71695
71696
71697
71698
71699
71700
71701
71702
71703
71704
71705
71706
71707
71708
71709
71710
71711
71712
71713
71714
71715
71716
71717
71718
71719
71720
71722
73602
73603
73604
73605
73606
73607
73608
73609
73610
73611
73612
73613
73614
73615
73616
73617
73618
73619
73620
73621
73622
73623
73624
73625
73626
73627
73628
73629
73630
73631
73632
73633
73634
73635
73636
73637
73638
73639
73641
75522
75523
75524
75525
75526
75527
75528
75529
75530
75531
75532
75533
75534
75535
75536
75537
75538
75539
75540
75541
75542
75543
75544
75545
75546
75547
75548
75549
75550
75551
75552
75553
75554
75555
75556
75557
75558
75559
75561
77442
77443
77444
77445
77446
77447
77448
77449
77450
77451
77452
77453
77454
77455
77456
77457
77458
77459
77460
77461
77462
77463
77464
77465
77466
77467
77468
77469
77470
77471
77472
77473
77474
77475
77476
77477
77478
77479
77481
79362
79363
79364
79365
79366
79367
79368
79369
79370
79371
79372
79373
79374
79375
79376
79377
79378
79379
79380
79381
79382
79383
79384
79385
79386
79387
79388
79389
79390
79391
79392
79393
79394
79395
79396
79397
79398
79399
79401
81282
81283
81284
81285
81286
81287
81288
81289
81290
81291
81292
81293
81294
81295
81296
81297
81298
81299
81300
81301
81302
81303
81304
81305
81306
81307
81308
81309
81310
81311
81312
81313
81314
81315
81316
81317
81318
81319
81321
83202
83203
83204
83205
83206
83207
83208
83209
83210
83211
83212
83213
83214
83215
83216
83217
83218
83219
83220
83221
83222
83223
83224
83225
83226
83227
83228
83229
83230
83231
83232
83233
83234
83235
83236
83237
83238
83239
83241
85122
85123
85124
85125
85126
85127
85128
85129
85130
85131
85132
85133
85134
85135
85136
85137
85138
85139
85140
85141
85142
85143
85144
85145
85146
85147
85148
85149
85150
85151
85152
85153
85154
85155
85156
85157
85158
85159
85161
87042
87043
87044
87045
87046
87047
87048
87049
87050
87051
87052
87053
87054
87055
87056
87057
87058
87059
87060
87061
87062
87063
87064
87065
87066
87067
87068
87069
87070
87071
87072
87073
87074
87075
87076
87077
87078
87079
87081
88962
88963
88964
88965
88966
88967
88968
88969
88970
88971
88972
88973
88974
88975
88976
88977
88978
88979
88980
88981
88982
88983
88984
88985
88986
88987
88988
88989
88990
88991
88992
88993
88994
88995
88996
88997
88998
88999
89001
90882
90883
90884
90885
90886
90887
90888
90889
90890
90891
90892
90893
90894
90895
90896
90897
90898
90899
90900
90901
90902
90903
90904
90905
90906
90907
90908
90909
90910
90911
90912
90913
90914
90915
90916
90917
90918
90919
90921
92801
92802
92803
92804
92805
92806
92807
92808
92809
92810
92811
92812
92813
92814
92815
92816
92817
92818
92819
92820
92821
92822
92823
92824
92825
92826
92827
92828
92829
92830
92831
92832
92833
92834
92835
92836
92837
92838
92840
94720
94721
94722
94723
94724
94725
94726
94727
94728
94729
94730
94731
94732
94733
94734
94735
94736
94737
94738
94739
94740
94741
94742
94743
94744
94745
94746
94747
94748
94749
94750
94751
94752
94753
94754
94755
94756
94757
94759
96639
96640
96641
96642
96643
96644
96645
96646
96647
96648
96649
96650
96651
96652
96653
96654
96655
96656
96657
96658
96659
96660
96661
96662
96663
96664
96665
96666
96667
96668
96669
96670
96671
96672
96673
96674
96675
96676
96678
98558
98559
98560
98561
98562
98563
98564
98565
98566
98567
98568
98569
98570
98571
98572
98573
98574
98575
98576
98577
98578
98579
98580
98581
98582
98583
98584
98585
98586
98587
98588
98589
98590
98591
98592
98593
98594
98595
98597
100477
100478
100479
100480
100481
100482
100483
100484
100485
100486
100487
100488
100489
100490
100491
100492
100493
100494
100495
100496
100497
100498
100499
100500
100501
100502
100503
100504
100505
100506
100507
100508
100509
100510
100511
100512
100513
100514
100516
102396
102397
102398
102399
102400
102401
102402
102403
102404
102405
102406
102407
102408
102409
102410
102411
102412
102413
102414
102415
102416
102417
102418
102419
102420
102421
102422
102423
102424
102425
102426
102427
102428
102429
102430
102431
102432
102433
102435
104315
104316
104317
104318
104319
104320
104321
104322
104323
104324
104325
104326
104327
104328
104329
104330
104331
104332
104333
104334
104335
104336
104337
104338
104339
104340
104341
104342
104343
104344
104345
104346
104347
104348
104349
104350
104351
104352
104354
106234
106235
106236
106237
106238
106239
106240
106241
106242
106243
106244
106245
106246
106247
106248
106249
106250
106251
106252
106253
106254
106255
106256
106257
106258
106259
106260
106261
106262
106263
106264
106265
106266
106267
106268
106269
106270
106271
106273
108153
108154
108155
108156
108157
108158
108159
108160
108161
108162
108163
108164
108165
108166
108167
108168
108169
108170
108171
108172
108173
108174
108175
108176
108177
108178
108179
108180
108181
108182
108183
108184
108185
108186
108187
108188
108189
108190
108192
110072
110073
110074
110075
110076
110077
110078
110079
110080
110081
110082
110083
110084
110085
110086
110087
110088
110089
110090
110091
110092
110093
110094
110095
110096
110097
110098
110099
110100
110101
110102
110103
110104
110105
110106
110107
110108
110109
110111
111991
111992
111993
111994
111995
111996
111997
111998
111999
112000
112001
112002
112003
112004
112005
112006
112007
112008
112009
112010
112011
112012
112013
112014
112015
112016
112017
112018
112019
112020
112021
112022
112023
112024
112025
112026
112027
112028
112030
113908
113909
113910
113911
113912
113913
113914
113915
113916
113917
113918
113919
113920
113921
113922
113923
113924
113925
113926
113927
113928
113929
113930
113931
113932
113933
113934
113935
113936
113937
113938
113939
113940
113941
113942
113943
113944
113945
113946
113947
113949
115827
115828
115829
115830
115831
115832
115833
115834
115835
115836
115837
115838
115839
115840
115841
115842
115843
115844
115845
115846
115847
115848
115849
115850
115851
115852
115853
115854
115855
115856
115857
115858
115859
115860
115861
115862
115863
115864
115865
115866
115868
117746
117747
117748
117749
117750
117751
117752
117753
117754
117755
117756
117757
117758
117759
117760
117761
117762
117763
117764
117765
117766
117767
117768
117769
117770
117771
117772
117773
117774
117775
117776
117777
117778
117779
117780
117781
117782
117783
117784
117785
117787
119665
119666
119667
119668
119669
119670
119671
119672
119673
119674
119675
119676
119677
119678
119679
119680
119681
119682
119683
119684
119685
119686
119687
119688
119689
119690
119691
119692
119693
119694
119695
119696
119697
119698
119699
119700
119701
119702
119703
119704
119706
121584
121585
121586
121587
121588
121589
121590
121591
121592
121593
121594
121595
121596
121597
121598
121599
121600
121601
121602
121603
121604
121605
121606
121607
121608
121609
121610
121611
121612
121613
121614
121615
121616
121617
121618
121619
121620
121621
121622
121623
121625
123503
123504
123505
123506
123507
123508
123509
123510
123511
123512
123513
123514
123515
123516
123517
123518
123519
123520
123521
123522
123523
123524
123525
123526
123527
123528
123529
123530
123531
123532
123533
123534
123535
123536
123537
123538
123539
123540
123541
123542
123544
125422
125423
125424
125425
125426
125427
125428
125429
125430
125431
125432
125433
125434
125435
125436
125437
125438
125439
125440
125441
125442
125443
125444
125445
125446
125447
125448
125449
125450
125451
125452
125453
125454
125455
125456
125457
125458
125459
125460
125461
125463
127341
127342
127343
127344
127345
127346
127347
127348
127349
127350
127351
127352
127353
127354
127355
127356
127357
127358
127359
127360
127361
127362
127363
127364
127365
127366
127367
127368
127369
127370
127371
127372
127373
127374
127375
127376
127377
127378
127379
127380
127382
129260
129261
129262
129263
129264
129265
129266
129267
129268
129269
129270
129271
129272
129273
129274
129275
129276
129277
129278
129279
129280
129281
129282
129283
129284
129285
129286
129287
129288
129289
129290
129291
129292
129293
129294
129295
129296
129297
129298
129299
129301
131179
131180
131181
131182
131183
131184
131185
131186
131187
131188
131189
131190
131191
131192
131193
131194
131195
131196
131197
131198
131199
131200
131201
131202
131203
131204
131205
131206
131207
131208
131209
131210
131211
131212
131213
131214
131215
131216
131217
131218
131220
133098
133099
133100
133101
133102
133103
133104
133105
133106
133107
133108
133109
133110
133111
133112
133113
133114
133115
133116
133117
133118
133119
133120
133121
133122
133123
133124
133125
133126
133127
133128
133129
133130
133131
133132
133133
133134
133135
133136
133137
135017
135018
135019
135020
135021
135022
135023
135024
135025
135026
135027
135028
135029
135030
135031
135032
135033
135034
135035
135036
135037
135038
135039
135040
135041
135042
135043
135044
135045
135046
135047
135048
135049
135050
135051
135052
135053
135054
135056
136936
136937
136938
136939
136940
136941
136942
136943
136944
136945
136946
136947
136948
136949
136950
136951
136952
136953
136954
136955
136956
136957
136958
136959
136960
136961
136962
136963
136964
136965
136966
136967
136968
136969
136970
136971
136972
136973
136975
138855
138856
138857
138858
138859
138860
138861
138862
138863
138864
138865
138866
138867
138868
138869
138870
138871
138872
138873
138874
138875
138876
138877
138878
138879
138880
138881
138882
138883
138884
138885
138886
138887
138888
138889
138890
138891
138892
138894
140774
140775
140776
140777
140778
140779
140780
140781
140782
140783
140784
140785
140786
140787
140788
140789
140790
140791
140792
140793
140794
140795
140796
140797
140798
140799
140800
140801
140802
140803
140804
140805
140806
140807
140808
140809
140810
140811
140813
142693
142694
142695
142696
142697
142698
142699
142700
142701
142702
142703
142704
142705
142706
142707
142708
142709
142710
142711
142712
142713
142714
142715
142716
142717
142718
142719
142720
142721
142722
142723
142724
142725
142726
142727
142728
142729
142730
142732
144612
144613
144614
144615
144616
144617
144618
144619
144620
144621
144622
144623
144624
144625
144626
144627
144628
144629
144630
144631
144632
144633
144634
144635
144636
144637
144638
144639
144640
144641
144642
144643
144644
144645
144646
144647
144648
144649
144651
146531
146532
146533
146534
146535
146536
146537
146538
146539
146540
146541
146542
146543
146544
146545
146546
146547
146548
146549
146550
146551
146552
146553
146554
146555
146556
146557
146558
146559
146560
146561
146562
146563
146564
146565
146566
146567
146568
146570
148450
148451
148452
148453
148454
148455
148456
148457
148458
148459
148460
148461
148462
148463
148464
148465
148466
148467
148468
148469
148470
148471
148472
148473
148474
148475
148476
148477
148478
148479
148480
148481
148482
148483
148484
148485
148486
148487
148489
150369
150370
150371
150372
150373
150374
150375
150376
150377
150378
150379
150380
150381
150382
150383
150384
150385
150386
150387
150388
150389
150390
150391
150392
150393
150394
150395
150396
150397
150398
150399
150400
150401
150402
150403
150404
150405
150406
150408
151953
151954
151955
151956
151957
151958
151959
151960
151961
151962
151963
151964
151965
151966
151967
151968
151969
151970
151971
153998
153999
154000
154001
154002
154003
154004
154005
154006
154007
154008
154009
154010
154011
154012
154013
154014
154015
154016
154017
154958
154959
154960
154961
154962
154963
154964
154965
154966
154967
154968
154969
154970
154971
154972
154973
154974
154975
154976
154977
155918
155919
155920
155921
155922
155923
155924
155925
155926
155927
155928
155929
155930
155931
155932
155933
155934
155935
155936
155937
156878
156879
156880
156881
156882
156883
156884
156885
156886
156887
156888
156889
156890
156891
156892
156893
156894
156895
156896
156897
157838
157839
157840
157841
157842
157843
157844
157845
157846
157847
157848
157849
157850
157851
157852
157853
157854
157855
157856
157857
158798
158799
158800
158801
158802
158803
158804
158805
158806
158807
158808
158809
158810
158811
158812
158813
158814
158815
158816
158817
159758
159759
159760
159761
159762
159763
159764
159765
159766
159767
159768
159769
159770
159771
159772
159773
159774
159775
159776
159777
160718
160719
160720
160721
160722
160723
160724
160725
160726
160727
160728
160729
160730
160731
160732
160733
160734
160735
160736
160737
161678
161679
161680
161681
161682
161683
161684
161685
161686
161687
161688
161689
161690
161691
161692
161693
161694
161695
161696
161697
162638
162639
162640
162641
162642
162643
162644
162645
162646
162647
162648
162649
162650
162651
162652
162653
162654
162655
162656
162657
163598
163599
163600
163601
163602
163603
163604
163605
163606
163607
163608
163609
163610
163611
163612
163613
163614
163615
163616
163617
164558
164559
164560
164561
164562
164563
164564
164565
164566
164567
164568
164569
164570
164571
164572
164573
164574
164575
164576
164577
165518
165519
165520
165521
165522
165523
165524
165525
165526
165527
165528
165529
165530
165531
165532
165533
165534
165535
165536
165537
166478
166479
166480
166481
166482
166483
166484
166485
166486
166487
166488
166489
166490
166491
166492
166493
166494
166495
166496
166497
167438
167439
167440
167441
167442
167443
167444
167445
167446
167447
167448
167449
167450
167451
167452
167453
167454
167455
167456
167457
168398
168399
168400
168401
168402
168403
168404
168405
168406
168407
168408
168409
168410
168411
168412
168413
168414
168415
168416
168417
169358
169359
169360
169361
169362
169363
169364
169365
169366
169367
169368
169369
169370
169371
169372
169373
169374
169375
169376
169377
170318
170319
170320
170321
170322
170323
170324
170325
170326
170327
170328
170329
170330
170331
170332
170333
170334
170335
170336
170337
171278
171279
171280
171281
171282
171283
171284
171285
171286
171287
171288
171289
171290
171291
171292
171293
171294
171295
171296
171297
172238
172239
172240
172241
172242
172243
172244
172245
172246
172247
172248
172249
172250
172251
172252
172253
172254
172255
172256
172257
173198
173199
173200
173201
173202
173203
173204
173205
173206
173207
173208
173209
173210
173211
173212
173213
173214
173215
173216
173217
174158
174159
174160
174161
174162
174163
174164
174165
174166
174167
174168
174169
174170
174171
174172
174173
174174
174175
174176
174177
175118
175119
175120
175121
175122
175123
175124
175125
175126
175127
175128
175129
175130
175131
175132
175133
175134
175135
175136
175137
176078
176079
176080
176081
176082
176083
176084
176085
176086
176087
176088
176089
176090
176091
176092
176093
176094
176095
176096
176097
177038
177039
177040
177041
177042
177043
177044
177045
177046
177047
177048
177049
177050
177051
177052
177053
177054
177055
177056
177057
177998
177999
178000
178001
178002
178003
178004
178005
178006
178007
178008
178009
178010
178011
178012
178013
178014
178015
178016
178017
178958
178959
178960
178961
178962
178963
178964
178965
178966
178967
178968
178969
178970
178971
178972
178973
178974
178975
178976
178977
179918
179919
179920
179921
179922
179923
179924
179925
179926
179927
179928
179929
179930
179931
179932
179933
179934
179935
179936
179937
180878
180879
180880
180881
180882
180883
180884
180885
180886
180887
180888
180889
180890
180891
180892
180893
180894
180895
180896
180897
181838
181839
181840
181841
181842
181843
181844
181845
181846
181847
181848
181849
181850
181851
181852
181853
181854
181855
181856
181857
182798
182799
182800
182801
182802
182803
182804
182805
182806
182807
182808
182809
182810
182811
182812
182813
182814
182815
182816
182817
183758
183759
183760
183761
183762
183763
183764
183765
183766
183767
183768
183769
183770
183771
183772
183773
183774
183775
183776
183777
184718
184719
184720
184721
184722
184723
184724
184725
184726
184727
184728
184729
184730
184731
184732
184733
184734
184735
184736
184737
185678
185679
185680
185681
185682
185683
185684
185685
185686
185687
185688
185689
185690
185691
185692
185693
185694
185695
185696
185697
186638
186639
186640
186641
186642
186643
186644
186645
186646
186647
186648
186649
186650
186651
186652
186653
186654
186655
186656
186657
187598
187599
187600
187601
187602
187603
187604
187605
187606
187607
187608
187609
187610
187611
187612
187613
187614
187615
187616
187617
188558
188559
188560
188561
188562
188563
188564
188565
188566
188567
188568
188569
188570
188571
188572
188573
188574
188575
188576
188577
189518
189519
189520
189521
189522
189523
189524
189525
189526
189527
189528
189529
189530
189531
189532
189533
189534
189535
189536
189537
190478
190479
190480
190481
190482
190483
190484
190485
190486
190487
190488
190489
190490
190491
190492
190493
190494
190495
190496
190497
191438
191439
191440
191441
191442
191443
191444
191445
191446
191447
191448
191449
191450
191451
191452
191453
191454
191455
191456
191457
192398
192399
192400
192401
192402
192403
192404
192405
192406
192407
192408
192409
192410
192411
192412
192413
192414
192415
192416
192417
193358
193359
193360
193361
193362
193363
193364
193365
193366
193367
193368
193369
193370
193371
193372
193373
193374
193375
193376
193377
194318
194319
194320
194321
194322
194323
194324
194325
194326
194327
194328
194329
194330
194331
194332
194333
194334
194335
194336
194337
195278
195279
195280
195281
195282
195283
195284
195285
195286
195287
195288
195289
195290
195291
195292
195293
195294
195295
195296
195297
196238
196239
196240
196241
196242
196243
196244
196245
196246
196247
196248
196249
196250
196251
196252
196253
196254
196255
196256
196257
197198
197199
197200
197201
197202
197203
197204
197205
197206
197207
197208
197209
197210
197211
197212
197213
197214
197215
197216
197217
198158
198159
198160
198161
198162
198163
198164
198165
198166
198167
198168
198169
198170
198171
198172
198173
198174
198175
198176
198177
199118
199119
199120
199121
199122
199123
199124
199125
199126
199127
199128
199129
199130
199131
199132
199133
199134
199135
199136
199137
200078
200079
200080
200081
200082
200083
200084
200085
200086
200087
200088
200089
200090
200091
200092
200093
200094
200095
200096
200097
201038
201039
201040
201041
201042
201043
201044
201045
201046
201047
201048
201049
201050
201051
201052
201053
201054
201055
201056
201057
201998
201999
202000
202001
202002
202003
202004
202005
202006
202007
202008
202009
202010
202011
202012
202013
202014
202015
202016
202017
202958
202959
202960
202961
202962
202963
202964
202965
202966
202967
202968
202969
202970
202971
202972
202973
202974
202975
202976
202977
203918
203919
203920
203921
203922
203923
203924
203925
203926
203927
203928
203929
203930
203931
203932
203933
203934
203935
203936
203937
204878
204879
204880
204881
204882
204883
204884
204885
204886
204887
204888
204889
204890
204891
204892
204893
204894
204895
204896
204897
205838
205839
205840
205841
205842
205843
205844
205845
205846
205847
205848
205849
205850
205851
205852
205853
205854
205855
205856
205857
206798
206799
206800
206801
206802
206803
206804
206805
206806
206807
206808
206809
206810
206811
206812
206813
206814
206815
206816
206817
207758
207759
207760
207761
207762
207763
207764
207765
207766
207767
207768
207769
207770
207771
207772
207773
207774
207775
207776
207777
208718
208719
208720
208721
208722
208723
208724
208725
208726
208727
208728
208729
208730
208731
208732
208733
208734
208735
208736
208737
209678
209679
209680
209681
209682
209683
209684
209685
209686
209687
209688
209689
209690
209691
209692
209693
209694
209695
209696
209697
210637
210638
210639
210640
210641
210642
210643
210644
210645
210646
210647
210648
210649
210650
210651
210652
210653
210654
210655
210656
210657
211597
211598
211599
211600
211601
211602
211603
211604
211605
211606
211607
211608
211609
211610
211611
211612
211613
211614
211615
211616
211617
212557
212558
212559
212560
212561
212562
212563
212564
212565
212566
212567
212568
212569
212570
212571
212572
212573
212574
212575
212576
212577
213517
213518
213519
213520
213521
213522
213523
213524
213525
213526
213527
213528
213529
213530
213531
213532
213533
213534
213535
213536
213537
214477
214478
214479
214480
214481
214482
214483
214484
214485
214486
214487
214488
214489
214490
214491
214492
214493
214494
214495
214496
214497
215437
215438
215439
215440
215441
215442
215443
215444
215445
215446
215447
215448
215449
215450
215451
215452
215453
215454
215455
215456
215457
216397
216398
216399
216400
216401
216402
216403
216404
216405
216406
216407
216408
216409
216410
216411
216412
216413
216414
216415
216416
216417
217357
217358
217359
217360
217361
217362
217363
217364
217365
217366
217367
217368
217369
217370
217371
217372
217373
217374
217375
217376
217377
218317
218318
218319
218320
218321
218322
218323
218324
218325
218326
218327
218328
218329
218330
218331
218332
218333
218334
218335
218336
218337
219277
219278
219279
219280
219281
219282
219283
219284
219285
219286
219287
219288
219289
219290
219291
219292
219293
219294
219295
219296
219297
220237
220238
220239
220240
220241
220242
220243
220244
220245
220246
220247
220248
220249
220250
220251
220252
220253
220254
220255
220256
220257
221197
221198
221199
221200
221201
221202
221203
221204
221205
221206
221207
221208
221209
221210
221211
221212
221213
221214
221215
221216
222157
222158
222159
222160
222161
222162
222163
222164
222165
222166
222167
222168
222169
222170
222171
222172
222173
222174
222175
222176
223117
223118
223119
223120
223121
223122
223123
223124
223125
223126
223127
223128
223129
223130
223131
223132
223133
223134
223135
223136
224077
224078
224079
224080
224081
224082
224083
224084
224085
224086
224087
224088
224089
224090
224091
224092
224093
224094
224095
224096
225037
225038
225039
225040
225041
225042
225043
225044
225045
225046
225047
225048
225049
225050
225051
225052
225053
225054
225055
225056
225997
225998
225999
226000
226001
226002
226003
226004
226005
226006
226007
226008
226009
226010
226011
226012
226013
226014
226015
226016
226957
226958
226959
226960
226961
226962
226963
226964
226965
226966
226967
226968
226969
226970
226971
226972
226973
226974
226975
226976
227917
227918
227919
227920
227921
227922
227923
227924
227925
227926
227927
227928
227929
227930
227931
227932
227933
227934
227935
227936
228877
228878
228879
228880
228881
228882
228883
228884
228885
228886
228887
228888
228889
228890
228891
228892
228893
228894
228895
228896
229837
229838
229839
229840
229841
229842
229843
229844
229845
229846
229847
229848
229849
229850
229851
229852
229853
229854
229855
229856
231335
231336
231337
231338
231339
231340
231341
231342
231343
231344
231345
231346
231347
231348
231349
231350
231351
231352
231353
231354
232295
232296
232297
232298
232299
232300
232301
232302
232303
232304
232305
232306
232307
232308
232309
232310
232311
232312
232313
232314
233255
233256
233257
233258
233259
233260
233261
233262
233263
233264
233265
233266
233267
233268
233269
233270
233271
233272
233273
233274
234215
234216
234217
234218
234219
234220
234221
234222
234223
234224
234225
234226
234227
234228
234229
234230
234231
234232
234233
234234
235175
235176
235177
235178
235179
235180
235181
235182
235183
235184
235185
235186
235187
235188
235189
235190
235191
235192
235193
235194
236135
236136
236137
236138
236139
236140
236141
236142
236143
236144
236145
236146
236147
236148
236149
236150
236151
236152
236153
236154
237095
237096
237097
237098
237099
237100
237101
237102
237103
237104
237105
237106
237107
237108
237109
237110
237111
237112
237113
237114
238055
238056
238057
238058
238059
238060
238061
238062
238063
238064
238065
238066
238067
238068
238069
238070
238071
238072
238073
238074
239015
239016
239017
239018
239019
239020
239021
239022
239023
239024
239025
239026
239027
239028
239029
239030
239031
239032
239033
239034
239975
239976
239977
239978
239979
239980
239981
239982
239983
239984
239985
239986
239987
239988
239989
239990
239991
239992
239993
239994
240935
240936
240937
240938
240939
240940
240941
240942
240943
240944
240945
240946
240947
240948
240949
240950
240951
240952
240953
240954
241895
241896
241897
241898
241899
241900
241901
241902
241903
241904
241905
241906
241907
241908
241909
241910
241911
241912
241913
241914
242855
242856
242857
242858
242859
242860
242861
242862
242863
242864
242865
242866
242867
242868
242869
242870
242871
242872
242873
242874
243815
243816
243817
243818
243819
243820
243821
243822
243823
243824
243825
243826
243827
243828
243829
243830
243831
243832
243833
243834
244775
244776
244777
244778
244779
244780
244781
244782
244783
244784
244785
244786
244787
244788
244789
244790
244791
244792
244793
244794
245735
245736
245737
245738
245739
245740
245741
245742
245743
245744
245745
245746
245747
245748
245749
245750
245751
245752
245753
245754
246695
246696
246697
246698
246699
246700
246701
246702
246703
246704
246705
246706
246707
246708
246709
246710
246711
246712
246713
246714
247655
247656
247657
247658
247659
247660
247661
247662
247663
247664
247665
247666
247667
247668
247669
247670
247671
247672
247673
247674
248615
248616
248617
248618
248619
248620
248621
248622
248623
248624
248625
248626
248627
248628
248629
248630
248631
248632
248633
248634
249575
249576
249577
249578
249579
249580
249581
249582
249583
249584
249585
249586
249587
249588
249589
249590
249591
249592
249593
249594
250535
250536
250537
250538
250539
250540
250541
250542
250543
250544
250545
250546
250547
250548
250549
250550
250551
250552
250553
250554
251495
251496
251497
251498
251499
251500
251501
251502
251503
251504
251505
251506
251507
251508
251509
251510
251511
251512
251513
251514
252455
252456
252457
252458
252459
252460
252461
252462
252463
252464
252465
252466
252467
252468
252469
252470
252471
252472
252473
252474
253415
253416
253417
253418
253419
253420
253421
253422
253423
253424
253425
253426
253427
253428
253429
253430
253431
253432
253433
253434
254375
254376
254377
254378
254379
254380
254381
254382
254383
254384
254385
254386
254387
254388
254389
254390
254391
254392
254393
254394
255335
255336
255337
255338
255339
255340
255341
255342
255343
255344
255345
255346
255347
255348
255349
255350
255351
255352
255353
255354
256295
256296
256297
256298
256299
256300
256301
256302
256303
256304
256305
256306
256307
256308
256309
256310
256311
256312
256313
256314
257255
257256
257257
257258
257259
257260
257261
257262
257263
257264
257265
257266
257267
257268
257269
257270
257271
257272
257273
257274
258215
258216
258217
258218
258219
258220
258221
258222
258223
258224
258225
258226
258227
258228
258229
258230
258231
258232
258233
258234
259175
259176
259177
259178
259179
259180
259181
259182
259183
259184
259185
259186
259187
259188
259189
259190
259191
259192
259193
259194
260135
260136
260137
260138
260139
260140
260141
260142
260143
260144
260145
260146
260147
260148
260149
260150
260151
260152
260153
260154
261095
261096
261097
261098
261099
261100
261101
261102
261103
261104
261105
261106
261107
261108
261109
261110
261111
261112
261113
261114
262055
262056
262057
262058
262059
262060
262061
262062
262063
262064
262065
262066
262067
262068
262069
262070
262071
262072
262073
262074
263015
263016
263017
263018
263019
263020
263021
263022
263023
263024
263025
263026
263027
263028
263029
263030
263031
263032
263033
263034
263975
263976
263977
263978
263979
263980
263981
263982
263983
263984
263985
263986
263987
263988
263989
263990
263991
263992
263993
263994
264935
264936
264937
264938
264939
264940
264941
264942
264943
264944
264945
264946
264947
264948
264949
264950
264951
264952
264953
264954
265895
265896
265897
265898
265899
265900
265901
265902
265903
265904
265905
265906
265907
265908
265909
265910
265911
265912
265913
265914
266855
266856
266857
266858
266859
266860
266861
266862
266863
266864
266865
266866
266867
266868
266869
266870
266871
266872
266873
266874
267815
267816
267817
267818
267819
267820
267821
267822
267823
267824
267825
267826
267827
267828
267829
267830
267831
267832
267833
267834
268775
268776
268777
268778
268779
268780
268781
268782
268783
268784
268785
268786
268787
268788
268789
268790
268791
268792
268793
268794
269735
269736
269737
269738
269739
269740
269741
269742
269743
269744
269745
269746
269747
269748
269749
269750
269751
269752
269753
269754
270695
270696
270697
270698
270699
270700
270701
270702
270703
270704
270705
270706
270707
270708
270709
270710
270711
270712
270713
270714
271655
271656
271657
271658
271659
271660
271661
271662
271663
271664
271665
271666
271667
271668
271669
271670
271671
271672
271673
271674
272615
272616
272617
272618
272619
272620
272621
272622
272623
272624
272625
272626
272627
272628
272629
272630
272631
272632
272633
272634
273575
273576
273577
273578
273579
273580
273581
273582
273583
273584
273585
273586
273587
273588
273589
273590
273591
273592
273593
273594
274535
274536
274537
274538
274539
274540
274541
274542
274543
274544
274545
274546
274547
274548
274549
274550
274551
274552
274553
274554
275495
275496
275497
275498
275499
275500
275501
275502
275503
275504
275505
275506
275507
275508
275509
275510
275511
275512
275513
275514
276455
276456
276457
276458
276459
276460
276461
276462
276463
276464
276465
276466
276467
276468
276469
276470
276471
276472
276473
276474
277415
277416
277417
277418
277419
277420
277421
277422
277423
277424
277425
277426
277427
277428
277429
277430
277431
277432
277433
277434
278375
278376
278377
278378
278379
278380
278381
278382
278383
278384
278385
278386
278387
278388
278389
278390
278391
278392
278393
278394
279335
279336
279337
279338
279339
279340
279341
279342
279343
279344
279345
279346
279347
279348
279349
279350
279351
279352
279353
279354
280295
280296
280297
280298
280299
280300
280301
280302
280303
280304
280305
280306
280307
280308
280309
280310
280311
280312
280313
280314
281255
281256
281257
281258
281259
281260
281261
281262
281263
281264
281265
281266
281267
281268
281269
281270
281271
281272
281273
281274
282215
282216
282217
282218
282219
282220
282221
282222
282223
282224
282225
282226
282227
282228
282229
282230
282231
282232
282233
282234
283175
283176
283177
283178
283179
283180
283181
283182
283183
283184
283185
283186
283187
283188
283189
283190
283191
283192
283193
283194
284135
284136
284137
284138
284139
284140
284141
284142
284143
284144
284145
284146
284147
284148
284149
284150
284151
284152
284153
284154
285095
285096
285097
285098
285099
285100
285101
285102
285103
285104
285105
285106
285107
285108
285109
285110
285111
285112
285113
285114
286055
286056
286057
286058
286059
286060
286061
286062
286063
286064
286065
286066
286067
286068
286069
286070
286071
286072
286073
286074
287015
287016
287017
287018
287019
287020
287021
287022
287023
287024
287025
287026
287027
287028
287029
287030
287031
287032
287033
287034
287974
287975
287976
287977
287978
287979
287980
287981
287982
287983
287984
287985
287986
287987
287988
287989
287990
287991
287992
287993
287994
288934
288935
288936
288937
288938
288939
288940
288941
288942
288943
288944
288945
288946
288947
288948
288949
288950
288951
288952
288953
288954
289894
289895
289896
289897
289898
289899
289900
289901
289902
289903
289904
289905
289906
289907
289908
289909
289910
289911
289912
289913
289914
290854
290855
290856
290857
290858
290859
290860
290861
290862
290863
290864
290865
290866
290867
290868
290869
290870
290871
290872
290873
290874
291814
291815
291816
291817
291818
291819
291820
291821
291822
291823
291824
291825
291826
291827
291828
291829
291830
291831
291832
291833
291834
292774
292775
292776
292777
292778
292779
292780
292781
292782
292783
292784
292785
292786
292787
292788
292789
292790
292791
292792
292793
292794
293734
293735
293736
293737
293738
293739
293740
293741
293742
293743
293744
293745
293746
293747
293748
293749
293750
293751
293752
293753
293754
294694
294695
294696
294697
294698
294699
294700
294701
294702
294703
294704
294705
294706
294707
294708
294709
294710
294711
294712
294713
294714
295654
295655
295656
295657
295658
295659
295660
295661
295662
295663
295664
295665
295666
295667
295668
295669
295670
295671
295672
295673
295674
296614
296615
296616
296617
296618
296619
296620
296621
296622
296623
296624
296625
296626
296627
296628
296629
296630
296631
296632
296633
296634
297574
297575
297576
297577
297578
297579
297580
297581
297582
297583
297584
297585
297586
297587
297588
297589
297590
297591
297592
297593
297594
298534
298535
298536
298537
298538
298539
298540
298541
298542
298543
298544
298545
298546
298547
298548
298549
298550
298551
298552
298553
299494
299495
299496
299497
299498
299499
299500
299501
299502
299503
299504
299505
299506
299507
299508
299509
299510
299511
299512
299513
300454
300455
300456
300457
300458
300459
300460
300461
300462
300463
300464
300465
300466
300467
300468
300469
300470
300471
300472
300473
301414
301415
301416
301417
301418
301419
301420
301421
301422
301423
301424
301425
301426
301427
301428
301429
301430
301431
301432
301433
302374
302375
302376
302377
302378
302379
302380
302381
302382
302383
302384
302385
302386
302387
302388
302389
302390
302391
302392
302393
303334
303335
303336
303337
303338
303339
303340
303341
303342
303343
303344
303345
303346
303347
303348
303349
303350
303351
303352
303353
304294
304295
304296
304297
304298
304299
304300
304301
304302
304303
304304
304305
304306
304307
304308
304309
304310
304311
304312
304313
305254
305255
305256
305257
305258
305259
305260
305261
305262
305263
305264
305265
305266
305267
305268
305269
305270
305271
305272
305273
306214
306215
306216
306217
306218
306219
306220
306221
306222
306223
306224
306225
306226
306227
306228
306229
306230
306231
306232
306233
307174
307175
307176
307177
307178
307179
307180
307181
307182
307183
307184
307185
307186
307187
307188
307189
307190
307191
307192
307193
308831
308832
308833
308834
308835
308836
308837
308838
308839
308840
308841
308842
308843
308844
308845
308846
308847
308848
308849
308850
-672
-2592
-4512
-6432
-8352
-10272
-12192
-14111
-16030
-17949
-19868
-21787
-23706
-25625
-27544
-29463
-31382
-33301
-35220
-37139
-39058
-40977
-42896
-44815
-46734
-48653
-50572
-52491
-54410
-56329
-58248
-60167
-62086
-64005
-65924
-67843
-69762
-71681
-73600
-75520
-77440
-79360
-81280
-83200
-85120
-87040
-88960
-90880
-92799
-94718
-96637
-98556
-100475
-102394
-104313
-106232
-108151
-110070
-111989
-111990
-113906
-115825
-117744
-119663
-121582
-123501
-125420
-127339
-129258
-131177
-133096
-135015
-136934
-138853
-140772
-142691
-144610
-146529
-148448
-150367
-151952
712
2632
4552
6472
8392
10312
12232
14151
16070
17989
19908
21827
23746
25665
27584
29503
31422
33341
35260
37179
39098
41017
42936
44855
46774
48693
50612
52531
54450
56369
58288
60207
62126
64045
65964
67883
69802
71721
73640
75560
77480
79400
81320
83240
85160
87080
89000
90920
92839
94758
96677
98596
100515
102434
104353
106272
108191
110110
112029
113948
115867
117786
119705
121624
123543
125462
127381
129300
131219
133138
133139
135055
136974
138893
140812
142731
144650
146569
148488
150407
151972
)


// ************************************************************************* //
