/*--------------------------------*- C++ -*----------------------------------*\
| =========                 |                                                 |
| \\      /  F ield         | OpenFOAM: The Open Source CFD Toolbox           |
|  \\    /   O peration     | Version:  2.3.0                                 |
|   \\  /    A nd           | Web:      www.OpenFOAM.org                      |
|    \\/     M anipulation  |                                                 |
\*---------------------------------------------------------------------------*/
FoamFile
{
    version     2.0;
    format      ascii;
    class       labelList;
    location    "constant/polyMesh";
    object      faceProcAddressing;
}
// * * * * * * * * * * * * * * * * * * * * * * * * * * * * * * * * * * * * * //


6525
(
1318
1319
1320
1321
1322
1323
1324
1325
1326
1327
1328
1329
1330
1331
1332
1333
1334
1335
1336
1337
1338
1339
1340
1341
1342
1343
1344
1345
1346
1347
1348
1349
1350
1351
1352
1353
1354
1355
1356
1357
1359
3238
3239
3240
3241
3242
3243
3244
3245
3246
3247
3248
3249
3250
3251
3252
3253
3254
3255
3256
3257
3258
3259
3260
3261
3262
3263
3264
3265
3266
3267
3268
3269
3270
3271
3272
3273
3274
3275
3276
3277
3279
5158
5159
5160
5161
5162
5163
5164
5165
5166
5167
5168
5169
5170
5171
5172
5173
5174
5175
5176
5177
5178
5179
5180
5181
5182
5183
5184
5185
5186
5187
5188
5189
5190
5191
5192
5193
5194
5195
5196
5197
5199
7078
7079
7080
7081
7082
7083
7084
7085
7086
7087
7088
7089
7090
7091
7092
7093
7094
7095
7096
7097
7098
7099
7100
7101
7102
7103
7104
7105
7106
7107
7108
7109
7110
7111
7112
7113
7114
7115
7116
7117
7119
8998
8999
9000
9001
9002
9003
9004
9005
9006
9007
9008
9009
9010
9011
9012
9013
9014
9015
9016
9017
9018
9019
9020
9021
9022
9023
9024
9025
9026
9027
9028
9029
9030
9031
9032
9033
9034
9035
9036
9037
9039
10918
10919
10920
10921
10922
10923
10924
10925
10926
10927
10928
10929
10930
10931
10932
10933
10934
10935
10936
10937
10938
10939
10940
10941
10942
10943
10944
10945
10946
10947
10948
10949
10950
10951
10952
10953
10954
10955
10956
10957
12838
12839
12840
12841
12842
12843
12844
12845
12846
12847
12848
12849
12850
12851
12852
12853
12854
12855
12856
12857
12858
12859
12860
12861
12862
12863
12864
12865
12866
12867
12868
12869
12870
12871
12872
12873
12874
12875
12877
14757
14758
14759
14760
14761
14762
14763
14764
14765
14766
14767
14768
14769
14770
14771
14772
14773
14774
14775
14776
14777
14778
14779
14780
14781
14782
14783
14784
14785
14786
14787
14788
14789
14790
14791
14792
14793
14794
14796
16676
16677
16678
16679
16680
16681
16682
16683
16684
16685
16686
16687
16688
16689
16690
16691
16692
16693
16694
16695
16696
16697
16698
16699
16700
16701
16702
16703
16704
16705
16706
16707
16708
16709
16710
16711
16712
16713
16715
18595
18596
18597
18598
18599
18600
18601
18602
18603
18604
18605
18606
18607
18608
18609
18610
18611
18612
18613
18614
18615
18616
18617
18618
18619
18620
18621
18622
18623
18624
18625
18626
18627
18628
18629
18630
18631
18632
18634
20514
20515
20516
20517
20518
20519
20520
20521
20522
20523
20524
20525
20526
20527
20528
20529
20530
20531
20532
20533
20534
20535
20536
20537
20538
20539
20540
20541
20542
20543
20544
20545
20546
20547
20548
20549
20550
20551
20553
22433
22434
22435
22436
22437
22438
22439
22440
22441
22442
22443
22444
22445
22446
22447
22448
22449
22450
22451
22452
22453
22454
22455
22456
22457
22458
22459
22460
22461
22462
22463
22464
22465
22466
22467
22468
22469
22470
22472
24352
24353
24354
24355
24356
24357
24358
24359
24360
24361
24362
24363
24364
24365
24366
24367
24368
24369
24370
24371
24372
24373
24374
24375
24376
24377
24378
24379
24380
24381
24382
24383
24384
24385
24386
24387
24388
24389
24391
26271
26272
26273
26274
26275
26276
26277
26278
26279
26280
26281
26282
26283
26284
26285
26286
26287
26288
26289
26290
26291
26292
26293
26294
26295
26296
26297
26298
26299
26300
26301
26302
26303
26304
26305
26306
26307
26308
26310
28190
28191
28192
28193
28194
28195
28196
28197
28198
28199
28200
28201
28202
28203
28204
28205
28206
28207
28208
28209
28210
28211
28212
28213
28214
28215
28216
28217
28218
28219
28220
28221
28222
28223
28224
28225
28226
28227
28229
30109
30110
30111
30112
30113
30114
30115
30116
30117
30118
30119
30120
30121
30122
30123
30124
30125
30126
30127
30128
30129
30130
30131
30132
30133
30134
30135
30136
30137
30138
30139
30140
30141
30142
30143
30144
30145
30146
30148
32028
32029
32030
32031
32032
32033
32034
32035
32036
32037
32038
32039
32040
32041
32042
32043
32044
32045
32046
32047
32048
32049
32050
32051
32052
32053
32054
32055
32056
32057
32058
32059
32060
32061
32062
32063
32064
32065
32067
33947
33948
33949
33950
33951
33952
33953
33954
33955
33956
33957
33958
33959
33960
33961
33962
33963
33964
33965
33966
33967
33968
33969
33970
33971
33972
33973
33974
33975
33976
33977
33978
33979
33980
33981
33982
33983
33984
33986
35866
35867
35868
35869
35870
35871
35872
35873
35874
35875
35876
35877
35878
35879
35880
35881
35882
35883
35884
35885
35886
35887
35888
35889
35890
35891
35892
35893
35894
35895
35896
35897
35898
35899
35900
35901
35902
35903
35905
37785
37786
37787
37788
37789
37790
37791
37792
37793
37794
37795
37796
37797
37798
37799
37800
37801
37802
37803
37804
37805
37806
37807
37808
37809
37810
37811
37812
37813
37814
37815
37816
37817
37818
37819
37820
37821
37822
37824
39704
39705
39706
39707
39708
39709
39710
39711
39712
39713
39714
39715
39716
39717
39718
39719
39720
39721
39722
39723
39724
39725
39726
39727
39728
39729
39730
39731
39732
39733
39734
39735
39736
39737
39738
39739
39740
39741
39743
41623
41624
41625
41626
41627
41628
41629
41630
41631
41632
41633
41634
41635
41636
41637
41638
41639
41640
41641
41642
41643
41644
41645
41646
41647
41648
41649
41650
41651
41652
41653
41654
41655
41656
41657
41658
41659
41660
41662
43542
43543
43544
43545
43546
43547
43548
43549
43550
43551
43552
43553
43554
43555
43556
43557
43558
43559
43560
43561
43562
43563
43564
43565
43566
43567
43568
43569
43570
43571
43572
43573
43574
43575
43576
43577
43578
43579
43581
45461
45462
45463
45464
45465
45466
45467
45468
45469
45470
45471
45472
45473
45474
45475
45476
45477
45478
45479
45480
45481
45482
45483
45484
45485
45486
45487
45488
45489
45490
45491
45492
45493
45494
45495
45496
45497
45498
45500
47380
47381
47382
47383
47384
47385
47386
47387
47388
47389
47390
47391
47392
47393
47394
47395
47396
47397
47398
47399
47400
47401
47402
47403
47404
47405
47406
47407
47408
47409
47410
47411
47412
47413
47414
47415
47416
47417
47419
49299
49300
49301
49302
49303
49304
49305
49306
49307
49308
49309
49310
49311
49312
49313
49314
49315
49316
49317
49318
49319
49320
49321
49322
49323
49324
49325
49326
49327
49328
49329
49330
49331
49332
49333
49334
49335
49336
49338
51218
51219
51220
51221
51222
51223
51224
51225
51226
51227
51228
51229
51230
51231
51232
51233
51234
51235
51236
51237
51238
51239
51240
51241
51242
51243
51244
51245
51246
51247
51248
51249
51250
51251
51252
51253
51254
51255
51257
53137
53138
53139
53140
53141
53142
53143
53144
53145
53146
53147
53148
53149
53150
53151
53152
53153
53154
53155
53156
53157
53158
53159
53160
53161
53162
53163
53164
53165
53166
53167
53168
53169
53170
53171
53172
53173
53174
53176
55056
55057
55058
55059
55060
55061
55062
55063
55064
55065
55066
55067
55068
55069
55070
55071
55072
55073
55074
55075
55076
55077
55078
55079
55080
55081
55082
55083
55084
55085
55086
55087
55088
55089
55090
55091
55092
55093
55095
56975
56976
56977
56978
56979
56980
56981
56982
56983
56984
56985
56986
56987
56988
56989
56990
56991
56992
56993
56994
56995
56996
56997
56998
56999
57000
57001
57002
57003
57004
57005
57006
57007
57008
57009
57010
57011
57012
57014
58894
58895
58896
58897
58898
58899
58900
58901
58902
58903
58904
58905
58906
58907
58908
58909
58910
58911
58912
58913
58914
58915
58916
58917
58918
58919
58920
58921
58922
58923
58924
58925
58926
58927
58928
58929
58930
58931
58933
60813
60814
60815
60816
60817
60818
60819
60820
60821
60822
60823
60824
60825
60826
60827
60828
60829
60830
60831
60832
60833
60834
60835
60836
60837
60838
60839
60840
60841
60842
60843
60844
60845
60846
60847
60848
60849
60850
60852
62732
62733
62734
62735
62736
62737
62738
62739
62740
62741
62742
62743
62744
62745
62746
62747
62748
62749
62750
62751
62752
62753
62754
62755
62756
62757
62758
62759
62760
62761
62762
62763
62764
62765
62766
62767
62768
62769
62771
64651
64652
64653
64654
64655
64656
64657
64658
64659
64660
64661
64662
64663
64664
64665
64666
64667
64668
64669
64670
64671
64672
64673
64674
64675
64676
64677
64678
64679
64680
64681
64682
64683
64684
64685
64686
64687
64688
64690
66570
66571
66572
66573
66574
66575
66576
66577
66578
66579
66580
66581
66582
66583
66584
66585
66586
66587
66588
66589
66590
66591
66592
66593
66594
66595
66596
66597
66598
66599
66600
66601
66602
66603
66604
66605
66606
66607
66609
68489
68490
68491
68492
68493
68494
68495
68496
68497
68498
68499
68500
68501
68502
68503
68504
68505
68506
68507
68508
68509
68510
68511
68512
68513
68514
68515
68516
68517
68518
68519
68520
68521
68522
68523
68524
68525
68526
68528
70408
70409
70410
70411
70412
70413
70414
70415
70416
70417
70418
70419
70420
70421
70422
70423
70424
70425
70426
70427
70428
70429
70430
70431
70432
70433
70434
70435
70436
70437
70438
70439
70440
70441
70442
70443
70444
70445
70447
72327
72328
72329
72330
72331
72332
72333
72334
72335
72336
72337
72338
72339
72340
72341
72342
72343
72344
72345
72346
72347
72348
72349
72350
72351
72352
72353
72354
72355
72356
72357
72358
72359
72360
72361
72362
72363
72364
72366
74246
74247
74248
74249
74250
74251
74252
74253
74254
74255
74256
74257
74258
74259
74260
74261
74262
74263
74264
74265
74266
74267
74268
74269
74270
74271
74272
74273
74274
74275
74276
74277
74278
74279
74280
74281
74282
74283
74285
76166
76167
76168
76169
76170
76171
76172
76173
76174
76175
76176
76177
76178
76179
76180
76181
76182
76183
76184
76185
76186
76187
76188
76189
76190
76191
76192
76193
76194
76195
76196
76197
76198
76199
76200
76201
76202
76203
76205
78086
78087
78088
78089
78090
78091
78092
78093
78094
78095
78096
78097
78098
78099
78100
78101
78102
78103
78104
78105
78106
78107
78108
78109
78110
78111
78112
78113
78114
78115
78116
78117
78118
78119
78120
78121
78122
78123
78125
80006
80007
80008
80009
80010
80011
80012
80013
80014
80015
80016
80017
80018
80019
80020
80021
80022
80023
80024
80025
80026
80027
80028
80029
80030
80031
80032
80033
80034
80035
80036
80037
80038
80039
80040
80041
80042
80043
80045
81926
81927
81928
81929
81930
81931
81932
81933
81934
81935
81936
81937
81938
81939
81940
81941
81942
81943
81944
81945
81946
81947
81948
81949
81950
81951
81952
81953
81954
81955
81956
81957
81958
81959
81960
81961
81962
81963
81965
83846
83847
83848
83849
83850
83851
83852
83853
83854
83855
83856
83857
83858
83859
83860
83861
83862
83863
83864
83865
83866
83867
83868
83869
83870
83871
83872
83873
83874
83875
83876
83877
83878
83879
83880
83881
83882
83883
83885
85766
85767
85768
85769
85770
85771
85772
85773
85774
85775
85776
85777
85778
85779
85780
85781
85782
85783
85784
85785
85786
85787
85788
85789
85790
85791
85792
85793
85794
85795
85796
85797
85798
85799
85800
85801
85802
85803
85805
87686
87687
87688
87689
87690
87691
87692
87693
87694
87695
87696
87697
87698
87699
87700
87701
87702
87703
87704
87705
87706
87707
87708
87709
87710
87711
87712
87713
87714
87715
87716
87717
87718
87719
87720
87721
87722
87723
87725
89606
89607
89608
89609
89610
89611
89612
89613
89614
89615
89616
89617
89618
89619
89620
89621
89622
89623
89624
89625
89626
89627
89628
89629
89630
89631
89632
89633
89634
89635
89636
89637
89638
89639
89640
89641
89642
89643
89645
91526
91527
91528
91529
91530
91531
91532
91533
91534
91535
91536
91537
91538
91539
91540
91541
91542
91543
91544
91545
91546
91547
91548
91549
91550
91551
91552
91553
91554
91555
91556
91557
91558
91559
91560
91561
91562
91563
91565
93445
93446
93447
93448
93449
93450
93451
93452
93453
93454
93455
93456
93457
93458
93459
93460
93461
93462
93463
93464
93465
93466
93467
93468
93469
93470
93471
93472
93473
93474
93475
93476
93477
93478
93479
93480
93481
93482
93484
95364
95365
95366
95367
95368
95369
95370
95371
95372
95373
95374
95375
95376
95377
95378
95379
95380
95381
95382
95383
95384
95385
95386
95387
95388
95389
95390
95391
95392
95393
95394
95395
95396
95397
95398
95399
95400
95401
95403
97283
97284
97285
97286
97287
97288
97289
97290
97291
97292
97293
97294
97295
97296
97297
97298
97299
97300
97301
97302
97303
97304
97305
97306
97307
97308
97309
97310
97311
97312
97313
97314
97315
97316
97317
97318
97319
97320
97322
99202
99203
99204
99205
99206
99207
99208
99209
99210
99211
99212
99213
99214
99215
99216
99217
99218
99219
99220
99221
99222
99223
99224
99225
99226
99227
99228
99229
99230
99231
99232
99233
99234
99235
99236
99237
99238
99239
99241
101121
101122
101123
101124
101125
101126
101127
101128
101129
101130
101131
101132
101133
101134
101135
101136
101137
101138
101139
101140
101141
101142
101143
101144
101145
101146
101147
101148
101149
101150
101151
101152
101153
101154
101155
101156
101157
101158
101160
103040
103041
103042
103043
103044
103045
103046
103047
103048
103049
103050
103051
103052
103053
103054
103055
103056
103057
103058
103059
103060
103061
103062
103063
103064
103065
103066
103067
103068
103069
103070
103071
103072
103073
103074
103075
103076
103077
103079
104959
104960
104961
104962
104963
104964
104965
104966
104967
104968
104969
104970
104971
104972
104973
104974
104975
104976
104977
104978
104979
104980
104981
104982
104983
104984
104985
104986
104987
104988
104989
104990
104991
104992
104993
104994
104995
104996
104998
106878
106879
106880
106881
106882
106883
106884
106885
106886
106887
106888
106889
106890
106891
106892
106893
106894
106895
106896
106897
106898
106899
106900
106901
106902
106903
106904
106905
106906
106907
106908
106909
106910
106911
106912
106913
106914
106915
106917
108797
108798
108799
108800
108801
108802
108803
108804
108805
108806
108807
108808
108809
108810
108811
108812
108813
108814
108815
108816
108817
108818
108819
108820
108821
108822
108823
108824
108825
108826
108827
108828
108829
108830
108831
108832
108833
108834
108836
110716
110717
110718
110719
110720
110721
110722
110723
110724
110725
110726
110727
110728
110729
110730
110731
110732
110733
110734
110735
110736
110737
110738
110739
110740
110741
110742
110743
110744
110745
110746
110747
110748
110749
110750
110751
110752
110753
110755
112635
112636
112637
112638
112639
112640
112641
112642
112643
112644
112645
112646
112647
112648
112649
112650
112651
112652
112653
112654
112655
112656
112657
112658
112659
112660
112661
112662
112663
112664
112665
112666
112667
112668
112669
112670
112671
112672
112674
114554
114555
114556
114557
114558
114559
114560
114561
114562
114563
114564
114565
114566
114567
114568
114569
114570
114571
114572
114573
114574
114575
114576
114577
114578
114579
114580
114581
114582
114583
114584
114585
114586
114587
114588
114589
114590
114591
114593
116473
116474
116475
116476
116477
116478
116479
116480
116481
116482
116483
116484
116485
116486
116487
116488
116489
116490
116491
116492
116493
116494
116495
116496
116497
116498
116499
116500
116501
116502
116503
116504
116505
116506
116507
116508
116509
116510
116512
118392
118393
118394
118395
118396
118397
118398
118399
118400
118401
118402
118403
118404
118405
118406
118407
118408
118409
118410
118411
118412
118413
118414
118415
118416
118417
118418
118419
118420
118421
118422
118423
118424
118425
118426
118427
118428
118429
118431
120311
120312
120313
120314
120315
120316
120317
120318
120319
120320
120321
120322
120323
120324
120325
120326
120327
120328
120329
120330
120331
120332
120333
120334
120335
120336
120337
120338
120339
120340
120341
120342
120343
120344
120345
120346
120347
120348
120350
122230
122231
122232
122233
122234
122235
122236
122237
122238
122239
122240
122241
122242
122243
122244
122245
122246
122247
122248
122249
122250
122251
122252
122253
122254
122255
122256
122257
122258
122259
122260
122261
122262
122263
122264
122265
122266
122267
122269
124149
124150
124151
124152
124153
124154
124155
124156
124157
124158
124159
124160
124161
124162
124163
124164
124165
124166
124167
124168
124169
124170
124171
124172
124173
124174
124175
124176
124177
124178
124179
124180
124181
124182
124183
124184
124185
124186
124188
126068
126069
126070
126071
126072
126073
126074
126075
126076
126077
126078
126079
126080
126081
126082
126083
126084
126085
126086
126087
126088
126089
126090
126091
126092
126093
126094
126095
126096
126097
126098
126099
126100
126101
126102
126103
126104
126105
126107
127987
127988
127989
127990
127991
127992
127993
127994
127995
127996
127997
127998
127999
128000
128001
128002
128003
128004
128005
128006
128007
128008
128009
128010
128011
128012
128013
128014
128015
128016
128017
128018
128019
128020
128021
128022
128023
128024
128026
129906
129907
129908
129909
129910
129911
129912
129913
129914
129915
129916
129917
129918
129919
129920
129921
129922
129923
129924
129925
129926
129927
129928
129929
129930
129931
129932
129933
129934
129935
129936
129937
129938
129939
129940
129941
129942
129943
129945
131825
131826
131827
131828
131829
131830
131831
131832
131833
131834
131835
131836
131837
131838
131839
131840
131841
131842
131843
131844
131845
131846
131847
131848
131849
131850
131851
131852
131853
131854
131855
131856
131857
131858
131859
131860
131861
131862
131864
133744
133745
133746
133747
133748
133749
133750
133751
133752
133753
133754
133755
133756
133757
133758
133759
133760
133761
133762
133763
133764
133765
133766
133767
133768
133769
133770
133771
133772
133773
133774
133775
133776
133777
133778
133779
133780
133781
133783
135663
135664
135665
135666
135667
135668
135669
135670
135671
135672
135673
135674
135675
135676
135677
135678
135679
135680
135681
135682
135683
135684
135685
135686
135687
135688
135689
135690
135691
135692
135693
135694
135695
135696
135697
135698
135699
135700
135702
137582
137583
137584
137585
137586
137587
137588
137589
137590
137591
137592
137593
137594
137595
137596
137597
137598
137599
137600
137601
137602
137603
137604
137605
137606
137607
137608
137609
137610
137611
137612
137613
137614
137615
137616
137617
137618
137619
137621
139501
139502
139503
139504
139505
139506
139507
139508
139509
139510
139511
139512
139513
139514
139515
139516
139517
139518
139519
139520
139521
139522
139523
139524
139525
139526
139527
139528
139529
139530
139531
139532
139533
139534
139535
139536
139537
139538
139540
141420
141421
141422
141423
141424
141425
141426
141427
141428
141429
141430
141431
141432
141433
141434
141435
141436
141437
141438
141439
141440
141441
141442
141443
141444
141445
141446
141447
141448
141449
141450
141451
141452
141453
141454
141455
141456
141457
141459
143339
143340
143341
143342
143343
143344
143345
143346
143347
143348
143349
143350
143351
143352
143353
143354
143355
143356
143357
143358
143359
143360
143361
143362
143363
143364
143365
143366
143367
143368
143369
143370
143371
143372
143373
143374
143375
143376
143378
145256
145257
145258
145259
145260
145261
145262
145263
145264
145265
145266
145267
145268
145269
145270
145271
145272
145273
145274
145275
145276
145277
145278
145279
145280
145281
145282
145283
145284
145285
145286
145287
145288
145289
145290
145291
145292
145293
145294
145295
145297
147175
147176
147177
147178
147179
147180
147181
147182
147183
147184
147185
147186
147187
147188
147189
147190
147191
147192
147193
147194
147195
147196
147197
147198
147199
147200
147201
147202
147203
147204
147205
147206
147207
147208
147209
147210
147211
147212
147213
147214
147216
149094
149095
149096
149097
149098
149099
149100
149101
149102
149103
149104
149105
149106
149107
149108
149109
149110
149111
149112
149113
149114
149115
149116
149117
149118
149119
149120
149121
149122
149123
149124
149125
149126
149127
149128
149129
149130
149131
149132
149133
149135
151013
151014
151015
151016
151017
151018
151019
151020
151021
151022
151023
151024
151025
151026
151027
151028
151029
151030
151031
151032
151033
151034
151035
151036
151037
151038
151039
151040
151041
151042
151043
151044
151045
151046
151047
151048
151049
151050
151051
151052
151054
152275
152276
152277
152278
152279
152280
152281
152282
152283
152284
152285
152286
152287
152288
152289
152290
152291
152292
152293
152294
154320
154321
154322
154323
154324
154325
154326
154327
154328
154329
154330
154331
154332
154333
154334
154335
154336
154337
154338
154339
154340
155280
155281
155282
155283
155284
155285
155286
155287
155288
155289
155290
155291
155292
155293
155294
155295
155296
155297
155298
155299
155300
156240
156241
156242
156243
156244
156245
156246
156247
156248
156249
156250
156251
156252
156253
156254
156255
156256
156257
156258
156259
156260
157200
157201
157202
157203
157204
157205
157206
157207
157208
157209
157210
157211
157212
157213
157214
157215
157216
157217
157218
157219
157220
158160
158161
158162
158163
158164
158165
158166
158167
158168
158169
158170
158171
158172
158173
158174
158175
158176
158177
158178
158179
158180
159120
159121
159122
159123
159124
159125
159126
159127
159128
159129
159130
159131
159132
159133
159134
159135
159136
159137
159138
159139
159140
160080
160081
160082
160083
160084
160085
160086
160087
160088
160089
160090
160091
160092
160093
160094
160095
160096
160097
160098
160099
161040
161041
161042
161043
161044
161045
161046
161047
161048
161049
161050
161051
161052
161053
161054
161055
161056
161057
161058
161059
162000
162001
162002
162003
162004
162005
162006
162007
162008
162009
162010
162011
162012
162013
162014
162015
162016
162017
162018
162019
162960
162961
162962
162963
162964
162965
162966
162967
162968
162969
162970
162971
162972
162973
162974
162975
162976
162977
162978
162979
163920
163921
163922
163923
163924
163925
163926
163927
163928
163929
163930
163931
163932
163933
163934
163935
163936
163937
163938
163939
164880
164881
164882
164883
164884
164885
164886
164887
164888
164889
164890
164891
164892
164893
164894
164895
164896
164897
164898
164899
165840
165841
165842
165843
165844
165845
165846
165847
165848
165849
165850
165851
165852
165853
165854
165855
165856
165857
165858
165859
166800
166801
166802
166803
166804
166805
166806
166807
166808
166809
166810
166811
166812
166813
166814
166815
166816
166817
166818
166819
167760
167761
167762
167763
167764
167765
167766
167767
167768
167769
167770
167771
167772
167773
167774
167775
167776
167777
167778
167779
168720
168721
168722
168723
168724
168725
168726
168727
168728
168729
168730
168731
168732
168733
168734
168735
168736
168737
168738
168739
169680
169681
169682
169683
169684
169685
169686
169687
169688
169689
169690
169691
169692
169693
169694
169695
169696
169697
169698
169699
170640
170641
170642
170643
170644
170645
170646
170647
170648
170649
170650
170651
170652
170653
170654
170655
170656
170657
170658
170659
171600
171601
171602
171603
171604
171605
171606
171607
171608
171609
171610
171611
171612
171613
171614
171615
171616
171617
171618
171619
172560
172561
172562
172563
172564
172565
172566
172567
172568
172569
172570
172571
172572
172573
172574
172575
172576
172577
172578
172579
173520
173521
173522
173523
173524
173525
173526
173527
173528
173529
173530
173531
173532
173533
173534
173535
173536
173537
173538
173539
174480
174481
174482
174483
174484
174485
174486
174487
174488
174489
174490
174491
174492
174493
174494
174495
174496
174497
174498
174499
175440
175441
175442
175443
175444
175445
175446
175447
175448
175449
175450
175451
175452
175453
175454
175455
175456
175457
175458
175459
176400
176401
176402
176403
176404
176405
176406
176407
176408
176409
176410
176411
176412
176413
176414
176415
176416
176417
176418
176419
177360
177361
177362
177363
177364
177365
177366
177367
177368
177369
177370
177371
177372
177373
177374
177375
177376
177377
177378
177379
178320
178321
178322
178323
178324
178325
178326
178327
178328
178329
178330
178331
178332
178333
178334
178335
178336
178337
178338
178339
179280
179281
179282
179283
179284
179285
179286
179287
179288
179289
179290
179291
179292
179293
179294
179295
179296
179297
179298
179299
180240
180241
180242
180243
180244
180245
180246
180247
180248
180249
180250
180251
180252
180253
180254
180255
180256
180257
180258
180259
181200
181201
181202
181203
181204
181205
181206
181207
181208
181209
181210
181211
181212
181213
181214
181215
181216
181217
181218
181219
182160
182161
182162
182163
182164
182165
182166
182167
182168
182169
182170
182171
182172
182173
182174
182175
182176
182177
182178
182179
183120
183121
183122
183123
183124
183125
183126
183127
183128
183129
183130
183131
183132
183133
183134
183135
183136
183137
183138
183139
184080
184081
184082
184083
184084
184085
184086
184087
184088
184089
184090
184091
184092
184093
184094
184095
184096
184097
184098
184099
185040
185041
185042
185043
185044
185045
185046
185047
185048
185049
185050
185051
185052
185053
185054
185055
185056
185057
185058
185059
186000
186001
186002
186003
186004
186005
186006
186007
186008
186009
186010
186011
186012
186013
186014
186015
186016
186017
186018
186019
186960
186961
186962
186963
186964
186965
186966
186967
186968
186969
186970
186971
186972
186973
186974
186975
186976
186977
186978
186979
187920
187921
187922
187923
187924
187925
187926
187927
187928
187929
187930
187931
187932
187933
187934
187935
187936
187937
187938
187939
188880
188881
188882
188883
188884
188885
188886
188887
188888
188889
188890
188891
188892
188893
188894
188895
188896
188897
188898
188899
189840
189841
189842
189843
189844
189845
189846
189847
189848
189849
189850
189851
189852
189853
189854
189855
189856
189857
189858
189859
190800
190801
190802
190803
190804
190805
190806
190807
190808
190809
190810
190811
190812
190813
190814
190815
190816
190817
190818
190819
191760
191761
191762
191763
191764
191765
191766
191767
191768
191769
191770
191771
191772
191773
191774
191775
191776
191777
191778
191779
192720
192721
192722
192723
192724
192725
192726
192727
192728
192729
192730
192731
192732
192733
192734
192735
192736
192737
192738
192739
193680
193681
193682
193683
193684
193685
193686
193687
193688
193689
193690
193691
193692
193693
193694
193695
193696
193697
193698
193699
194640
194641
194642
194643
194644
194645
194646
194647
194648
194649
194650
194651
194652
194653
194654
194655
194656
194657
194658
194659
195600
195601
195602
195603
195604
195605
195606
195607
195608
195609
195610
195611
195612
195613
195614
195615
195616
195617
195618
195619
196560
196561
196562
196563
196564
196565
196566
196567
196568
196569
196570
196571
196572
196573
196574
196575
196576
196577
196578
196579
197520
197521
197522
197523
197524
197525
197526
197527
197528
197529
197530
197531
197532
197533
197534
197535
197536
197537
197538
197539
198480
198481
198482
198483
198484
198485
198486
198487
198488
198489
198490
198491
198492
198493
198494
198495
198496
198497
198498
198499
199440
199441
199442
199443
199444
199445
199446
199447
199448
199449
199450
199451
199452
199453
199454
199455
199456
199457
199458
199459
200400
200401
200402
200403
200404
200405
200406
200407
200408
200409
200410
200411
200412
200413
200414
200415
200416
200417
200418
200419
201360
201361
201362
201363
201364
201365
201366
201367
201368
201369
201370
201371
201372
201373
201374
201375
201376
201377
201378
201379
202320
202321
202322
202323
202324
202325
202326
202327
202328
202329
202330
202331
202332
202333
202334
202335
202336
202337
202338
202339
203280
203281
203282
203283
203284
203285
203286
203287
203288
203289
203290
203291
203292
203293
203294
203295
203296
203297
203298
203299
204240
204241
204242
204243
204244
204245
204246
204247
204248
204249
204250
204251
204252
204253
204254
204255
204256
204257
204258
204259
205200
205201
205202
205203
205204
205205
205206
205207
205208
205209
205210
205211
205212
205213
205214
205215
205216
205217
205218
205219
206160
206161
206162
206163
206164
206165
206166
206167
206168
206169
206170
206171
206172
206173
206174
206175
206176
206177
206178
206179
207120
207121
207122
207123
207124
207125
207126
207127
207128
207129
207130
207131
207132
207133
207134
207135
207136
207137
207138
207139
208080
208081
208082
208083
208084
208085
208086
208087
208088
208089
208090
208091
208092
208093
208094
208095
208096
208097
208098
208099
209040
209041
209042
209043
209044
209045
209046
209047
209048
209049
209050
209051
209052
209053
209054
209055
209056
209057
209058
209059
210000
210001
210002
210003
210004
210005
210006
210007
210008
210009
210010
210011
210012
210013
210014
210015
210016
210017
210018
210019
210960
210961
210962
210963
210964
210965
210966
210967
210968
210969
210970
210971
210972
210973
210974
210975
210976
210977
210978
210979
211920
211921
211922
211923
211924
211925
211926
211927
211928
211929
211930
211931
211932
211933
211934
211935
211936
211937
211938
211939
212880
212881
212882
212883
212884
212885
212886
212887
212888
212889
212890
212891
212892
212893
212894
212895
212896
212897
212898
212899
213840
213841
213842
213843
213844
213845
213846
213847
213848
213849
213850
213851
213852
213853
213854
213855
213856
213857
213858
213859
214800
214801
214802
214803
214804
214805
214806
214807
214808
214809
214810
214811
214812
214813
214814
214815
214816
214817
214818
214819
215760
215761
215762
215763
215764
215765
215766
215767
215768
215769
215770
215771
215772
215773
215774
215775
215776
215777
215778
215779
216720
216721
216722
216723
216724
216725
216726
216727
216728
216729
216730
216731
216732
216733
216734
216735
216736
216737
216738
216739
217680
217681
217682
217683
217684
217685
217686
217687
217688
217689
217690
217691
217692
217693
217694
217695
217696
217697
217698
217699
218640
218641
218642
218643
218644
218645
218646
218647
218648
218649
218650
218651
218652
218653
218654
218655
218656
218657
218658
218659
219600
219601
219602
219603
219604
219605
219606
219607
219608
219609
219610
219611
219612
219613
219614
219615
219616
219617
219618
219619
220560
220561
220562
220563
220564
220565
220566
220567
220568
220569
220570
220571
220572
220573
220574
220575
220576
220577
220578
220579
221520
221521
221522
221523
221524
221525
221526
221527
221528
221529
221530
221531
221532
221533
221534
221535
221536
221537
221538
221539
222480
222481
222482
222483
222484
222485
222486
222487
222488
222489
222490
222491
222492
222493
222494
222495
222496
222497
222498
222499
223440
223441
223442
223443
223444
223445
223446
223447
223448
223449
223450
223451
223452
223453
223454
223455
223456
223457
223458
223459
224400
224401
224402
224403
224404
224405
224406
224407
224408
224409
224410
224411
224412
224413
224414
224415
224416
224417
224418
224419
225360
225361
225362
225363
225364
225365
225366
225367
225368
225369
225370
225371
225372
225373
225374
225375
225376
225377
225378
225379
226319
226320
226321
226322
226323
226324
226325
226326
226327
226328
226329
226330
226331
226332
226333
226334
226335
226336
226337
226338
226339
227279
227280
227281
227282
227283
227284
227285
227286
227287
227288
227289
227290
227291
227292
227293
227294
227295
227296
227297
227298
227299
228239
228240
228241
228242
228243
228244
228245
228246
228247
228248
228249
228250
228251
228252
228253
228254
228255
228256
228257
228258
228259
229199
229200
229201
229202
229203
229204
229205
229206
229207
229208
229209
229210
229211
229212
229213
229214
229215
229216
229217
229218
229219
230159
230160
230161
230162
230163
230164
230165
230166
230167
230168
230169
230170
230171
230172
230173
230174
230175
230176
230177
230178
230179
231657
231658
231659
231660
231661
231662
231663
231664
231665
231666
231667
231668
231669
231670
231671
231672
231673
231674
231675
231676
231677
232617
232618
232619
232620
232621
232622
232623
232624
232625
232626
232627
232628
232629
232630
232631
232632
232633
232634
232635
232636
232637
233577
233578
233579
233580
233581
233582
233583
233584
233585
233586
233587
233588
233589
233590
233591
233592
233593
233594
233595
233596
233597
234537
234538
234539
234540
234541
234542
234543
234544
234545
234546
234547
234548
234549
234550
234551
234552
234553
234554
234555
234556
234557
235497
235498
235499
235500
235501
235502
235503
235504
235505
235506
235507
235508
235509
235510
235511
235512
235513
235514
235515
235516
235517
236457
236458
236459
236460
236461
236462
236463
236464
236465
236466
236467
236468
236469
236470
236471
236472
236473
236474
236475
236476
236477
237417
237418
237419
237420
237421
237422
237423
237424
237425
237426
237427
237428
237429
237430
237431
237432
237433
237434
237435
237436
238377
238378
238379
238380
238381
238382
238383
238384
238385
238386
238387
238388
238389
238390
238391
238392
238393
238394
238395
238396
239337
239338
239339
239340
239341
239342
239343
239344
239345
239346
239347
239348
239349
239350
239351
239352
239353
239354
239355
239356
240297
240298
240299
240300
240301
240302
240303
240304
240305
240306
240307
240308
240309
240310
240311
240312
240313
240314
240315
240316
241257
241258
241259
241260
241261
241262
241263
241264
241265
241266
241267
241268
241269
241270
241271
241272
241273
241274
241275
241276
242217
242218
242219
242220
242221
242222
242223
242224
242225
242226
242227
242228
242229
242230
242231
242232
242233
242234
242235
242236
243177
243178
243179
243180
243181
243182
243183
243184
243185
243186
243187
243188
243189
243190
243191
243192
243193
243194
243195
243196
244137
244138
244139
244140
244141
244142
244143
244144
244145
244146
244147
244148
244149
244150
244151
244152
244153
244154
244155
244156
245097
245098
245099
245100
245101
245102
245103
245104
245105
245106
245107
245108
245109
245110
245111
245112
245113
245114
245115
245116
246057
246058
246059
246060
246061
246062
246063
246064
246065
246066
246067
246068
246069
246070
246071
246072
246073
246074
246075
246076
247017
247018
247019
247020
247021
247022
247023
247024
247025
247026
247027
247028
247029
247030
247031
247032
247033
247034
247035
247036
247977
247978
247979
247980
247981
247982
247983
247984
247985
247986
247987
247988
247989
247990
247991
247992
247993
247994
247995
247996
248937
248938
248939
248940
248941
248942
248943
248944
248945
248946
248947
248948
248949
248950
248951
248952
248953
248954
248955
248956
249897
249898
249899
249900
249901
249902
249903
249904
249905
249906
249907
249908
249909
249910
249911
249912
249913
249914
249915
249916
250857
250858
250859
250860
250861
250862
250863
250864
250865
250866
250867
250868
250869
250870
250871
250872
250873
250874
250875
250876
251817
251818
251819
251820
251821
251822
251823
251824
251825
251826
251827
251828
251829
251830
251831
251832
251833
251834
251835
251836
252777
252778
252779
252780
252781
252782
252783
252784
252785
252786
252787
252788
252789
252790
252791
252792
252793
252794
252795
252796
253737
253738
253739
253740
253741
253742
253743
253744
253745
253746
253747
253748
253749
253750
253751
253752
253753
253754
253755
253756
254697
254698
254699
254700
254701
254702
254703
254704
254705
254706
254707
254708
254709
254710
254711
254712
254713
254714
254715
254716
255657
255658
255659
255660
255661
255662
255663
255664
255665
255666
255667
255668
255669
255670
255671
255672
255673
255674
255675
255676
256617
256618
256619
256620
256621
256622
256623
256624
256625
256626
256627
256628
256629
256630
256631
256632
256633
256634
256635
256636
257577
257578
257579
257580
257581
257582
257583
257584
257585
257586
257587
257588
257589
257590
257591
257592
257593
257594
257595
257596
258537
258538
258539
258540
258541
258542
258543
258544
258545
258546
258547
258548
258549
258550
258551
258552
258553
258554
258555
258556
259497
259498
259499
259500
259501
259502
259503
259504
259505
259506
259507
259508
259509
259510
259511
259512
259513
259514
259515
259516
260457
260458
260459
260460
260461
260462
260463
260464
260465
260466
260467
260468
260469
260470
260471
260472
260473
260474
260475
260476
261417
261418
261419
261420
261421
261422
261423
261424
261425
261426
261427
261428
261429
261430
261431
261432
261433
261434
261435
261436
262377
262378
262379
262380
262381
262382
262383
262384
262385
262386
262387
262388
262389
262390
262391
262392
262393
262394
262395
262396
263337
263338
263339
263340
263341
263342
263343
263344
263345
263346
263347
263348
263349
263350
263351
263352
263353
263354
263355
263356
264297
264298
264299
264300
264301
264302
264303
264304
264305
264306
264307
264308
264309
264310
264311
264312
264313
264314
264315
264316
265257
265258
265259
265260
265261
265262
265263
265264
265265
265266
265267
265268
265269
265270
265271
265272
265273
265274
265275
265276
266217
266218
266219
266220
266221
266222
266223
266224
266225
266226
266227
266228
266229
266230
266231
266232
266233
266234
266235
266236
267177
267178
267179
267180
267181
267182
267183
267184
267185
267186
267187
267188
267189
267190
267191
267192
267193
267194
267195
267196
268137
268138
268139
268140
268141
268142
268143
268144
268145
268146
268147
268148
268149
268150
268151
268152
268153
268154
268155
268156
269097
269098
269099
269100
269101
269102
269103
269104
269105
269106
269107
269108
269109
269110
269111
269112
269113
269114
269115
269116
270057
270058
270059
270060
270061
270062
270063
270064
270065
270066
270067
270068
270069
270070
270071
270072
270073
270074
270075
270076
271017
271018
271019
271020
271021
271022
271023
271024
271025
271026
271027
271028
271029
271030
271031
271032
271033
271034
271035
271036
271977
271978
271979
271980
271981
271982
271983
271984
271985
271986
271987
271988
271989
271990
271991
271992
271993
271994
271995
271996
272937
272938
272939
272940
272941
272942
272943
272944
272945
272946
272947
272948
272949
272950
272951
272952
272953
272954
272955
272956
273897
273898
273899
273900
273901
273902
273903
273904
273905
273906
273907
273908
273909
273910
273911
273912
273913
273914
273915
273916
274857
274858
274859
274860
274861
274862
274863
274864
274865
274866
274867
274868
274869
274870
274871
274872
274873
274874
274875
274876
275817
275818
275819
275820
275821
275822
275823
275824
275825
275826
275827
275828
275829
275830
275831
275832
275833
275834
275835
275836
276777
276778
276779
276780
276781
276782
276783
276784
276785
276786
276787
276788
276789
276790
276791
276792
276793
276794
276795
276796
277737
277738
277739
277740
277741
277742
277743
277744
277745
277746
277747
277748
277749
277750
277751
277752
277753
277754
277755
277756
278697
278698
278699
278700
278701
278702
278703
278704
278705
278706
278707
278708
278709
278710
278711
278712
278713
278714
278715
278716
279657
279658
279659
279660
279661
279662
279663
279664
279665
279666
279667
279668
279669
279670
279671
279672
279673
279674
279675
279676
280617
280618
280619
280620
280621
280622
280623
280624
280625
280626
280627
280628
280629
280630
280631
280632
280633
280634
280635
280636
281577
281578
281579
281580
281581
281582
281583
281584
281585
281586
281587
281588
281589
281590
281591
281592
281593
281594
281595
281596
282537
282538
282539
282540
282541
282542
282543
282544
282545
282546
282547
282548
282549
282550
282551
282552
282553
282554
282555
282556
283497
283498
283499
283500
283501
283502
283503
283504
283505
283506
283507
283508
283509
283510
283511
283512
283513
283514
283515
283516
284457
284458
284459
284460
284461
284462
284463
284464
284465
284466
284467
284468
284469
284470
284471
284472
284473
284474
284475
284476
285417
285418
285419
285420
285421
285422
285423
285424
285425
285426
285427
285428
285429
285430
285431
285432
285433
285434
285435
285436
286377
286378
286379
286380
286381
286382
286383
286384
286385
286386
286387
286388
286389
286390
286391
286392
286393
286394
286395
286396
287337
287338
287339
287340
287341
287342
287343
287344
287345
287346
287347
287348
287349
287350
287351
287352
287353
287354
287355
287356
288297
288298
288299
288300
288301
288302
288303
288304
288305
288306
288307
288308
288309
288310
288311
288312
288313
288314
288315
288316
289257
289258
289259
289260
289261
289262
289263
289264
289265
289266
289267
289268
289269
289270
289271
289272
289273
289274
289275
289276
290217
290218
290219
290220
290221
290222
290223
290224
290225
290226
290227
290228
290229
290230
290231
290232
290233
290234
290235
290236
291177
291178
291179
291180
291181
291182
291183
291184
291185
291186
291187
291188
291189
291190
291191
291192
291193
291194
291195
291196
292137
292138
292139
292140
292141
292142
292143
292144
292145
292146
292147
292148
292149
292150
292151
292152
292153
292154
292155
292156
293097
293098
293099
293100
293101
293102
293103
293104
293105
293106
293107
293108
293109
293110
293111
293112
293113
293114
293115
293116
294057
294058
294059
294060
294061
294062
294063
294064
294065
294066
294067
294068
294069
294070
294071
294072
294073
294074
294075
294076
295017
295018
295019
295020
295021
295022
295023
295024
295025
295026
295027
295028
295029
295030
295031
295032
295033
295034
295035
295036
295977
295978
295979
295980
295981
295982
295983
295984
295985
295986
295987
295988
295989
295990
295991
295992
295993
295994
295995
295996
296937
296938
296939
296940
296941
296942
296943
296944
296945
296946
296947
296948
296949
296950
296951
296952
296953
296954
296955
296956
297897
297898
297899
297900
297901
297902
297903
297904
297905
297906
297907
297908
297909
297910
297911
297912
297913
297914
297915
297916
298857
298858
298859
298860
298861
298862
298863
298864
298865
298866
298867
298868
298869
298870
298871
298872
298873
298874
298875
298876
299817
299818
299819
299820
299821
299822
299823
299824
299825
299826
299827
299828
299829
299830
299831
299832
299833
299834
299835
299836
300777
300778
300779
300780
300781
300782
300783
300784
300785
300786
300787
300788
300789
300790
300791
300792
300793
300794
300795
300796
301737
301738
301739
301740
301741
301742
301743
301744
301745
301746
301747
301748
301749
301750
301751
301752
301753
301754
301755
301756
302697
302698
302699
302700
302701
302702
302703
302704
302705
302706
302707
302708
302709
302710
302711
302712
302713
302714
302715
302716
303656
303657
303658
303659
303660
303661
303662
303663
303664
303665
303666
303667
303668
303669
303670
303671
303672
303673
303674
303675
303676
304616
304617
304618
304619
304620
304621
304622
304623
304624
304625
304626
304627
304628
304629
304630
304631
304632
304633
304634
304635
304636
305576
305577
305578
305579
305580
305581
305582
305583
305584
305585
305586
305587
305588
305589
305590
305591
305592
305593
305594
305595
305596
306536
306537
306538
306539
306540
306541
306542
306543
306544
306545
306546
306547
306548
306549
306550
306551
306552
306553
306554
306555
306556
307496
307497
307498
307499
307500
307501
307502
307503
307504
307505
307506
307507
307508
307509
307510
307511
307512
307513
307514
307515
307516
309153
309154
309155
309156
309157
309158
309159
309160
309161
309162
309163
309164
309165
309166
309167
309168
309169
309170
309171
309172
309173
-1316
-3236
-5156
-7076
-8996
-10916
-12836
-14755
-16674
-18593
-20512
-22431
-24350
-26269
-28188
-30107
-32026
-33945
-35864
-37783
-39702
-41621
-43540
-45459
-47378
-49297
-51216
-53135
-55054
-56973
-58892
-60811
-62730
-64649
-66568
-68487
-70406
-72325
-74244
-76164
-78084
-80004
-81924
-83844
-85764
-87684
-89604
-91524
-93443
-95362
-97281
-99200
-101119
-103038
-104957
-106876
-108795
-110714
-112633
-114552
-116471
-118390
-120309
-122228
-124147
-126066
-127985
-129904
-131823
-133742
-135661
-137580
-139499
-141418
-143337
-143338
-145254
-147173
-149092
-151011
-152274
1358
3278
5198
7118
9038
10958
10959
12876
14795
16714
18633
20552
22471
24390
26309
28228
30147
32066
33985
35904
37823
39742
41661
43580
45499
47418
49337
51256
53175
55094
57013
58932
60851
62770
64689
66608
68527
70446
72365
74284
76204
78124
80044
81964
83884
85804
87724
89644
91564
93483
95402
97321
99240
101159
103078
104997
106916
108835
110754
112673
114592
116511
118430
120349
122268
124187
126106
128025
129944
131863
133782
135701
137620
139539
141458
143377
145296
147215
149134
151053
152295
)


// ************************************************************************* //
