/*--------------------------------*- C++ -*----------------------------------*\
| =========                 |                                                 |
| \\      /  F ield         | OpenFOAM: The Open Source CFD Toolbox           |
|  \\    /   O peration     | Version:  2.3.0                                 |
|   \\  /    A nd           | Web:      www.OpenFOAM.org                      |
|    \\/     M anipulation  |                                                 |
\*---------------------------------------------------------------------------*/
FoamFile
{
    version     2.0;
    format      ascii;
    class       labelList;
    location    "constant/polyMesh";
    object      pointProcAddressing;
}
// * * * * * * * * * * * * * * * * * * * * * * * * * * * * * * * * * * * * * //


3406
(
658
659
660
661
662
663
664
665
666
667
668
669
670
671
672
673
674
675
676
677
678
679
1619
1620
1621
1622
1623
1624
1625
1626
1627
1628
1629
1630
1631
1632
1633
1634
1635
1636
1637
1638
1639
1640
2580
2581
2582
2583
2584
2585
2586
2587
2588
2589
2590
2591
2592
2593
2594
2595
2596
2597
2598
2599
2600
2601
3541
3542
3543
3544
3545
3546
3547
3548
3549
3550
3551
3552
3553
3554
3555
3556
3557
3558
3559
3560
3561
3562
4502
4503
4504
4505
4506
4507
4508
4509
4510
4511
4512
4513
4514
4515
4516
4517
4518
4519
4520
4521
4522
4523
5463
5464
5465
5466
5467
5468
5469
5470
5471
5472
5473
5474
5475
5476
5477
5478
5479
5480
5481
5482
5483
5484
6424
6425
6426
6427
6428
6429
6430
6431
6432
6433
6434
6435
6436
6437
6438
6439
6440
6441
6442
6443
6444
7385
7386
7387
7388
7389
7390
7391
7392
7393
7394
7395
7396
7397
7398
7399
7400
7401
7402
7403
7404
7405
8346
8347
8348
8349
8350
8351
8352
8353
8354
8355
8356
8357
8358
8359
8360
8361
8362
8363
8364
8365
8366
9307
9308
9309
9310
9311
9312
9313
9314
9315
9316
9317
9318
9319
9320
9321
9322
9323
9324
9325
9326
9327
10268
10269
10270
10271
10272
10273
10274
10275
10276
10277
10278
10279
10280
10281
10282
10283
10284
10285
10286
10287
10288
11229
11230
11231
11232
11233
11234
11235
11236
11237
11238
11239
11240
11241
11242
11243
11244
11245
11246
11247
11248
11249
12190
12191
12192
12193
12194
12195
12196
12197
12198
12199
12200
12201
12202
12203
12204
12205
12206
12207
12208
12209
12210
13151
13152
13153
13154
13155
13156
13157
13158
13159
13160
13161
13162
13163
13164
13165
13166
13167
13168
13169
13170
13171
14112
14113
14114
14115
14116
14117
14118
14119
14120
14121
14122
14123
14124
14125
14126
14127
14128
14129
14130
14131
14132
15073
15074
15075
15076
15077
15078
15079
15080
15081
15082
15083
15084
15085
15086
15087
15088
15089
15090
15091
15092
15093
16034
16035
16036
16037
16038
16039
16040
16041
16042
16043
16044
16045
16046
16047
16048
16049
16050
16051
16052
16053
16054
16995
16996
16997
16998
16999
17000
17001
17002
17003
17004
17005
17006
17007
17008
17009
17010
17011
17012
17013
17014
17015
17956
17957
17958
17959
17960
17961
17962
17963
17964
17965
17966
17967
17968
17969
17970
17971
17972
17973
17974
17975
17976
18917
18918
18919
18920
18921
18922
18923
18924
18925
18926
18927
18928
18929
18930
18931
18932
18933
18934
18935
18936
18937
19878
19879
19880
19881
19882
19883
19884
19885
19886
19887
19888
19889
19890
19891
19892
19893
19894
19895
19896
19897
19898
20839
20840
20841
20842
20843
20844
20845
20846
20847
20848
20849
20850
20851
20852
20853
20854
20855
20856
20857
20858
20859
21800
21801
21802
21803
21804
21805
21806
21807
21808
21809
21810
21811
21812
21813
21814
21815
21816
21817
21818
21819
21820
22761
22762
22763
22764
22765
22766
22767
22768
22769
22770
22771
22772
22773
22774
22775
22776
22777
22778
22779
22780
22781
23722
23723
23724
23725
23726
23727
23728
23729
23730
23731
23732
23733
23734
23735
23736
23737
23738
23739
23740
23741
23742
24683
24684
24685
24686
24687
24688
24689
24690
24691
24692
24693
24694
24695
24696
24697
24698
24699
24700
24701
24702
24703
25644
25645
25646
25647
25648
25649
25650
25651
25652
25653
25654
25655
25656
25657
25658
25659
25660
25661
25662
25663
25664
26605
26606
26607
26608
26609
26610
26611
26612
26613
26614
26615
26616
26617
26618
26619
26620
26621
26622
26623
26624
26625
27566
27567
27568
27569
27570
27571
27572
27573
27574
27575
27576
27577
27578
27579
27580
27581
27582
27583
27584
27585
27586
28527
28528
28529
28530
28531
28532
28533
28534
28535
28536
28537
28538
28539
28540
28541
28542
28543
28544
28545
28546
28547
29488
29489
29490
29491
29492
29493
29494
29495
29496
29497
29498
29499
29500
29501
29502
29503
29504
29505
29506
29507
29508
30449
30450
30451
30452
30453
30454
30455
30456
30457
30458
30459
30460
30461
30462
30463
30464
30465
30466
30467
30468
30469
31410
31411
31412
31413
31414
31415
31416
31417
31418
31419
31420
31421
31422
31423
31424
31425
31426
31427
31428
31429
31430
32371
32372
32373
32374
32375
32376
32377
32378
32379
32380
32381
32382
32383
32384
32385
32386
32387
32388
32389
32390
32391
33332
33333
33334
33335
33336
33337
33338
33339
33340
33341
33342
33343
33344
33345
33346
33347
33348
33349
33350
33351
33352
34293
34294
34295
34296
34297
34298
34299
34300
34301
34302
34303
34304
34305
34306
34307
34308
34309
34310
34311
34312
34313
35254
35255
35256
35257
35258
35259
35260
35261
35262
35263
35264
35265
35266
35267
35268
35269
35270
35271
35272
35273
35274
36215
36216
36217
36218
36219
36220
36221
36222
36223
36224
36225
36226
36227
36228
36229
36230
36231
36232
36233
36234
36235
37176
37177
37178
37179
37180
37181
37182
37183
37184
37185
37186
37187
37188
37189
37190
37191
37192
37193
37194
37195
37196
38137
38138
38139
38140
38141
38142
38143
38144
38145
38146
38147
38148
38149
38150
38151
38152
38153
38154
38155
38156
38157
39098
39099
39100
39101
39102
39103
39104
39105
39106
39107
39108
39109
39110
39111
39112
39113
39114
39115
39116
39117
39118
40059
40060
40061
40062
40063
40064
40065
40066
40067
40068
40069
40070
40071
40072
40073
40074
40075
40076
40077
40078
40079
41020
41021
41022
41023
41024
41025
41026
41027
41028
41029
41030
41031
41032
41033
41034
41035
41036
41037
41038
41039
41040
41981
41982
41983
41984
41985
41986
41987
41988
41989
41990
41991
41992
41993
41994
41995
41996
41997
41998
41999
42000
42001
42942
42943
42944
42945
42946
42947
42948
42949
42950
42951
42952
42953
42954
42955
42956
42957
42958
42959
42960
42961
42962
43903
43904
43905
43906
43907
43908
43909
43910
43911
43912
43913
43914
43915
43916
43917
43918
43919
43920
43921
43922
43923
44864
44865
44866
44867
44868
44869
44870
44871
44872
44873
44874
44875
44876
44877
44878
44879
44880
44881
44882
44883
44884
45825
45826
45827
45828
45829
45830
45831
45832
45833
45834
45835
45836
45837
45838
45839
45840
45841
45842
45843
45844
45845
46786
46787
46788
46789
46790
46791
46792
46793
46794
46795
46796
46797
46798
46799
46800
46801
46802
46803
46804
46805
46806
47747
47748
47749
47750
47751
47752
47753
47754
47755
47756
47757
47758
47759
47760
47761
47762
47763
47764
47765
47766
47767
48708
48709
48710
48711
48712
48713
48714
48715
48716
48717
48718
48719
48720
48721
48722
48723
48724
48725
48726
48727
48728
49669
49670
49671
49672
49673
49674
49675
49676
49677
49678
49679
49680
49681
49682
49683
49684
49685
49686
49687
49688
49689
50630
50631
50632
50633
50634
50635
50636
50637
50638
50639
50640
50641
50642
50643
50644
50645
50646
50647
50648
50649
50650
51591
51592
51593
51594
51595
51596
51597
51598
51599
51600
51601
51602
51603
51604
51605
51606
51607
51608
51609
51610
51611
52552
52553
52554
52555
52556
52557
52558
52559
52560
52561
52562
52563
52564
52565
52566
52567
52568
52569
52570
52571
52572
53513
53514
53515
53516
53517
53518
53519
53520
53521
53522
53523
53524
53525
53526
53527
53528
53529
53530
53531
53532
53533
54474
54475
54476
54477
54478
54479
54480
54481
54482
54483
54484
54485
54486
54487
54488
54489
54490
54491
54492
54493
54494
55435
55436
55437
55438
55439
55440
55441
55442
55443
55444
55445
55446
55447
55448
55449
55450
55451
55452
55453
55454
55455
56396
56397
56398
56399
56400
56401
56402
56403
56404
56405
56406
56407
56408
56409
56410
56411
56412
56413
56414
56415
56416
57357
57358
57359
57360
57361
57362
57363
57364
57365
57366
57367
57368
57369
57370
57371
57372
57373
57374
57375
57376
57377
58318
58319
58320
58321
58322
58323
58324
58325
58326
58327
58328
58329
58330
58331
58332
58333
58334
58335
58336
58337
58338
59279
59280
59281
59282
59283
59284
59285
59286
59287
59288
59289
59290
59291
59292
59293
59294
59295
59296
59297
59298
59299
60240
60241
60242
60243
60244
60245
60246
60247
60248
60249
60250
60251
60252
60253
60254
60255
60256
60257
60258
60259
60260
61201
61202
61203
61204
61205
61206
61207
61208
61209
61210
61211
61212
61213
61214
61215
61216
61217
61218
61219
61220
61221
62162
62163
62164
62165
62166
62167
62168
62169
62170
62171
62172
62173
62174
62175
62176
62177
62178
62179
62180
62181
62182
63123
63124
63125
63126
63127
63128
63129
63130
63131
63132
63133
63134
63135
63136
63137
63138
63139
63140
63141
63142
63143
64084
64085
64086
64087
64088
64089
64090
64091
64092
64093
64094
64095
64096
64097
64098
64099
64100
64101
64102
64103
64104
65045
65046
65047
65048
65049
65050
65051
65052
65053
65054
65055
65056
65057
65058
65059
65060
65061
65062
65063
65064
65065
66006
66007
66008
66009
66010
66011
66012
66013
66014
66015
66016
66017
66018
66019
66020
66021
66022
66023
66024
66025
66026
66967
66968
66969
66970
66971
66972
66973
66974
66975
66976
66977
66978
66979
66980
66981
66982
66983
66984
66985
66986
66987
67928
67929
67930
67931
67932
67933
67934
67935
67936
67937
67938
67939
67940
67941
67942
67943
67944
67945
67946
67947
67948
68889
68890
68891
68892
68893
68894
68895
68896
68897
68898
68899
68900
68901
68902
68903
68904
68905
68906
68907
68908
68909
69850
69851
69852
69853
69854
69855
69856
69857
69858
69859
69860
69861
69862
69863
69864
69865
69866
69867
69868
69869
69870
70811
70812
70813
70814
70815
70816
70817
70818
70819
70820
70821
70822
70823
70824
70825
70826
70827
70828
70829
70830
70831
71771
71772
71773
71774
71775
71776
71777
71778
71779
71780
71781
71782
71783
71784
71785
71786
71787
71788
71789
71790
71791
71792
72732
72733
72734
72735
72736
72737
72738
72739
72740
72741
72742
72743
72744
72745
72746
72747
72748
72749
72750
72751
72752
72753
73693
73694
73695
73696
73697
73698
73699
73700
73701
73702
73703
73704
73705
73706
73707
73708
73709
73710
73711
73712
73713
73714
74654
74655
74656
74657
74658
74659
74660
74661
74662
74663
74664
74665
74666
74667
74668
74669
74670
74671
74672
74673
74674
74675
75615
75616
75617
75618
75619
75620
75621
75622
75623
75624
75625
75626
75627
75628
75629
75630
75631
75632
75633
75634
75635
75636
76576
76577
76578
76579
76580
76581
76582
76583
76584
76585
76586
76587
76588
76589
76590
76591
76592
76593
76594
76595
76596
76597
78102
78103
78104
78105
78106
78107
78108
78109
78110
78111
78112
78113
78114
78115
78116
78117
78118
78119
78120
78121
78122
78123
79063
79064
79065
79066
79067
79068
79069
79070
79071
79072
79073
79074
79075
79076
79077
79078
79079
79080
79081
79082
79083
79084
80024
80025
80026
80027
80028
80029
80030
80031
80032
80033
80034
80035
80036
80037
80038
80039
80040
80041
80042
80043
80044
80045
80985
80986
80987
80988
80989
80990
80991
80992
80993
80994
80995
80996
80997
80998
80999
81000
81001
81002
81003
81004
81005
81006
81946
81947
81948
81949
81950
81951
81952
81953
81954
81955
81956
81957
81958
81959
81960
81961
81962
81963
81964
81965
81966
81967
82907
82908
82909
82910
82911
82912
82913
82914
82915
82916
82917
82918
82919
82920
82921
82922
82923
82924
82925
82926
82927
82928
83868
83869
83870
83871
83872
83873
83874
83875
83876
83877
83878
83879
83880
83881
83882
83883
83884
83885
83886
83887
83888
84829
84830
84831
84832
84833
84834
84835
84836
84837
84838
84839
84840
84841
84842
84843
84844
84845
84846
84847
84848
84849
85790
85791
85792
85793
85794
85795
85796
85797
85798
85799
85800
85801
85802
85803
85804
85805
85806
85807
85808
85809
85810
86751
86752
86753
86754
86755
86756
86757
86758
86759
86760
86761
86762
86763
86764
86765
86766
86767
86768
86769
86770
86771
87712
87713
87714
87715
87716
87717
87718
87719
87720
87721
87722
87723
87724
87725
87726
87727
87728
87729
87730
87731
87732
88673
88674
88675
88676
88677
88678
88679
88680
88681
88682
88683
88684
88685
88686
88687
88688
88689
88690
88691
88692
88693
89634
89635
89636
89637
89638
89639
89640
89641
89642
89643
89644
89645
89646
89647
89648
89649
89650
89651
89652
89653
89654
90595
90596
90597
90598
90599
90600
90601
90602
90603
90604
90605
90606
90607
90608
90609
90610
90611
90612
90613
90614
90615
91556
91557
91558
91559
91560
91561
91562
91563
91564
91565
91566
91567
91568
91569
91570
91571
91572
91573
91574
91575
91576
92517
92518
92519
92520
92521
92522
92523
92524
92525
92526
92527
92528
92529
92530
92531
92532
92533
92534
92535
92536
92537
93478
93479
93480
93481
93482
93483
93484
93485
93486
93487
93488
93489
93490
93491
93492
93493
93494
93495
93496
93497
93498
94439
94440
94441
94442
94443
94444
94445
94446
94447
94448
94449
94450
94451
94452
94453
94454
94455
94456
94457
94458
94459
95400
95401
95402
95403
95404
95405
95406
95407
95408
95409
95410
95411
95412
95413
95414
95415
95416
95417
95418
95419
95420
96361
96362
96363
96364
96365
96366
96367
96368
96369
96370
96371
96372
96373
96374
96375
96376
96377
96378
96379
96380
96381
97322
97323
97324
97325
97326
97327
97328
97329
97330
97331
97332
97333
97334
97335
97336
97337
97338
97339
97340
97341
97342
98283
98284
98285
98286
98287
98288
98289
98290
98291
98292
98293
98294
98295
98296
98297
98298
98299
98300
98301
98302
98303
99244
99245
99246
99247
99248
99249
99250
99251
99252
99253
99254
99255
99256
99257
99258
99259
99260
99261
99262
99263
99264
100205
100206
100207
100208
100209
100210
100211
100212
100213
100214
100215
100216
100217
100218
100219
100220
100221
100222
100223
100224
100225
101166
101167
101168
101169
101170
101171
101172
101173
101174
101175
101176
101177
101178
101179
101180
101181
101182
101183
101184
101185
101186
102127
102128
102129
102130
102131
102132
102133
102134
102135
102136
102137
102138
102139
102140
102141
102142
102143
102144
102145
102146
102147
103088
103089
103090
103091
103092
103093
103094
103095
103096
103097
103098
103099
103100
103101
103102
103103
103104
103105
103106
103107
103108
104049
104050
104051
104052
104053
104054
104055
104056
104057
104058
104059
104060
104061
104062
104063
104064
104065
104066
104067
104068
104069
105010
105011
105012
105013
105014
105015
105016
105017
105018
105019
105020
105021
105022
105023
105024
105025
105026
105027
105028
105029
105030
105971
105972
105973
105974
105975
105976
105977
105978
105979
105980
105981
105982
105983
105984
105985
105986
105987
105988
105989
105990
105991
106932
106933
106934
106935
106936
106937
106938
106939
106940
106941
106942
106943
106944
106945
106946
106947
106948
106949
106950
106951
106952
107893
107894
107895
107896
107897
107898
107899
107900
107901
107902
107903
107904
107905
107906
107907
107908
107909
107910
107911
107912
107913
108854
108855
108856
108857
108858
108859
108860
108861
108862
108863
108864
108865
108866
108867
108868
108869
108870
108871
108872
108873
108874
109815
109816
109817
109818
109819
109820
109821
109822
109823
109824
109825
109826
109827
109828
109829
109830
109831
109832
109833
109834
109835
110776
110777
110778
110779
110780
110781
110782
110783
110784
110785
110786
110787
110788
110789
110790
110791
110792
110793
110794
110795
110796
111737
111738
111739
111740
111741
111742
111743
111744
111745
111746
111747
111748
111749
111750
111751
111752
111753
111754
111755
111756
111757
112698
112699
112700
112701
112702
112703
112704
112705
112706
112707
112708
112709
112710
112711
112712
112713
112714
112715
112716
112717
112718
113659
113660
113661
113662
113663
113664
113665
113666
113667
113668
113669
113670
113671
113672
113673
113674
113675
113676
113677
113678
113679
114620
114621
114622
114623
114624
114625
114626
114627
114628
114629
114630
114631
114632
114633
114634
114635
114636
114637
114638
114639
114640
115581
115582
115583
115584
115585
115586
115587
115588
115589
115590
115591
115592
115593
115594
115595
115596
115597
115598
115599
115600
115601
116542
116543
116544
116545
116546
116547
116548
116549
116550
116551
116552
116553
116554
116555
116556
116557
116558
116559
116560
116561
116562
117503
117504
117505
117506
117507
117508
117509
117510
117511
117512
117513
117514
117515
117516
117517
117518
117519
117520
117521
117522
117523
118464
118465
118466
118467
118468
118469
118470
118471
118472
118473
118474
118475
118476
118477
118478
118479
118480
118481
118482
118483
118484
119425
119426
119427
119428
119429
119430
119431
119432
119433
119434
119435
119436
119437
119438
119439
119440
119441
119442
119443
119444
119445
120386
120387
120388
120389
120390
120391
120392
120393
120394
120395
120396
120397
120398
120399
120400
120401
120402
120403
120404
120405
120406
121347
121348
121349
121350
121351
121352
121353
121354
121355
121356
121357
121358
121359
121360
121361
121362
121363
121364
121365
121366
121367
122308
122309
122310
122311
122312
122313
122314
122315
122316
122317
122318
122319
122320
122321
122322
122323
122324
122325
122326
122327
122328
123269
123270
123271
123272
123273
123274
123275
123276
123277
123278
123279
123280
123281
123282
123283
123284
123285
123286
123287
123288
123289
124230
124231
124232
124233
124234
124235
124236
124237
124238
124239
124240
124241
124242
124243
124244
124245
124246
124247
124248
124249
124250
125191
125192
125193
125194
125195
125196
125197
125198
125199
125200
125201
125202
125203
125204
125205
125206
125207
125208
125209
125210
125211
126152
126153
126154
126155
126156
126157
126158
126159
126160
126161
126162
126163
126164
126165
126166
126167
126168
126169
126170
126171
126172
127113
127114
127115
127116
127117
127118
127119
127120
127121
127122
127123
127124
127125
127126
127127
127128
127129
127130
127131
127132
127133
128074
128075
128076
128077
128078
128079
128080
128081
128082
128083
128084
128085
128086
128087
128088
128089
128090
128091
128092
128093
128094
129035
129036
129037
129038
129039
129040
129041
129042
129043
129044
129045
129046
129047
129048
129049
129050
129051
129052
129053
129054
129055
129996
129997
129998
129999
130000
130001
130002
130003
130004
130005
130006
130007
130008
130009
130010
130011
130012
130013
130014
130015
130016
130957
130958
130959
130960
130961
130962
130963
130964
130965
130966
130967
130968
130969
130970
130971
130972
130973
130974
130975
130976
130977
131918
131919
131920
131921
131922
131923
131924
131925
131926
131927
131928
131929
131930
131931
131932
131933
131934
131935
131936
131937
131938
132879
132880
132881
132882
132883
132884
132885
132886
132887
132888
132889
132890
132891
132892
132893
132894
132895
132896
132897
132898
132899
133840
133841
133842
133843
133844
133845
133846
133847
133848
133849
133850
133851
133852
133853
133854
133855
133856
133857
133858
133859
133860
134801
134802
134803
134804
134805
134806
134807
134808
134809
134810
134811
134812
134813
134814
134815
134816
134817
134818
134819
134820
134821
135762
135763
135764
135765
135766
135767
135768
135769
135770
135771
135772
135773
135774
135775
135776
135777
135778
135779
135780
135781
135782
136723
136724
136725
136726
136727
136728
136729
136730
136731
136732
136733
136734
136735
136736
136737
136738
136739
136740
136741
136742
136743
137684
137685
137686
137687
137688
137689
137690
137691
137692
137693
137694
137695
137696
137697
137698
137699
137700
137701
137702
137703
137704
138645
138646
138647
138648
138649
138650
138651
138652
138653
138654
138655
138656
138657
138658
138659
138660
138661
138662
138663
138664
138665
139606
139607
139608
139609
139610
139611
139612
139613
139614
139615
139616
139617
139618
139619
139620
139621
139622
139623
139624
139625
139626
140567
140568
140569
140570
140571
140572
140573
140574
140575
140576
140577
140578
140579
140580
140581
140582
140583
140584
140585
140586
140587
141528
141529
141530
141531
141532
141533
141534
141535
141536
141537
141538
141539
141540
141541
141542
141543
141544
141545
141546
141547
141548
142489
142490
142491
142492
142493
142494
142495
142496
142497
142498
142499
142500
142501
142502
142503
142504
142505
142506
142507
142508
142509
143450
143451
143452
143453
143454
143455
143456
143457
143458
143459
143460
143461
143462
143463
143464
143465
143466
143467
143468
143469
143470
144411
144412
144413
144414
144415
144416
144417
144418
144419
144420
144421
144422
144423
144424
144425
144426
144427
144428
144429
144430
144431
145372
145373
145374
145375
145376
145377
145378
145379
145380
145381
145382
145383
145384
145385
145386
145387
145388
145389
145390
145391
145392
146333
146334
146335
146336
146337
146338
146339
146340
146341
146342
146343
146344
146345
146346
146347
146348
146349
146350
146351
146352
146353
147294
147295
147296
147297
147298
147299
147300
147301
147302
147303
147304
147305
147306
147307
147308
147309
147310
147311
147312
147313
147314
148255
148256
148257
148258
148259
148260
148261
148262
148263
148264
148265
148266
148267
148268
148269
148270
148271
148272
148273
148274
148275
149215
149216
149217
149218
149219
149220
149221
149222
149223
149224
149225
149226
149227
149228
149229
149230
149231
149232
149233
149234
149235
149236
150176
150177
150178
150179
150180
150181
150182
150183
150184
150185
150186
150187
150188
150189
150190
150191
150192
150193
150194
150195
150196
150197
151137
151138
151139
151140
151141
151142
151143
151144
151145
151146
151147
151148
151149
151150
151151
151152
151153
151154
151155
151156
151157
151158
152098
152099
152100
152101
152102
152103
152104
152105
152106
152107
152108
152109
152110
152111
152112
152113
152114
152115
152116
152117
152118
152119
153059
153060
153061
153062
153063
153064
153065
153066
153067
153068
153069
153070
153071
153072
153073
153074
153075
153076
153077
153078
153079
153080
154020
154021
154022
154023
154024
154025
154026
154027
154028
154029
154030
154031
154032
154033
154034
154035
154036
154037
154038
154039
154040
154041
155588
155589
155590
155591
155592
155593
155594
155595
155596
155597
155598
155599
155600
155601
155602
155603
155604
155605
155606
155607
155608
155609
)


// ************************************************************************* //
