/*--------------------------------*- C++ -*----------------------------------*\
| =========                 |                                                 |
| \\      /  F ield         | OpenFOAM: The Open Source CFD Toolbox           |
|  \\    /   O peration     | Version:  2.3.0                                 |
|   \\  /    A nd           | Web:      www.OpenFOAM.org                      |
|    \\/     M anipulation  |                                                 |
\*---------------------------------------------------------------------------*/
FoamFile
{
    version     2.0;
    format      ascii;
    class       labelList;
    location    "constant/polyMesh";
    object      faceProcAddressing;
}
// * * * * * * * * * * * * * * * * * * * * * * * * * * * * * * * * * * * * * //


6529
(
70
71
72
73
74
75
76
77
78
79
80
81
82
83
84
85
86
87
88
89
90
91
92
93
94
95
96
97
98
99
100
101
102
103
104
105
106
107
109
1990
1991
1992
1993
1994
1995
1996
1997
1998
1999
2000
2001
2002
2003
2004
2005
2006
2007
2008
2009
2010
2011
2012
2013
2014
2015
2016
2017
2018
2019
2020
2021
2022
2023
2024
2025
2026
2027
2029
3910
3911
3912
3913
3914
3915
3916
3917
3918
3919
3920
3921
3922
3923
3924
3925
3926
3927
3928
3929
3930
3931
3932
3933
3934
3935
3936
3937
3938
3939
3940
3941
3942
3943
3944
3945
3946
3947
3949
5830
5831
5832
5833
5834
5835
5836
5837
5838
5839
5840
5841
5842
5843
5844
5845
5846
5847
5848
5849
5850
5851
5852
5853
5854
5855
5856
5857
5858
5859
5860
5861
5862
5863
5864
5865
5866
5867
5869
7750
7751
7752
7753
7754
7755
7756
7757
7758
7759
7760
7761
7762
7763
7764
7765
7766
7767
7768
7769
7770
7771
7772
7773
7774
7775
7776
7777
7778
7779
7780
7781
7782
7783
7784
7785
7786
7787
7789
9670
9671
9672
9673
9674
9675
9676
9677
9678
9679
9680
9681
9682
9683
9684
9685
9686
9687
9688
9689
9690
9691
9692
9693
9694
9695
9696
9697
9698
9699
9700
9701
9702
9703
9704
9705
9706
9707
9709
11590
11591
11592
11593
11594
11595
11596
11597
11598
11599
11600
11601
11602
11603
11604
11605
11606
11607
11608
11609
11610
11611
11612
11613
11614
11615
11616
11617
11618
11619
11620
11621
11622
11623
11624
11625
11626
11627
11629
13509
13510
13511
13512
13513
13514
13515
13516
13517
13518
13519
13520
13521
13522
13523
13524
13525
13526
13527
13528
13529
13530
13531
13532
13533
13534
13535
13536
13537
13538
13539
13540
13541
13542
13543
13544
13545
13546
13548
15428
15429
15430
15431
15432
15433
15434
15435
15436
15437
15438
15439
15440
15441
15442
15443
15444
15445
15446
15447
15448
15449
15450
15451
15452
15453
15454
15455
15456
15457
15458
15459
15460
15461
15462
15463
15464
15465
15467
17347
17348
17349
17350
17351
17352
17353
17354
17355
17356
17357
17358
17359
17360
17361
17362
17363
17364
17365
17366
17367
17368
17369
17370
17371
17372
17373
17374
17375
17376
17377
17378
17379
17380
17381
17382
17383
17384
17386
19266
19267
19268
19269
19270
19271
19272
19273
19274
19275
19276
19277
19278
19279
19280
19281
19282
19283
19284
19285
19286
19287
19288
19289
19290
19291
19292
19293
19294
19295
19296
19297
19298
19299
19300
19301
19302
19303
19305
21185
21186
21187
21188
21189
21190
21191
21192
21193
21194
21195
21196
21197
21198
21199
21200
21201
21202
21203
21204
21205
21206
21207
21208
21209
21210
21211
21212
21213
21214
21215
21216
21217
21218
21219
21220
21221
21222
21224
23104
23105
23106
23107
23108
23109
23110
23111
23112
23113
23114
23115
23116
23117
23118
23119
23120
23121
23122
23123
23124
23125
23126
23127
23128
23129
23130
23131
23132
23133
23134
23135
23136
23137
23138
23139
23140
23141
23143
25023
25024
25025
25026
25027
25028
25029
25030
25031
25032
25033
25034
25035
25036
25037
25038
25039
25040
25041
25042
25043
25044
25045
25046
25047
25048
25049
25050
25051
25052
25053
25054
25055
25056
25057
25058
25059
25060
25062
26942
26943
26944
26945
26946
26947
26948
26949
26950
26951
26952
26953
26954
26955
26956
26957
26958
26959
26960
26961
26962
26963
26964
26965
26966
26967
26968
26969
26970
26971
26972
26973
26974
26975
26976
26977
26978
26979
26981
28861
28862
28863
28864
28865
28866
28867
28868
28869
28870
28871
28872
28873
28874
28875
28876
28877
28878
28879
28880
28881
28882
28883
28884
28885
28886
28887
28888
28889
28890
28891
28892
28893
28894
28895
28896
28897
28898
28900
30780
30781
30782
30783
30784
30785
30786
30787
30788
30789
30790
30791
30792
30793
30794
30795
30796
30797
30798
30799
30800
30801
30802
30803
30804
30805
30806
30807
30808
30809
30810
30811
30812
30813
30814
30815
30816
30817
30819
32699
32700
32701
32702
32703
32704
32705
32706
32707
32708
32709
32710
32711
32712
32713
32714
32715
32716
32717
32718
32719
32720
32721
32722
32723
32724
32725
32726
32727
32728
32729
32730
32731
32732
32733
32734
32735
32736
32738
34618
34619
34620
34621
34622
34623
34624
34625
34626
34627
34628
34629
34630
34631
34632
34633
34634
34635
34636
34637
34638
34639
34640
34641
34642
34643
34644
34645
34646
34647
34648
34649
34650
34651
34652
34653
34654
34655
34657
36537
36538
36539
36540
36541
36542
36543
36544
36545
36546
36547
36548
36549
36550
36551
36552
36553
36554
36555
36556
36557
36558
36559
36560
36561
36562
36563
36564
36565
36566
36567
36568
36569
36570
36571
36572
36573
36574
36576
38456
38457
38458
38459
38460
38461
38462
38463
38464
38465
38466
38467
38468
38469
38470
38471
38472
38473
38474
38475
38476
38477
38478
38479
38480
38481
38482
38483
38484
38485
38486
38487
38488
38489
38490
38491
38492
38493
38495
40375
40376
40377
40378
40379
40380
40381
40382
40383
40384
40385
40386
40387
40388
40389
40390
40391
40392
40393
40394
40395
40396
40397
40398
40399
40400
40401
40402
40403
40404
40405
40406
40407
40408
40409
40410
40411
40412
40414
42294
42295
42296
42297
42298
42299
42300
42301
42302
42303
42304
42305
42306
42307
42308
42309
42310
42311
42312
42313
42314
42315
42316
42317
42318
42319
42320
42321
42322
42323
42324
42325
42326
42327
42328
42329
42330
42331
42333
44213
44214
44215
44216
44217
44218
44219
44220
44221
44222
44223
44224
44225
44226
44227
44228
44229
44230
44231
44232
44233
44234
44235
44236
44237
44238
44239
44240
44241
44242
44243
44244
44245
44246
44247
44248
44249
44250
44252
46132
46133
46134
46135
46136
46137
46138
46139
46140
46141
46142
46143
46144
46145
46146
46147
46148
46149
46150
46151
46152
46153
46154
46155
46156
46157
46158
46159
46160
46161
46162
46163
46164
46165
46166
46167
46168
46169
46171
48051
48052
48053
48054
48055
48056
48057
48058
48059
48060
48061
48062
48063
48064
48065
48066
48067
48068
48069
48070
48071
48072
48073
48074
48075
48076
48077
48078
48079
48080
48081
48082
48083
48084
48085
48086
48087
48088
48090
49970
49971
49972
49973
49974
49975
49976
49977
49978
49979
49980
49981
49982
49983
49984
49985
49986
49987
49988
49989
49990
49991
49992
49993
49994
49995
49996
49997
49998
49999
50000
50001
50002
50003
50004
50005
50006
50007
50009
51889
51890
51891
51892
51893
51894
51895
51896
51897
51898
51899
51900
51901
51902
51903
51904
51905
51906
51907
51908
51909
51910
51911
51912
51913
51914
51915
51916
51917
51918
51919
51920
51921
51922
51923
51924
51925
51926
51928
53808
53809
53810
53811
53812
53813
53814
53815
53816
53817
53818
53819
53820
53821
53822
53823
53824
53825
53826
53827
53828
53829
53830
53831
53832
53833
53834
53835
53836
53837
53838
53839
53840
53841
53842
53843
53844
53845
53847
55727
55728
55729
55730
55731
55732
55733
55734
55735
55736
55737
55738
55739
55740
55741
55742
55743
55744
55745
55746
55747
55748
55749
55750
55751
55752
55753
55754
55755
55756
55757
55758
55759
55760
55761
55762
55763
55764
55766
57646
57647
57648
57649
57650
57651
57652
57653
57654
57655
57656
57657
57658
57659
57660
57661
57662
57663
57664
57665
57666
57667
57668
57669
57670
57671
57672
57673
57674
57675
57676
57677
57678
57679
57680
57681
57682
57683
57685
59565
59566
59567
59568
59569
59570
59571
59572
59573
59574
59575
59576
59577
59578
59579
59580
59581
59582
59583
59584
59585
59586
59587
59588
59589
59590
59591
59592
59593
59594
59595
59596
59597
59598
59599
59600
59601
59602
59604
61484
61485
61486
61487
61488
61489
61490
61491
61492
61493
61494
61495
61496
61497
61498
61499
61500
61501
61502
61503
61504
61505
61506
61507
61508
61509
61510
61511
61512
61513
61514
61515
61516
61517
61518
61519
61520
61521
61523
63403
63404
63405
63406
63407
63408
63409
63410
63411
63412
63413
63414
63415
63416
63417
63418
63419
63420
63421
63422
63423
63424
63425
63426
63427
63428
63429
63430
63431
63432
63433
63434
63435
63436
63437
63438
63439
63440
63442
65322
65323
65324
65325
65326
65327
65328
65329
65330
65331
65332
65333
65334
65335
65336
65337
65338
65339
65340
65341
65342
65343
65344
65345
65346
65347
65348
65349
65350
65351
65352
65353
65354
65355
65356
65357
65358
65359
65361
67241
67242
67243
67244
67245
67246
67247
67248
67249
67250
67251
67252
67253
67254
67255
67256
67257
67258
67259
67260
67261
67262
67263
67264
67265
67266
67267
67268
67269
67270
67271
67272
67273
67274
67275
67276
67277
67278
67280
69160
69161
69162
69163
69164
69165
69166
69167
69168
69169
69170
69171
69172
69173
69174
69175
69176
69177
69178
69179
69180
69181
69182
69183
69184
69185
69186
69187
69188
69189
69190
69191
69192
69193
69194
69195
69196
69197
69199
71079
71080
71081
71082
71083
71084
71085
71086
71087
71088
71089
71090
71091
71092
71093
71094
71095
71096
71097
71098
71099
71100
71101
71102
71103
71104
71105
71106
71107
71108
71109
71110
71111
71112
71113
71114
71115
71116
71118
72998
72999
73000
73001
73002
73003
73004
73005
73006
73007
73008
73009
73010
73011
73012
73013
73014
73015
73016
73017
73018
73019
73020
73021
73022
73023
73024
73025
73026
73027
73028
73029
73030
73031
73032
73033
73034
73035
73037
74918
74919
74920
74921
74922
74923
74924
74925
74926
74927
74928
74929
74930
74931
74932
74933
74934
74935
74936
74937
74938
74939
74940
74941
74942
74943
74944
74945
74946
74947
74948
74949
74950
74951
74952
74953
74954
74955
74957
76838
76839
76840
76841
76842
76843
76844
76845
76846
76847
76848
76849
76850
76851
76852
76853
76854
76855
76856
76857
76858
76859
76860
76861
76862
76863
76864
76865
76866
76867
76868
76869
76870
76871
76872
76873
76874
76875
76877
78758
78759
78760
78761
78762
78763
78764
78765
78766
78767
78768
78769
78770
78771
78772
78773
78774
78775
78776
78777
78778
78779
78780
78781
78782
78783
78784
78785
78786
78787
78788
78789
78790
78791
78792
78793
78794
78795
78797
80678
80679
80680
80681
80682
80683
80684
80685
80686
80687
80688
80689
80690
80691
80692
80693
80694
80695
80696
80697
80698
80699
80700
80701
80702
80703
80704
80705
80706
80707
80708
80709
80710
80711
80712
80713
80714
80715
80717
82598
82599
82600
82601
82602
82603
82604
82605
82606
82607
82608
82609
82610
82611
82612
82613
82614
82615
82616
82617
82618
82619
82620
82621
82622
82623
82624
82625
82626
82627
82628
82629
82630
82631
82632
82633
82634
82635
82637
84518
84519
84520
84521
84522
84523
84524
84525
84526
84527
84528
84529
84530
84531
84532
84533
84534
84535
84536
84537
84538
84539
84540
84541
84542
84543
84544
84545
84546
84547
84548
84549
84550
84551
84552
84553
84554
84555
84557
86438
86439
86440
86441
86442
86443
86444
86445
86446
86447
86448
86449
86450
86451
86452
86453
86454
86455
86456
86457
86458
86459
86460
86461
86462
86463
86464
86465
86466
86467
86468
86469
86470
86471
86472
86473
86474
86475
86477
88358
88359
88360
88361
88362
88363
88364
88365
88366
88367
88368
88369
88370
88371
88372
88373
88374
88375
88376
88377
88378
88379
88380
88381
88382
88383
88384
88385
88386
88387
88388
88389
88390
88391
88392
88393
88394
88395
88397
90276
90277
90278
90279
90280
90281
90282
90283
90284
90285
90286
90287
90288
90289
90290
90291
90292
90293
90294
90295
90296
90297
90298
90299
90300
90301
90302
90303
90304
90305
90306
90307
90308
90309
90310
90311
90312
90313
90314
90315
90317
92195
92196
92197
92198
92199
92200
92201
92202
92203
92204
92205
92206
92207
92208
92209
92210
92211
92212
92213
92214
92215
92216
92217
92218
92219
92220
92221
92222
92223
92224
92225
92226
92227
92228
92229
92230
92231
92232
92233
92234
92236
94114
94115
94116
94117
94118
94119
94120
94121
94122
94123
94124
94125
94126
94127
94128
94129
94130
94131
94132
94133
94134
94135
94136
94137
94138
94139
94140
94141
94142
94143
94144
94145
94146
94147
94148
94149
94150
94151
94152
94153
94155
96033
96034
96035
96036
96037
96038
96039
96040
96041
96042
96043
96044
96045
96046
96047
96048
96049
96050
96051
96052
96053
96054
96055
96056
96057
96058
96059
96060
96061
96062
96063
96064
96065
96066
96067
96068
96069
96070
96071
96072
96074
97952
97953
97954
97955
97956
97957
97958
97959
97960
97961
97962
97963
97964
97965
97966
97967
97968
97969
97970
97971
97972
97973
97974
97975
97976
97977
97978
97979
97980
97981
97982
97983
97984
97985
97986
97987
97988
97989
97990
97991
97993
99871
99872
99873
99874
99875
99876
99877
99878
99879
99880
99881
99882
99883
99884
99885
99886
99887
99888
99889
99890
99891
99892
99893
99894
99895
99896
99897
99898
99899
99900
99901
99902
99903
99904
99905
99906
99907
99908
99909
99910
99912
101790
101791
101792
101793
101794
101795
101796
101797
101798
101799
101800
101801
101802
101803
101804
101805
101806
101807
101808
101809
101810
101811
101812
101813
101814
101815
101816
101817
101818
101819
101820
101821
101822
101823
101824
101825
101826
101827
101828
101829
101831
103709
103710
103711
103712
103713
103714
103715
103716
103717
103718
103719
103720
103721
103722
103723
103724
103725
103726
103727
103728
103729
103730
103731
103732
103733
103734
103735
103736
103737
103738
103739
103740
103741
103742
103743
103744
103745
103746
103747
103748
103750
105628
105629
105630
105631
105632
105633
105634
105635
105636
105637
105638
105639
105640
105641
105642
105643
105644
105645
105646
105647
105648
105649
105650
105651
105652
105653
105654
105655
105656
105657
105658
105659
105660
105661
105662
105663
105664
105665
105666
105667
105669
107547
107548
107549
107550
107551
107552
107553
107554
107555
107556
107557
107558
107559
107560
107561
107562
107563
107564
107565
107566
107567
107568
107569
107570
107571
107572
107573
107574
107575
107576
107577
107578
107579
107580
107581
107582
107583
107584
107585
107586
107588
109466
109467
109468
109469
109470
109471
109472
109473
109474
109475
109476
109477
109478
109479
109480
109481
109482
109483
109484
109485
109486
109487
109488
109489
109490
109491
109492
109493
109494
109495
109496
109497
109498
109499
109500
109501
109502
109503
109504
109505
109507
111385
111386
111387
111388
111389
111390
111391
111392
111393
111394
111395
111396
111397
111398
111399
111400
111401
111402
111403
111404
111405
111406
111407
111408
111409
111410
111411
111412
111413
111414
111415
111416
111417
111418
111419
111420
111421
111422
111423
111424
113304
113305
113306
113307
113308
113309
113310
113311
113312
113313
113314
113315
113316
113317
113318
113319
113320
113321
113322
113323
113324
113325
113326
113327
113328
113329
113330
113331
113332
113333
113334
113335
113336
113337
113338
113339
113340
113341
113343
115223
115224
115225
115226
115227
115228
115229
115230
115231
115232
115233
115234
115235
115236
115237
115238
115239
115240
115241
115242
115243
115244
115245
115246
115247
115248
115249
115250
115251
115252
115253
115254
115255
115256
115257
115258
115259
115260
115262
117142
117143
117144
117145
117146
117147
117148
117149
117150
117151
117152
117153
117154
117155
117156
117157
117158
117159
117160
117161
117162
117163
117164
117165
117166
117167
117168
117169
117170
117171
117172
117173
117174
117175
117176
117177
117178
117179
117181
119061
119062
119063
119064
119065
119066
119067
119068
119069
119070
119071
119072
119073
119074
119075
119076
119077
119078
119079
119080
119081
119082
119083
119084
119085
119086
119087
119088
119089
119090
119091
119092
119093
119094
119095
119096
119097
119098
119100
120980
120981
120982
120983
120984
120985
120986
120987
120988
120989
120990
120991
120992
120993
120994
120995
120996
120997
120998
120999
121000
121001
121002
121003
121004
121005
121006
121007
121008
121009
121010
121011
121012
121013
121014
121015
121016
121017
121019
122899
122900
122901
122902
122903
122904
122905
122906
122907
122908
122909
122910
122911
122912
122913
122914
122915
122916
122917
122918
122919
122920
122921
122922
122923
122924
122925
122926
122927
122928
122929
122930
122931
122932
122933
122934
122935
122936
122938
124818
124819
124820
124821
124822
124823
124824
124825
124826
124827
124828
124829
124830
124831
124832
124833
124834
124835
124836
124837
124838
124839
124840
124841
124842
124843
124844
124845
124846
124847
124848
124849
124850
124851
124852
124853
124854
124855
124857
126737
126738
126739
126740
126741
126742
126743
126744
126745
126746
126747
126748
126749
126750
126751
126752
126753
126754
126755
126756
126757
126758
126759
126760
126761
126762
126763
126764
126765
126766
126767
126768
126769
126770
126771
126772
126773
126774
126776
128656
128657
128658
128659
128660
128661
128662
128663
128664
128665
128666
128667
128668
128669
128670
128671
128672
128673
128674
128675
128676
128677
128678
128679
128680
128681
128682
128683
128684
128685
128686
128687
128688
128689
128690
128691
128692
128693
128695
130575
130576
130577
130578
130579
130580
130581
130582
130583
130584
130585
130586
130587
130588
130589
130590
130591
130592
130593
130594
130595
130596
130597
130598
130599
130600
130601
130602
130603
130604
130605
130606
130607
130608
130609
130610
130611
130612
130614
132494
132495
132496
132497
132498
132499
132500
132501
132502
132503
132504
132505
132506
132507
132508
132509
132510
132511
132512
132513
132514
132515
132516
132517
132518
132519
132520
132521
132522
132523
132524
132525
132526
132527
132528
132529
132530
132531
132533
134413
134414
134415
134416
134417
134418
134419
134420
134421
134422
134423
134424
134425
134426
134427
134428
134429
134430
134431
134432
134433
134434
134435
134436
134437
134438
134439
134440
134441
134442
134443
134444
134445
134446
134447
134448
134449
134450
134452
136332
136333
136334
136335
136336
136337
136338
136339
136340
136341
136342
136343
136344
136345
136346
136347
136348
136349
136350
136351
136352
136353
136354
136355
136356
136357
136358
136359
136360
136361
136362
136363
136364
136365
136366
136367
136368
136369
136371
138251
138252
138253
138254
138255
138256
138257
138258
138259
138260
138261
138262
138263
138264
138265
138266
138267
138268
138269
138270
138271
138272
138273
138274
138275
138276
138277
138278
138279
138280
138281
138282
138283
138284
138285
138286
138287
138288
138290
140170
140171
140172
140173
140174
140175
140176
140177
140178
140179
140180
140181
140182
140183
140184
140185
140186
140187
140188
140189
140190
140191
140192
140193
140194
140195
140196
140197
140198
140199
140200
140201
140202
140203
140204
140205
140206
140207
140209
142089
142090
142091
142092
142093
142094
142095
142096
142097
142098
142099
142100
142101
142102
142103
142104
142105
142106
142107
142108
142109
142110
142111
142112
142113
142114
142115
142116
142117
142118
142119
142120
142121
142122
142123
142124
142125
142126
142128
144008
144009
144010
144011
144012
144013
144014
144015
144016
144017
144018
144019
144020
144021
144022
144023
144024
144025
144026
144027
144028
144029
144030
144031
144032
144033
144034
144035
144036
144037
144038
144039
144040
144041
144042
144043
144044
144045
144047
145927
145928
145929
145930
145931
145932
145933
145934
145935
145936
145937
145938
145939
145940
145941
145942
145943
145944
145945
145946
145947
145948
145949
145950
145951
145952
145953
145954
145955
145956
145957
145958
145959
145960
145961
145962
145963
145964
145966
147846
147847
147848
147849
147850
147851
147852
147853
147854
147855
147856
147857
147858
147859
147860
147861
147862
147863
147864
147865
147866
147867
147868
147869
147870
147871
147872
147873
147874
147875
147876
147877
147878
147879
147880
147881
147882
147883
147885
149765
149766
149767
149768
149769
149770
149771
149772
149773
149774
149775
149776
149777
149778
149779
149780
149781
149782
149783
149784
149785
149786
149787
149788
149789
149790
149791
149792
149793
149794
149795
149796
149797
149798
149799
149800
149801
149802
149804
151651
151652
151653
151654
151655
151656
151657
151658
151659
151660
151661
151662
151663
151664
151665
151666
151667
151668
151669
153696
153697
153698
153699
153700
153701
153702
153703
153704
153705
153706
153707
153708
153709
153710
153711
153712
153713
153714
153715
154656
154657
154658
154659
154660
154661
154662
154663
154664
154665
154666
154667
154668
154669
154670
154671
154672
154673
154674
154675
155616
155617
155618
155619
155620
155621
155622
155623
155624
155625
155626
155627
155628
155629
155630
155631
155632
155633
155634
155635
156576
156577
156578
156579
156580
156581
156582
156583
156584
156585
156586
156587
156588
156589
156590
156591
156592
156593
156594
156595
157536
157537
157538
157539
157540
157541
157542
157543
157544
157545
157546
157547
157548
157549
157550
157551
157552
157553
157554
157555
158496
158497
158498
158499
158500
158501
158502
158503
158504
158505
158506
158507
158508
158509
158510
158511
158512
158513
158514
158515
159456
159457
159458
159459
159460
159461
159462
159463
159464
159465
159466
159467
159468
159469
159470
159471
159472
159473
159474
159475
160416
160417
160418
160419
160420
160421
160422
160423
160424
160425
160426
160427
160428
160429
160430
160431
160432
160433
160434
160435
161376
161377
161378
161379
161380
161381
161382
161383
161384
161385
161386
161387
161388
161389
161390
161391
161392
161393
161394
161395
162336
162337
162338
162339
162340
162341
162342
162343
162344
162345
162346
162347
162348
162349
162350
162351
162352
162353
162354
162355
163296
163297
163298
163299
163300
163301
163302
163303
163304
163305
163306
163307
163308
163309
163310
163311
163312
163313
163314
163315
164256
164257
164258
164259
164260
164261
164262
164263
164264
164265
164266
164267
164268
164269
164270
164271
164272
164273
164274
164275
165216
165217
165218
165219
165220
165221
165222
165223
165224
165225
165226
165227
165228
165229
165230
165231
165232
165233
165234
165235
166176
166177
166178
166179
166180
166181
166182
166183
166184
166185
166186
166187
166188
166189
166190
166191
166192
166193
166194
166195
167136
167137
167138
167139
167140
167141
167142
167143
167144
167145
167146
167147
167148
167149
167150
167151
167152
167153
167154
167155
168096
168097
168098
168099
168100
168101
168102
168103
168104
168105
168106
168107
168108
168109
168110
168111
168112
168113
168114
168115
169056
169057
169058
169059
169060
169061
169062
169063
169064
169065
169066
169067
169068
169069
169070
169071
169072
169073
169074
169075
170016
170017
170018
170019
170020
170021
170022
170023
170024
170025
170026
170027
170028
170029
170030
170031
170032
170033
170034
170035
170976
170977
170978
170979
170980
170981
170982
170983
170984
170985
170986
170987
170988
170989
170990
170991
170992
170993
170994
170995
171936
171937
171938
171939
171940
171941
171942
171943
171944
171945
171946
171947
171948
171949
171950
171951
171952
171953
171954
171955
172896
172897
172898
172899
172900
172901
172902
172903
172904
172905
172906
172907
172908
172909
172910
172911
172912
172913
172914
172915
173856
173857
173858
173859
173860
173861
173862
173863
173864
173865
173866
173867
173868
173869
173870
173871
173872
173873
173874
173875
174816
174817
174818
174819
174820
174821
174822
174823
174824
174825
174826
174827
174828
174829
174830
174831
174832
174833
174834
174835
175776
175777
175778
175779
175780
175781
175782
175783
175784
175785
175786
175787
175788
175789
175790
175791
175792
175793
175794
175795
176736
176737
176738
176739
176740
176741
176742
176743
176744
176745
176746
176747
176748
176749
176750
176751
176752
176753
176754
176755
177696
177697
177698
177699
177700
177701
177702
177703
177704
177705
177706
177707
177708
177709
177710
177711
177712
177713
177714
177715
178656
178657
178658
178659
178660
178661
178662
178663
178664
178665
178666
178667
178668
178669
178670
178671
178672
178673
178674
178675
179616
179617
179618
179619
179620
179621
179622
179623
179624
179625
179626
179627
179628
179629
179630
179631
179632
179633
179634
179635
180576
180577
180578
180579
180580
180581
180582
180583
180584
180585
180586
180587
180588
180589
180590
180591
180592
180593
180594
180595
181536
181537
181538
181539
181540
181541
181542
181543
181544
181545
181546
181547
181548
181549
181550
181551
181552
181553
181554
181555
182496
182497
182498
182499
182500
182501
182502
182503
182504
182505
182506
182507
182508
182509
182510
182511
182512
182513
182514
182515
183456
183457
183458
183459
183460
183461
183462
183463
183464
183465
183466
183467
183468
183469
183470
183471
183472
183473
183474
183475
184416
184417
184418
184419
184420
184421
184422
184423
184424
184425
184426
184427
184428
184429
184430
184431
184432
184433
184434
184435
185376
185377
185378
185379
185380
185381
185382
185383
185384
185385
185386
185387
185388
185389
185390
185391
185392
185393
185394
185395
186336
186337
186338
186339
186340
186341
186342
186343
186344
186345
186346
186347
186348
186349
186350
186351
186352
186353
186354
186355
187296
187297
187298
187299
187300
187301
187302
187303
187304
187305
187306
187307
187308
187309
187310
187311
187312
187313
187314
187315
188256
188257
188258
188259
188260
188261
188262
188263
188264
188265
188266
188267
188268
188269
188270
188271
188272
188273
188274
188275
189216
189217
189218
189219
189220
189221
189222
189223
189224
189225
189226
189227
189228
189229
189230
189231
189232
189233
189234
189235
190176
190177
190178
190179
190180
190181
190182
190183
190184
190185
190186
190187
190188
190189
190190
190191
190192
190193
190194
190195
191136
191137
191138
191139
191140
191141
191142
191143
191144
191145
191146
191147
191148
191149
191150
191151
191152
191153
191154
191155
192096
192097
192098
192099
192100
192101
192102
192103
192104
192105
192106
192107
192108
192109
192110
192111
192112
192113
192114
192115
193056
193057
193058
193059
193060
193061
193062
193063
193064
193065
193066
193067
193068
193069
193070
193071
193072
193073
193074
193075
194016
194017
194018
194019
194020
194021
194022
194023
194024
194025
194026
194027
194028
194029
194030
194031
194032
194033
194034
194035
194976
194977
194978
194979
194980
194981
194982
194983
194984
194985
194986
194987
194988
194989
194990
194991
194992
194993
194994
194995
195936
195937
195938
195939
195940
195941
195942
195943
195944
195945
195946
195947
195948
195949
195950
195951
195952
195953
195954
195955
196896
196897
196898
196899
196900
196901
196902
196903
196904
196905
196906
196907
196908
196909
196910
196911
196912
196913
196914
196915
197856
197857
197858
197859
197860
197861
197862
197863
197864
197865
197866
197867
197868
197869
197870
197871
197872
197873
197874
197875
198815
198816
198817
198818
198819
198820
198821
198822
198823
198824
198825
198826
198827
198828
198829
198830
198831
198832
198833
198834
198835
199775
199776
199777
199778
199779
199780
199781
199782
199783
199784
199785
199786
199787
199788
199789
199790
199791
199792
199793
199794
199795
200735
200736
200737
200738
200739
200740
200741
200742
200743
200744
200745
200746
200747
200748
200749
200750
200751
200752
200753
200754
200755
201695
201696
201697
201698
201699
201700
201701
201702
201703
201704
201705
201706
201707
201708
201709
201710
201711
201712
201713
201714
201715
202655
202656
202657
202658
202659
202660
202661
202662
202663
202664
202665
202666
202667
202668
202669
202670
202671
202672
202673
202674
202675
203615
203616
203617
203618
203619
203620
203621
203622
203623
203624
203625
203626
203627
203628
203629
203630
203631
203632
203633
203634
203635
204575
204576
204577
204578
204579
204580
204581
204582
204583
204584
204585
204586
204587
204588
204589
204590
204591
204592
204593
204594
204595
205535
205536
205537
205538
205539
205540
205541
205542
205543
205544
205545
205546
205547
205548
205549
205550
205551
205552
205553
205554
205555
206495
206496
206497
206498
206499
206500
206501
206502
206503
206504
206505
206506
206507
206508
206509
206510
206511
206512
206513
206514
206515
207455
207456
207457
207458
207459
207460
207461
207462
207463
207464
207465
207466
207467
207468
207469
207470
207471
207472
207473
207474
207475
208415
208416
208417
208418
208419
208420
208421
208422
208423
208424
208425
208426
208427
208428
208429
208430
208431
208432
208433
208434
208435
209375
209376
209377
209378
209379
209380
209381
209382
209383
209384
209385
209386
209387
209388
209389
209390
209391
209392
209393
209394
209395
210335
210336
210337
210338
210339
210340
210341
210342
210343
210344
210345
210346
210347
210348
210349
210350
210351
210352
210353
210354
211295
211296
211297
211298
211299
211300
211301
211302
211303
211304
211305
211306
211307
211308
211309
211310
211311
211312
211313
211314
212255
212256
212257
212258
212259
212260
212261
212262
212263
212264
212265
212266
212267
212268
212269
212270
212271
212272
212273
212274
213215
213216
213217
213218
213219
213220
213221
213222
213223
213224
213225
213226
213227
213228
213229
213230
213231
213232
213233
213234
214175
214176
214177
214178
214179
214180
214181
214182
214183
214184
214185
214186
214187
214188
214189
214190
214191
214192
214193
214194
215135
215136
215137
215138
215139
215140
215141
215142
215143
215144
215145
215146
215147
215148
215149
215150
215151
215152
215153
215154
216095
216096
216097
216098
216099
216100
216101
216102
216103
216104
216105
216106
216107
216108
216109
216110
216111
216112
216113
216114
217055
217056
217057
217058
217059
217060
217061
217062
217063
217064
217065
217066
217067
217068
217069
217070
217071
217072
217073
217074
218015
218016
218017
218018
218019
218020
218021
218022
218023
218024
218025
218026
218027
218028
218029
218030
218031
218032
218033
218034
218975
218976
218977
218978
218979
218980
218981
218982
218983
218984
218985
218986
218987
218988
218989
218990
218991
218992
218993
218994
219935
219936
219937
219938
219939
219940
219941
219942
219943
219944
219945
219946
219947
219948
219949
219950
219951
219952
219953
219954
220895
220896
220897
220898
220899
220900
220901
220902
220903
220904
220905
220906
220907
220908
220909
220910
220911
220912
220913
220914
221855
221856
221857
221858
221859
221860
221861
221862
221863
221864
221865
221866
221867
221868
221869
221870
221871
221872
221873
221874
222815
222816
222817
222818
222819
222820
222821
222822
222823
222824
222825
222826
222827
222828
222829
222830
222831
222832
222833
222834
223775
223776
223777
223778
223779
223780
223781
223782
223783
223784
223785
223786
223787
223788
223789
223790
223791
223792
223793
223794
224735
224736
224737
224738
224739
224740
224741
224742
224743
224744
224745
224746
224747
224748
224749
224750
224751
224752
224753
224754
225695
225696
225697
225698
225699
225700
225701
225702
225703
225704
225705
225706
225707
225708
225709
225710
225711
225712
225713
225714
226655
226656
226657
226658
226659
226660
226661
226662
226663
226664
226665
226666
226667
226668
226669
226670
226671
226672
226673
226674
227615
227616
227617
227618
227619
227620
227621
227622
227623
227624
227625
227626
227627
227628
227629
227630
227631
227632
227633
227634
228575
228576
228577
228578
228579
228580
228581
228582
228583
228584
228585
228586
228587
228588
228589
228590
228591
228592
228593
228594
229535
229536
229537
229538
229539
229540
229541
229542
229543
229544
229545
229546
229547
229548
229549
229550
229551
229552
229553
229554
231033
231034
231035
231036
231037
231038
231039
231040
231041
231042
231043
231044
231045
231046
231047
231048
231049
231050
231051
231052
231993
231994
231995
231996
231997
231998
231999
232000
232001
232002
232003
232004
232005
232006
232007
232008
232009
232010
232011
232012
232953
232954
232955
232956
232957
232958
232959
232960
232961
232962
232963
232964
232965
232966
232967
232968
232969
232970
232971
232972
233913
233914
233915
233916
233917
233918
233919
233920
233921
233922
233923
233924
233925
233926
233927
233928
233929
233930
233931
233932
234873
234874
234875
234876
234877
234878
234879
234880
234881
234882
234883
234884
234885
234886
234887
234888
234889
234890
234891
234892
235833
235834
235835
235836
235837
235838
235839
235840
235841
235842
235843
235844
235845
235846
235847
235848
235849
235850
235851
235852
236793
236794
236795
236796
236797
236798
236799
236800
236801
236802
236803
236804
236805
236806
236807
236808
236809
236810
236811
236812
237753
237754
237755
237756
237757
237758
237759
237760
237761
237762
237763
237764
237765
237766
237767
237768
237769
237770
237771
237772
238713
238714
238715
238716
238717
238718
238719
238720
238721
238722
238723
238724
238725
238726
238727
238728
238729
238730
238731
238732
239673
239674
239675
239676
239677
239678
239679
239680
239681
239682
239683
239684
239685
239686
239687
239688
239689
239690
239691
239692
240633
240634
240635
240636
240637
240638
240639
240640
240641
240642
240643
240644
240645
240646
240647
240648
240649
240650
240651
240652
241593
241594
241595
241596
241597
241598
241599
241600
241601
241602
241603
241604
241605
241606
241607
241608
241609
241610
241611
241612
242553
242554
242555
242556
242557
242558
242559
242560
242561
242562
242563
242564
242565
242566
242567
242568
242569
242570
242571
242572
243513
243514
243515
243516
243517
243518
243519
243520
243521
243522
243523
243524
243525
243526
243527
243528
243529
243530
243531
243532
244473
244474
244475
244476
244477
244478
244479
244480
244481
244482
244483
244484
244485
244486
244487
244488
244489
244490
244491
244492
245433
245434
245435
245436
245437
245438
245439
245440
245441
245442
245443
245444
245445
245446
245447
245448
245449
245450
245451
245452
246393
246394
246395
246396
246397
246398
246399
246400
246401
246402
246403
246404
246405
246406
246407
246408
246409
246410
246411
246412
247353
247354
247355
247356
247357
247358
247359
247360
247361
247362
247363
247364
247365
247366
247367
247368
247369
247370
247371
247372
248313
248314
248315
248316
248317
248318
248319
248320
248321
248322
248323
248324
248325
248326
248327
248328
248329
248330
248331
248332
249273
249274
249275
249276
249277
249278
249279
249280
249281
249282
249283
249284
249285
249286
249287
249288
249289
249290
249291
249292
250233
250234
250235
250236
250237
250238
250239
250240
250241
250242
250243
250244
250245
250246
250247
250248
250249
250250
250251
250252
251193
251194
251195
251196
251197
251198
251199
251200
251201
251202
251203
251204
251205
251206
251207
251208
251209
251210
251211
251212
252153
252154
252155
252156
252157
252158
252159
252160
252161
252162
252163
252164
252165
252166
252167
252168
252169
252170
252171
252172
253113
253114
253115
253116
253117
253118
253119
253120
253121
253122
253123
253124
253125
253126
253127
253128
253129
253130
253131
253132
254073
254074
254075
254076
254077
254078
254079
254080
254081
254082
254083
254084
254085
254086
254087
254088
254089
254090
254091
254092
255033
255034
255035
255036
255037
255038
255039
255040
255041
255042
255043
255044
255045
255046
255047
255048
255049
255050
255051
255052
255993
255994
255995
255996
255997
255998
255999
256000
256001
256002
256003
256004
256005
256006
256007
256008
256009
256010
256011
256012
256953
256954
256955
256956
256957
256958
256959
256960
256961
256962
256963
256964
256965
256966
256967
256968
256969
256970
256971
256972
257913
257914
257915
257916
257917
257918
257919
257920
257921
257922
257923
257924
257925
257926
257927
257928
257929
257930
257931
257932
258873
258874
258875
258876
258877
258878
258879
258880
258881
258882
258883
258884
258885
258886
258887
258888
258889
258890
258891
258892
259833
259834
259835
259836
259837
259838
259839
259840
259841
259842
259843
259844
259845
259846
259847
259848
259849
259850
259851
259852
260793
260794
260795
260796
260797
260798
260799
260800
260801
260802
260803
260804
260805
260806
260807
260808
260809
260810
260811
260812
261753
261754
261755
261756
261757
261758
261759
261760
261761
261762
261763
261764
261765
261766
261767
261768
261769
261770
261771
261772
262713
262714
262715
262716
262717
262718
262719
262720
262721
262722
262723
262724
262725
262726
262727
262728
262729
262730
262731
262732
263673
263674
263675
263676
263677
263678
263679
263680
263681
263682
263683
263684
263685
263686
263687
263688
263689
263690
263691
263692
264633
264634
264635
264636
264637
264638
264639
264640
264641
264642
264643
264644
264645
264646
264647
264648
264649
264650
264651
264652
265593
265594
265595
265596
265597
265598
265599
265600
265601
265602
265603
265604
265605
265606
265607
265608
265609
265610
265611
265612
266553
266554
266555
266556
266557
266558
266559
266560
266561
266562
266563
266564
266565
266566
266567
266568
266569
266570
266571
266572
267513
267514
267515
267516
267517
267518
267519
267520
267521
267522
267523
267524
267525
267526
267527
267528
267529
267530
267531
267532
268473
268474
268475
268476
268477
268478
268479
268480
268481
268482
268483
268484
268485
268486
268487
268488
268489
268490
268491
268492
269433
269434
269435
269436
269437
269438
269439
269440
269441
269442
269443
269444
269445
269446
269447
269448
269449
269450
269451
269452
270393
270394
270395
270396
270397
270398
270399
270400
270401
270402
270403
270404
270405
270406
270407
270408
270409
270410
270411
270412
271353
271354
271355
271356
271357
271358
271359
271360
271361
271362
271363
271364
271365
271366
271367
271368
271369
271370
271371
271372
272313
272314
272315
272316
272317
272318
272319
272320
272321
272322
272323
272324
272325
272326
272327
272328
272329
272330
272331
272332
273273
273274
273275
273276
273277
273278
273279
273280
273281
273282
273283
273284
273285
273286
273287
273288
273289
273290
273291
273292
274233
274234
274235
274236
274237
274238
274239
274240
274241
274242
274243
274244
274245
274246
274247
274248
274249
274250
274251
274252
275193
275194
275195
275196
275197
275198
275199
275200
275201
275202
275203
275204
275205
275206
275207
275208
275209
275210
275211
275212
276152
276153
276154
276155
276156
276157
276158
276159
276160
276161
276162
276163
276164
276165
276166
276167
276168
276169
276170
276171
276172
277112
277113
277114
277115
277116
277117
277118
277119
277120
277121
277122
277123
277124
277125
277126
277127
277128
277129
277130
277131
277132
278072
278073
278074
278075
278076
278077
278078
278079
278080
278081
278082
278083
278084
278085
278086
278087
278088
278089
278090
278091
278092
279032
279033
279034
279035
279036
279037
279038
279039
279040
279041
279042
279043
279044
279045
279046
279047
279048
279049
279050
279051
279052
279992
279993
279994
279995
279996
279997
279998
279999
280000
280001
280002
280003
280004
280005
280006
280007
280008
280009
280010
280011
280012
280952
280953
280954
280955
280956
280957
280958
280959
280960
280961
280962
280963
280964
280965
280966
280967
280968
280969
280970
280971
280972
281912
281913
281914
281915
281916
281917
281918
281919
281920
281921
281922
281923
281924
281925
281926
281927
281928
281929
281930
281931
281932
282872
282873
282874
282875
282876
282877
282878
282879
282880
282881
282882
282883
282884
282885
282886
282887
282888
282889
282890
282891
282892
283832
283833
283834
283835
283836
283837
283838
283839
283840
283841
283842
283843
283844
283845
283846
283847
283848
283849
283850
283851
283852
284792
284793
284794
284795
284796
284797
284798
284799
284800
284801
284802
284803
284804
284805
284806
284807
284808
284809
284810
284811
284812
285752
285753
285754
285755
285756
285757
285758
285759
285760
285761
285762
285763
285764
285765
285766
285767
285768
285769
285770
285771
285772
286712
286713
286714
286715
286716
286717
286718
286719
286720
286721
286722
286723
286724
286725
286726
286727
286728
286729
286730
286731
286732
287672
287673
287674
287675
287676
287677
287678
287679
287680
287681
287682
287683
287684
287685
287686
287687
287688
287689
287690
287691
288632
288633
288634
288635
288636
288637
288638
288639
288640
288641
288642
288643
288644
288645
288646
288647
288648
288649
288650
288651
289592
289593
289594
289595
289596
289597
289598
289599
289600
289601
289602
289603
289604
289605
289606
289607
289608
289609
289610
289611
290552
290553
290554
290555
290556
290557
290558
290559
290560
290561
290562
290563
290564
290565
290566
290567
290568
290569
290570
290571
291512
291513
291514
291515
291516
291517
291518
291519
291520
291521
291522
291523
291524
291525
291526
291527
291528
291529
291530
291531
292472
292473
292474
292475
292476
292477
292478
292479
292480
292481
292482
292483
292484
292485
292486
292487
292488
292489
292490
292491
293432
293433
293434
293435
293436
293437
293438
293439
293440
293441
293442
293443
293444
293445
293446
293447
293448
293449
293450
293451
294392
294393
294394
294395
294396
294397
294398
294399
294400
294401
294402
294403
294404
294405
294406
294407
294408
294409
294410
294411
295352
295353
295354
295355
295356
295357
295358
295359
295360
295361
295362
295363
295364
295365
295366
295367
295368
295369
295370
295371
296312
296313
296314
296315
296316
296317
296318
296319
296320
296321
296322
296323
296324
296325
296326
296327
296328
296329
296330
296331
297272
297273
297274
297275
297276
297277
297278
297279
297280
297281
297282
297283
297284
297285
297286
297287
297288
297289
297290
297291
298232
298233
298234
298235
298236
298237
298238
298239
298240
298241
298242
298243
298244
298245
298246
298247
298248
298249
298250
298251
299192
299193
299194
299195
299196
299197
299198
299199
299200
299201
299202
299203
299204
299205
299206
299207
299208
299209
299210
299211
300152
300153
300154
300155
300156
300157
300158
300159
300160
300161
300162
300163
300164
300165
300166
300167
300168
300169
300170
300171
301112
301113
301114
301115
301116
301117
301118
301119
301120
301121
301122
301123
301124
301125
301126
301127
301128
301129
301130
301131
302072
302073
302074
302075
302076
302077
302078
302079
302080
302081
302082
302083
302084
302085
302086
302087
302088
302089
302090
302091
303032
303033
303034
303035
303036
303037
303038
303039
303040
303041
303042
303043
303044
303045
303046
303047
303048
303049
303050
303051
303992
303993
303994
303995
303996
303997
303998
303999
304000
304001
304002
304003
304004
304005
304006
304007
304008
304009
304010
304011
304952
304953
304954
304955
304956
304957
304958
304959
304960
304961
304962
304963
304964
304965
304966
304967
304968
304969
304970
304971
305912
305913
305914
305915
305916
305917
305918
305919
305920
305921
305922
305923
305924
305925
305926
305927
305928
305929
305930
305931
306872
306873
306874
306875
306876
306877
306878
306879
306880
306881
306882
306883
306884
306885
306886
306887
306888
306889
306890
306891
308529
308530
308531
308532
308533
308534
308535
308536
308537
308538
308539
308540
308541
308542
308543
308544
308545
308546
308547
308548
-68
-1988
-3908
-5828
-7748
-9668
-11588
-13507
-15426
-17345
-19264
-21183
-23102
-25021
-26940
-28859
-30778
-32697
-34616
-36535
-38454
-40373
-42292
-44211
-46130
-48049
-49968
-51887
-53806
-55725
-57644
-59563
-61482
-63401
-65320
-67239
-69158
-71077
-72996
-74916
-76836
-78756
-80676
-82596
-84516
-86436
-88356
-88357
-90274
-92193
-94112
-96031
-97950
-99869
-101788
-103707
-105626
-107545
-109464
-111383
-113302
-115221
-117140
-119059
-120978
-122897
-124816
-126735
-128654
-130573
-132492
-134411
-136330
-138249
-140168
-142087
-144006
-145925
-147844
-149763
-151650
108
2028
3948
5868
7788
9708
11628
13547
15466
17385
19304
21223
23142
25061
26980
28899
30818
32737
34656
36575
38494
40413
42332
44251
46170
48089
50008
51927
53846
55765
57684
59603
61522
63441
65360
67279
69198
71117
73036
74956
76876
78796
80716
82636
84556
86476
88396
90316
92235
94154
96073
97992
99911
101830
103749
105668
107587
109506
111425
111426
113342
115261
117180
119099
121018
122937
124856
126775
128694
130613
132532
134451
136370
138289
140208
142127
144046
145965
147884
149803
151670
)


// ************************************************************************* //
