/*--------------------------------*- C++ -*----------------------------------*\
| =========                 |                                                 |
| \\      /  F ield         | OpenFOAM: The Open Source CFD Toolbox           |
|  \\    /   O peration     | Version:  2.3.0                                 |
|   \\  /    A nd           | Web:      www.OpenFOAM.org                      |
|    \\/     M anipulation  |                                                 |
\*---------------------------------------------------------------------------*/
FoamFile
{
    version     2.0;
    format      ascii;
    class       labelList;
    location    "constant/polyMesh";
    object      faceProcAddressing;
}
// * * * * * * * * * * * * * * * * * * * * * * * * * * * * * * * * * * * * * //


6525
(
1036
1037
1038
1039
1040
1041
1042
1043
1044
1045
1046
1047
1048
1049
1050
1051
1052
1053
1054
1055
1056
1057
1058
1059
1060
1061
1062
1063
1064
1065
1066
1067
1068
1069
1070
1071
1072
1073
1074
1075
1077
2956
2957
2958
2959
2960
2961
2962
2963
2964
2965
2966
2967
2968
2969
2970
2971
2972
2973
2974
2975
2976
2977
2978
2979
2980
2981
2982
2983
2984
2985
2986
2987
2988
2989
2990
2991
2992
2993
2994
2995
2997
4876
4877
4878
4879
4880
4881
4882
4883
4884
4885
4886
4887
4888
4889
4890
4891
4892
4893
4894
4895
4896
4897
4898
4899
4900
4901
4902
4903
4904
4905
4906
4907
4908
4909
4910
4911
4912
4913
4914
4915
4917
6796
6797
6798
6799
6800
6801
6802
6803
6804
6805
6806
6807
6808
6809
6810
6811
6812
6813
6814
6815
6816
6817
6818
6819
6820
6821
6822
6823
6824
6825
6826
6827
6828
6829
6830
6831
6832
6833
6834
6835
6837
8716
8717
8718
8719
8720
8721
8722
8723
8724
8725
8726
8727
8728
8729
8730
8731
8732
8733
8734
8735
8736
8737
8738
8739
8740
8741
8742
8743
8744
8745
8746
8747
8748
8749
8750
8751
8752
8753
8754
8755
8757
10636
10637
10638
10639
10640
10641
10642
10643
10644
10645
10646
10647
10648
10649
10650
10651
10652
10653
10654
10655
10656
10657
10658
10659
10660
10661
10662
10663
10664
10665
10666
10667
10668
10669
10670
10671
10672
10673
10674
10675
10677
12556
12557
12558
12559
12560
12561
12562
12563
12564
12565
12566
12567
12568
12569
12570
12571
12572
12573
12574
12575
12576
12577
12578
12579
12580
12581
12582
12583
12584
12585
12586
12587
12588
12589
12590
12591
12592
12593
12594
12595
12597
14475
14476
14477
14478
14479
14480
14481
14482
14483
14484
14485
14486
14487
14488
14489
14490
14491
14492
14493
14494
14495
14496
14497
14498
14499
14500
14501
14502
14503
14504
14505
14506
14507
14508
14509
14510
14511
14512
14513
14514
14516
16394
16395
16396
16397
16398
16399
16400
16401
16402
16403
16404
16405
16406
16407
16408
16409
16410
16411
16412
16413
16414
16415
16416
16417
16418
16419
16420
16421
16422
16423
16424
16425
16426
16427
16428
16429
16430
16431
16432
16433
18313
18314
18315
18316
18317
18318
18319
18320
18321
18322
18323
18324
18325
18326
18327
18328
18329
18330
18331
18332
18333
18334
18335
18336
18337
18338
18339
18340
18341
18342
18343
18344
18345
18346
18347
18348
18349
18350
18352
20232
20233
20234
20235
20236
20237
20238
20239
20240
20241
20242
20243
20244
20245
20246
20247
20248
20249
20250
20251
20252
20253
20254
20255
20256
20257
20258
20259
20260
20261
20262
20263
20264
20265
20266
20267
20268
20269
20271
22151
22152
22153
22154
22155
22156
22157
22158
22159
22160
22161
22162
22163
22164
22165
22166
22167
22168
22169
22170
22171
22172
22173
22174
22175
22176
22177
22178
22179
22180
22181
22182
22183
22184
22185
22186
22187
22188
22190
24070
24071
24072
24073
24074
24075
24076
24077
24078
24079
24080
24081
24082
24083
24084
24085
24086
24087
24088
24089
24090
24091
24092
24093
24094
24095
24096
24097
24098
24099
24100
24101
24102
24103
24104
24105
24106
24107
24109
25989
25990
25991
25992
25993
25994
25995
25996
25997
25998
25999
26000
26001
26002
26003
26004
26005
26006
26007
26008
26009
26010
26011
26012
26013
26014
26015
26016
26017
26018
26019
26020
26021
26022
26023
26024
26025
26026
26028
27908
27909
27910
27911
27912
27913
27914
27915
27916
27917
27918
27919
27920
27921
27922
27923
27924
27925
27926
27927
27928
27929
27930
27931
27932
27933
27934
27935
27936
27937
27938
27939
27940
27941
27942
27943
27944
27945
27947
29827
29828
29829
29830
29831
29832
29833
29834
29835
29836
29837
29838
29839
29840
29841
29842
29843
29844
29845
29846
29847
29848
29849
29850
29851
29852
29853
29854
29855
29856
29857
29858
29859
29860
29861
29862
29863
29864
29866
31746
31747
31748
31749
31750
31751
31752
31753
31754
31755
31756
31757
31758
31759
31760
31761
31762
31763
31764
31765
31766
31767
31768
31769
31770
31771
31772
31773
31774
31775
31776
31777
31778
31779
31780
31781
31782
31783
31785
33665
33666
33667
33668
33669
33670
33671
33672
33673
33674
33675
33676
33677
33678
33679
33680
33681
33682
33683
33684
33685
33686
33687
33688
33689
33690
33691
33692
33693
33694
33695
33696
33697
33698
33699
33700
33701
33702
33704
35584
35585
35586
35587
35588
35589
35590
35591
35592
35593
35594
35595
35596
35597
35598
35599
35600
35601
35602
35603
35604
35605
35606
35607
35608
35609
35610
35611
35612
35613
35614
35615
35616
35617
35618
35619
35620
35621
35623
37503
37504
37505
37506
37507
37508
37509
37510
37511
37512
37513
37514
37515
37516
37517
37518
37519
37520
37521
37522
37523
37524
37525
37526
37527
37528
37529
37530
37531
37532
37533
37534
37535
37536
37537
37538
37539
37540
37542
39422
39423
39424
39425
39426
39427
39428
39429
39430
39431
39432
39433
39434
39435
39436
39437
39438
39439
39440
39441
39442
39443
39444
39445
39446
39447
39448
39449
39450
39451
39452
39453
39454
39455
39456
39457
39458
39459
39461
41341
41342
41343
41344
41345
41346
41347
41348
41349
41350
41351
41352
41353
41354
41355
41356
41357
41358
41359
41360
41361
41362
41363
41364
41365
41366
41367
41368
41369
41370
41371
41372
41373
41374
41375
41376
41377
41378
41380
43260
43261
43262
43263
43264
43265
43266
43267
43268
43269
43270
43271
43272
43273
43274
43275
43276
43277
43278
43279
43280
43281
43282
43283
43284
43285
43286
43287
43288
43289
43290
43291
43292
43293
43294
43295
43296
43297
43299
45179
45180
45181
45182
45183
45184
45185
45186
45187
45188
45189
45190
45191
45192
45193
45194
45195
45196
45197
45198
45199
45200
45201
45202
45203
45204
45205
45206
45207
45208
45209
45210
45211
45212
45213
45214
45215
45216
45218
47098
47099
47100
47101
47102
47103
47104
47105
47106
47107
47108
47109
47110
47111
47112
47113
47114
47115
47116
47117
47118
47119
47120
47121
47122
47123
47124
47125
47126
47127
47128
47129
47130
47131
47132
47133
47134
47135
47137
49017
49018
49019
49020
49021
49022
49023
49024
49025
49026
49027
49028
49029
49030
49031
49032
49033
49034
49035
49036
49037
49038
49039
49040
49041
49042
49043
49044
49045
49046
49047
49048
49049
49050
49051
49052
49053
49054
49056
50936
50937
50938
50939
50940
50941
50942
50943
50944
50945
50946
50947
50948
50949
50950
50951
50952
50953
50954
50955
50956
50957
50958
50959
50960
50961
50962
50963
50964
50965
50966
50967
50968
50969
50970
50971
50972
50973
50975
52855
52856
52857
52858
52859
52860
52861
52862
52863
52864
52865
52866
52867
52868
52869
52870
52871
52872
52873
52874
52875
52876
52877
52878
52879
52880
52881
52882
52883
52884
52885
52886
52887
52888
52889
52890
52891
52892
52894
54774
54775
54776
54777
54778
54779
54780
54781
54782
54783
54784
54785
54786
54787
54788
54789
54790
54791
54792
54793
54794
54795
54796
54797
54798
54799
54800
54801
54802
54803
54804
54805
54806
54807
54808
54809
54810
54811
54813
56693
56694
56695
56696
56697
56698
56699
56700
56701
56702
56703
56704
56705
56706
56707
56708
56709
56710
56711
56712
56713
56714
56715
56716
56717
56718
56719
56720
56721
56722
56723
56724
56725
56726
56727
56728
56729
56730
56732
58612
58613
58614
58615
58616
58617
58618
58619
58620
58621
58622
58623
58624
58625
58626
58627
58628
58629
58630
58631
58632
58633
58634
58635
58636
58637
58638
58639
58640
58641
58642
58643
58644
58645
58646
58647
58648
58649
58651
60531
60532
60533
60534
60535
60536
60537
60538
60539
60540
60541
60542
60543
60544
60545
60546
60547
60548
60549
60550
60551
60552
60553
60554
60555
60556
60557
60558
60559
60560
60561
60562
60563
60564
60565
60566
60567
60568
60570
62450
62451
62452
62453
62454
62455
62456
62457
62458
62459
62460
62461
62462
62463
62464
62465
62466
62467
62468
62469
62470
62471
62472
62473
62474
62475
62476
62477
62478
62479
62480
62481
62482
62483
62484
62485
62486
62487
62489
64369
64370
64371
64372
64373
64374
64375
64376
64377
64378
64379
64380
64381
64382
64383
64384
64385
64386
64387
64388
64389
64390
64391
64392
64393
64394
64395
64396
64397
64398
64399
64400
64401
64402
64403
64404
64405
64406
64408
66288
66289
66290
66291
66292
66293
66294
66295
66296
66297
66298
66299
66300
66301
66302
66303
66304
66305
66306
66307
66308
66309
66310
66311
66312
66313
66314
66315
66316
66317
66318
66319
66320
66321
66322
66323
66324
66325
66327
68207
68208
68209
68210
68211
68212
68213
68214
68215
68216
68217
68218
68219
68220
68221
68222
68223
68224
68225
68226
68227
68228
68229
68230
68231
68232
68233
68234
68235
68236
68237
68238
68239
68240
68241
68242
68243
68244
68246
70126
70127
70128
70129
70130
70131
70132
70133
70134
70135
70136
70137
70138
70139
70140
70141
70142
70143
70144
70145
70146
70147
70148
70149
70150
70151
70152
70153
70154
70155
70156
70157
70158
70159
70160
70161
70162
70163
70165
72045
72046
72047
72048
72049
72050
72051
72052
72053
72054
72055
72056
72057
72058
72059
72060
72061
72062
72063
72064
72065
72066
72067
72068
72069
72070
72071
72072
72073
72074
72075
72076
72077
72078
72079
72080
72081
72082
72084
73964
73965
73966
73967
73968
73969
73970
73971
73972
73973
73974
73975
73976
73977
73978
73979
73980
73981
73982
73983
73984
73985
73986
73987
73988
73989
73990
73991
73992
73993
73994
73995
73996
73997
73998
73999
74000
74001
74003
75884
75885
75886
75887
75888
75889
75890
75891
75892
75893
75894
75895
75896
75897
75898
75899
75900
75901
75902
75903
75904
75905
75906
75907
75908
75909
75910
75911
75912
75913
75914
75915
75916
75917
75918
75919
75920
75921
75923
77804
77805
77806
77807
77808
77809
77810
77811
77812
77813
77814
77815
77816
77817
77818
77819
77820
77821
77822
77823
77824
77825
77826
77827
77828
77829
77830
77831
77832
77833
77834
77835
77836
77837
77838
77839
77840
77841
77843
79724
79725
79726
79727
79728
79729
79730
79731
79732
79733
79734
79735
79736
79737
79738
79739
79740
79741
79742
79743
79744
79745
79746
79747
79748
79749
79750
79751
79752
79753
79754
79755
79756
79757
79758
79759
79760
79761
79763
81644
81645
81646
81647
81648
81649
81650
81651
81652
81653
81654
81655
81656
81657
81658
81659
81660
81661
81662
81663
81664
81665
81666
81667
81668
81669
81670
81671
81672
81673
81674
81675
81676
81677
81678
81679
81680
81681
81683
83564
83565
83566
83567
83568
83569
83570
83571
83572
83573
83574
83575
83576
83577
83578
83579
83580
83581
83582
83583
83584
83585
83586
83587
83588
83589
83590
83591
83592
83593
83594
83595
83596
83597
83598
83599
83600
83601
83603
85484
85485
85486
85487
85488
85489
85490
85491
85492
85493
85494
85495
85496
85497
85498
85499
85500
85501
85502
85503
85504
85505
85506
85507
85508
85509
85510
85511
85512
85513
85514
85515
85516
85517
85518
85519
85520
85521
85523
87404
87405
87406
87407
87408
87409
87410
87411
87412
87413
87414
87415
87416
87417
87418
87419
87420
87421
87422
87423
87424
87425
87426
87427
87428
87429
87430
87431
87432
87433
87434
87435
87436
87437
87438
87439
87440
87441
87443
89324
89325
89326
89327
89328
89329
89330
89331
89332
89333
89334
89335
89336
89337
89338
89339
89340
89341
89342
89343
89344
89345
89346
89347
89348
89349
89350
89351
89352
89353
89354
89355
89356
89357
89358
89359
89360
89361
89363
91244
91245
91246
91247
91248
91249
91250
91251
91252
91253
91254
91255
91256
91257
91258
91259
91260
91261
91262
91263
91264
91265
91266
91267
91268
91269
91270
91271
91272
91273
91274
91275
91276
91277
91278
91279
91280
91281
91283
93163
93164
93165
93166
93167
93168
93169
93170
93171
93172
93173
93174
93175
93176
93177
93178
93179
93180
93181
93182
93183
93184
93185
93186
93187
93188
93189
93190
93191
93192
93193
93194
93195
93196
93197
93198
93199
93200
93202
95082
95083
95084
95085
95086
95087
95088
95089
95090
95091
95092
95093
95094
95095
95096
95097
95098
95099
95100
95101
95102
95103
95104
95105
95106
95107
95108
95109
95110
95111
95112
95113
95114
95115
95116
95117
95118
95119
95121
97001
97002
97003
97004
97005
97006
97007
97008
97009
97010
97011
97012
97013
97014
97015
97016
97017
97018
97019
97020
97021
97022
97023
97024
97025
97026
97027
97028
97029
97030
97031
97032
97033
97034
97035
97036
97037
97038
97040
98920
98921
98922
98923
98924
98925
98926
98927
98928
98929
98930
98931
98932
98933
98934
98935
98936
98937
98938
98939
98940
98941
98942
98943
98944
98945
98946
98947
98948
98949
98950
98951
98952
98953
98954
98955
98956
98957
98959
100839
100840
100841
100842
100843
100844
100845
100846
100847
100848
100849
100850
100851
100852
100853
100854
100855
100856
100857
100858
100859
100860
100861
100862
100863
100864
100865
100866
100867
100868
100869
100870
100871
100872
100873
100874
100875
100876
100878
102758
102759
102760
102761
102762
102763
102764
102765
102766
102767
102768
102769
102770
102771
102772
102773
102774
102775
102776
102777
102778
102779
102780
102781
102782
102783
102784
102785
102786
102787
102788
102789
102790
102791
102792
102793
102794
102795
102797
104677
104678
104679
104680
104681
104682
104683
104684
104685
104686
104687
104688
104689
104690
104691
104692
104693
104694
104695
104696
104697
104698
104699
104700
104701
104702
104703
104704
104705
104706
104707
104708
104709
104710
104711
104712
104713
104714
104716
106596
106597
106598
106599
106600
106601
106602
106603
106604
106605
106606
106607
106608
106609
106610
106611
106612
106613
106614
106615
106616
106617
106618
106619
106620
106621
106622
106623
106624
106625
106626
106627
106628
106629
106630
106631
106632
106633
106635
108515
108516
108517
108518
108519
108520
108521
108522
108523
108524
108525
108526
108527
108528
108529
108530
108531
108532
108533
108534
108535
108536
108537
108538
108539
108540
108541
108542
108543
108544
108545
108546
108547
108548
108549
108550
108551
108552
108554
110434
110435
110436
110437
110438
110439
110440
110441
110442
110443
110444
110445
110446
110447
110448
110449
110450
110451
110452
110453
110454
110455
110456
110457
110458
110459
110460
110461
110462
110463
110464
110465
110466
110467
110468
110469
110470
110471
110473
112353
112354
112355
112356
112357
112358
112359
112360
112361
112362
112363
112364
112365
112366
112367
112368
112369
112370
112371
112372
112373
112374
112375
112376
112377
112378
112379
112380
112381
112382
112383
112384
112385
112386
112387
112388
112389
112390
112392
114272
114273
114274
114275
114276
114277
114278
114279
114280
114281
114282
114283
114284
114285
114286
114287
114288
114289
114290
114291
114292
114293
114294
114295
114296
114297
114298
114299
114300
114301
114302
114303
114304
114305
114306
114307
114308
114309
114311
116191
116192
116193
116194
116195
116196
116197
116198
116199
116200
116201
116202
116203
116204
116205
116206
116207
116208
116209
116210
116211
116212
116213
116214
116215
116216
116217
116218
116219
116220
116221
116222
116223
116224
116225
116226
116227
116228
116230
118110
118111
118112
118113
118114
118115
118116
118117
118118
118119
118120
118121
118122
118123
118124
118125
118126
118127
118128
118129
118130
118131
118132
118133
118134
118135
118136
118137
118138
118139
118140
118141
118142
118143
118144
118145
118146
118147
118149
120029
120030
120031
120032
120033
120034
120035
120036
120037
120038
120039
120040
120041
120042
120043
120044
120045
120046
120047
120048
120049
120050
120051
120052
120053
120054
120055
120056
120057
120058
120059
120060
120061
120062
120063
120064
120065
120066
120068
121948
121949
121950
121951
121952
121953
121954
121955
121956
121957
121958
121959
121960
121961
121962
121963
121964
121965
121966
121967
121968
121969
121970
121971
121972
121973
121974
121975
121976
121977
121978
121979
121980
121981
121982
121983
121984
121985
121987
123867
123868
123869
123870
123871
123872
123873
123874
123875
123876
123877
123878
123879
123880
123881
123882
123883
123884
123885
123886
123887
123888
123889
123890
123891
123892
123893
123894
123895
123896
123897
123898
123899
123900
123901
123902
123903
123904
123906
125786
125787
125788
125789
125790
125791
125792
125793
125794
125795
125796
125797
125798
125799
125800
125801
125802
125803
125804
125805
125806
125807
125808
125809
125810
125811
125812
125813
125814
125815
125816
125817
125818
125819
125820
125821
125822
125823
125825
127705
127706
127707
127708
127709
127710
127711
127712
127713
127714
127715
127716
127717
127718
127719
127720
127721
127722
127723
127724
127725
127726
127727
127728
127729
127730
127731
127732
127733
127734
127735
127736
127737
127738
127739
127740
127741
127742
127744
129624
129625
129626
129627
129628
129629
129630
129631
129632
129633
129634
129635
129636
129637
129638
129639
129640
129641
129642
129643
129644
129645
129646
129647
129648
129649
129650
129651
129652
129653
129654
129655
129656
129657
129658
129659
129660
129661
129663
131543
131544
131545
131546
131547
131548
131549
131550
131551
131552
131553
131554
131555
131556
131557
131558
131559
131560
131561
131562
131563
131564
131565
131566
131567
131568
131569
131570
131571
131572
131573
131574
131575
131576
131577
131578
131579
131580
131582
133462
133463
133464
133465
133466
133467
133468
133469
133470
133471
133472
133473
133474
133475
133476
133477
133478
133479
133480
133481
133482
133483
133484
133485
133486
133487
133488
133489
133490
133491
133492
133493
133494
133495
133496
133497
133498
133499
133501
135381
135382
135383
135384
135385
135386
135387
135388
135389
135390
135391
135392
135393
135394
135395
135396
135397
135398
135399
135400
135401
135402
135403
135404
135405
135406
135407
135408
135409
135410
135411
135412
135413
135414
135415
135416
135417
135418
135420
137300
137301
137302
137303
137304
137305
137306
137307
137308
137309
137310
137311
137312
137313
137314
137315
137316
137317
137318
137319
137320
137321
137322
137323
137324
137325
137326
137327
137328
137329
137330
137331
137332
137333
137334
137335
137336
137337
137339
139219
139220
139221
139222
139223
139224
139225
139226
139227
139228
139229
139230
139231
139232
139233
139234
139235
139236
139237
139238
139239
139240
139241
139242
139243
139244
139245
139246
139247
139248
139249
139250
139251
139252
139253
139254
139255
139256
139258
141138
141139
141140
141141
141142
141143
141144
141145
141146
141147
141148
141149
141150
141151
141152
141153
141154
141155
141156
141157
141158
141159
141160
141161
141162
141163
141164
141165
141166
141167
141168
141169
141170
141171
141172
141173
141174
141175
141177
143057
143058
143059
143060
143061
143062
143063
143064
143065
143066
143067
143068
143069
143070
143071
143072
143073
143074
143075
143076
143077
143078
143079
143080
143081
143082
143083
143084
143085
143086
143087
143088
143089
143090
143091
143092
143093
143094
143096
144976
144977
144978
144979
144980
144981
144982
144983
144984
144985
144986
144987
144988
144989
144990
144991
144992
144993
144994
144995
144996
144997
144998
144999
145000
145001
145002
145003
145004
145005
145006
145007
145008
145009
145010
145011
145012
145013
145015
146895
146896
146897
146898
146899
146900
146901
146902
146903
146904
146905
146906
146907
146908
146909
146910
146911
146912
146913
146914
146915
146916
146917
146918
146919
146920
146921
146922
146923
146924
146925
146926
146927
146928
146929
146930
146931
146932
146934
148814
148815
148816
148817
148818
148819
148820
148821
148822
148823
148824
148825
148826
148827
148828
148829
148830
148831
148832
148833
148834
148835
148836
148837
148838
148839
148840
148841
148842
148843
148844
148845
148846
148847
148848
148849
148850
148851
148853
150731
150732
150733
150734
150735
150736
150737
150738
150739
150740
150741
150742
150743
150744
150745
150746
150747
150748
150749
150750
150751
150752
150753
150754
150755
150756
150757
150758
150759
150760
150761
150762
150763
150764
150765
150766
150767
150768
150769
150770
150772
152134
152135
152136
152137
152138
152139
152140
152141
152142
152143
152144
152145
152146
152147
152148
152149
152150
152151
152152
152153
154179
154180
154181
154182
154183
154184
154185
154186
154187
154188
154189
154190
154191
154192
154193
154194
154195
154196
154197
154198
154199
155139
155140
155141
155142
155143
155144
155145
155146
155147
155148
155149
155150
155151
155152
155153
155154
155155
155156
155157
155158
155159
156099
156100
156101
156102
156103
156104
156105
156106
156107
156108
156109
156110
156111
156112
156113
156114
156115
156116
156117
156118
156119
157059
157060
157061
157062
157063
157064
157065
157066
157067
157068
157069
157070
157071
157072
157073
157074
157075
157076
157077
157078
157079
158019
158020
158021
158022
158023
158024
158025
158026
158027
158028
158029
158030
158031
158032
158033
158034
158035
158036
158037
158038
158039
158979
158980
158981
158982
158983
158984
158985
158986
158987
158988
158989
158990
158991
158992
158993
158994
158995
158996
158997
158998
158999
159939
159940
159941
159942
159943
159944
159945
159946
159947
159948
159949
159950
159951
159952
159953
159954
159955
159956
159957
159958
159959
160899
160900
160901
160902
160903
160904
160905
160906
160907
160908
160909
160910
160911
160912
160913
160914
160915
160916
160917
160918
160919
161859
161860
161861
161862
161863
161864
161865
161866
161867
161868
161869
161870
161871
161872
161873
161874
161875
161876
161877
161878
161879
162819
162820
162821
162822
162823
162824
162825
162826
162827
162828
162829
162830
162831
162832
162833
162834
162835
162836
162837
162838
163779
163780
163781
163782
163783
163784
163785
163786
163787
163788
163789
163790
163791
163792
163793
163794
163795
163796
163797
163798
164739
164740
164741
164742
164743
164744
164745
164746
164747
164748
164749
164750
164751
164752
164753
164754
164755
164756
164757
164758
165699
165700
165701
165702
165703
165704
165705
165706
165707
165708
165709
165710
165711
165712
165713
165714
165715
165716
165717
165718
166659
166660
166661
166662
166663
166664
166665
166666
166667
166668
166669
166670
166671
166672
166673
166674
166675
166676
166677
166678
167619
167620
167621
167622
167623
167624
167625
167626
167627
167628
167629
167630
167631
167632
167633
167634
167635
167636
167637
167638
168579
168580
168581
168582
168583
168584
168585
168586
168587
168588
168589
168590
168591
168592
168593
168594
168595
168596
168597
168598
169539
169540
169541
169542
169543
169544
169545
169546
169547
169548
169549
169550
169551
169552
169553
169554
169555
169556
169557
169558
170499
170500
170501
170502
170503
170504
170505
170506
170507
170508
170509
170510
170511
170512
170513
170514
170515
170516
170517
170518
171459
171460
171461
171462
171463
171464
171465
171466
171467
171468
171469
171470
171471
171472
171473
171474
171475
171476
171477
171478
172419
172420
172421
172422
172423
172424
172425
172426
172427
172428
172429
172430
172431
172432
172433
172434
172435
172436
172437
172438
173379
173380
173381
173382
173383
173384
173385
173386
173387
173388
173389
173390
173391
173392
173393
173394
173395
173396
173397
173398
174339
174340
174341
174342
174343
174344
174345
174346
174347
174348
174349
174350
174351
174352
174353
174354
174355
174356
174357
174358
175299
175300
175301
175302
175303
175304
175305
175306
175307
175308
175309
175310
175311
175312
175313
175314
175315
175316
175317
175318
176259
176260
176261
176262
176263
176264
176265
176266
176267
176268
176269
176270
176271
176272
176273
176274
176275
176276
176277
176278
177219
177220
177221
177222
177223
177224
177225
177226
177227
177228
177229
177230
177231
177232
177233
177234
177235
177236
177237
177238
178179
178180
178181
178182
178183
178184
178185
178186
178187
178188
178189
178190
178191
178192
178193
178194
178195
178196
178197
178198
179139
179140
179141
179142
179143
179144
179145
179146
179147
179148
179149
179150
179151
179152
179153
179154
179155
179156
179157
179158
180099
180100
180101
180102
180103
180104
180105
180106
180107
180108
180109
180110
180111
180112
180113
180114
180115
180116
180117
180118
181059
181060
181061
181062
181063
181064
181065
181066
181067
181068
181069
181070
181071
181072
181073
181074
181075
181076
181077
181078
182019
182020
182021
182022
182023
182024
182025
182026
182027
182028
182029
182030
182031
182032
182033
182034
182035
182036
182037
182038
182979
182980
182981
182982
182983
182984
182985
182986
182987
182988
182989
182990
182991
182992
182993
182994
182995
182996
182997
182998
183939
183940
183941
183942
183943
183944
183945
183946
183947
183948
183949
183950
183951
183952
183953
183954
183955
183956
183957
183958
184899
184900
184901
184902
184903
184904
184905
184906
184907
184908
184909
184910
184911
184912
184913
184914
184915
184916
184917
184918
185859
185860
185861
185862
185863
185864
185865
185866
185867
185868
185869
185870
185871
185872
185873
185874
185875
185876
185877
185878
186819
186820
186821
186822
186823
186824
186825
186826
186827
186828
186829
186830
186831
186832
186833
186834
186835
186836
186837
186838
187779
187780
187781
187782
187783
187784
187785
187786
187787
187788
187789
187790
187791
187792
187793
187794
187795
187796
187797
187798
188739
188740
188741
188742
188743
188744
188745
188746
188747
188748
188749
188750
188751
188752
188753
188754
188755
188756
188757
188758
189699
189700
189701
189702
189703
189704
189705
189706
189707
189708
189709
189710
189711
189712
189713
189714
189715
189716
189717
189718
190659
190660
190661
190662
190663
190664
190665
190666
190667
190668
190669
190670
190671
190672
190673
190674
190675
190676
190677
190678
191619
191620
191621
191622
191623
191624
191625
191626
191627
191628
191629
191630
191631
191632
191633
191634
191635
191636
191637
191638
192579
192580
192581
192582
192583
192584
192585
192586
192587
192588
192589
192590
192591
192592
192593
192594
192595
192596
192597
192598
193539
193540
193541
193542
193543
193544
193545
193546
193547
193548
193549
193550
193551
193552
193553
193554
193555
193556
193557
193558
194499
194500
194501
194502
194503
194504
194505
194506
194507
194508
194509
194510
194511
194512
194513
194514
194515
194516
194517
194518
195459
195460
195461
195462
195463
195464
195465
195466
195467
195468
195469
195470
195471
195472
195473
195474
195475
195476
195477
195478
196419
196420
196421
196422
196423
196424
196425
196426
196427
196428
196429
196430
196431
196432
196433
196434
196435
196436
196437
196438
197379
197380
197381
197382
197383
197384
197385
197386
197387
197388
197389
197390
197391
197392
197393
197394
197395
197396
197397
197398
198339
198340
198341
198342
198343
198344
198345
198346
198347
198348
198349
198350
198351
198352
198353
198354
198355
198356
198357
198358
199299
199300
199301
199302
199303
199304
199305
199306
199307
199308
199309
199310
199311
199312
199313
199314
199315
199316
199317
199318
200259
200260
200261
200262
200263
200264
200265
200266
200267
200268
200269
200270
200271
200272
200273
200274
200275
200276
200277
200278
201219
201220
201221
201222
201223
201224
201225
201226
201227
201228
201229
201230
201231
201232
201233
201234
201235
201236
201237
201238
202179
202180
202181
202182
202183
202184
202185
202186
202187
202188
202189
202190
202191
202192
202193
202194
202195
202196
202197
202198
203139
203140
203141
203142
203143
203144
203145
203146
203147
203148
203149
203150
203151
203152
203153
203154
203155
203156
203157
203158
204099
204100
204101
204102
204103
204104
204105
204106
204107
204108
204109
204110
204111
204112
204113
204114
204115
204116
204117
204118
205059
205060
205061
205062
205063
205064
205065
205066
205067
205068
205069
205070
205071
205072
205073
205074
205075
205076
205077
205078
206019
206020
206021
206022
206023
206024
206025
206026
206027
206028
206029
206030
206031
206032
206033
206034
206035
206036
206037
206038
206979
206980
206981
206982
206983
206984
206985
206986
206987
206988
206989
206990
206991
206992
206993
206994
206995
206996
206997
206998
207939
207940
207941
207942
207943
207944
207945
207946
207947
207948
207949
207950
207951
207952
207953
207954
207955
207956
207957
207958
208899
208900
208901
208902
208903
208904
208905
208906
208907
208908
208909
208910
208911
208912
208913
208914
208915
208916
208917
208918
209859
209860
209861
209862
209863
209864
209865
209866
209867
209868
209869
209870
209871
209872
209873
209874
209875
209876
209877
209878
210819
210820
210821
210822
210823
210824
210825
210826
210827
210828
210829
210830
210831
210832
210833
210834
210835
210836
210837
210838
211779
211780
211781
211782
211783
211784
211785
211786
211787
211788
211789
211790
211791
211792
211793
211794
211795
211796
211797
211798
212739
212740
212741
212742
212743
212744
212745
212746
212747
212748
212749
212750
212751
212752
212753
212754
212755
212756
212757
212758
213699
213700
213701
213702
213703
213704
213705
213706
213707
213708
213709
213710
213711
213712
213713
213714
213715
213716
213717
213718
214659
214660
214661
214662
214663
214664
214665
214666
214667
214668
214669
214670
214671
214672
214673
214674
214675
214676
214677
214678
215619
215620
215621
215622
215623
215624
215625
215626
215627
215628
215629
215630
215631
215632
215633
215634
215635
215636
215637
215638
216579
216580
216581
216582
216583
216584
216585
216586
216587
216588
216589
216590
216591
216592
216593
216594
216595
216596
216597
216598
217539
217540
217541
217542
217543
217544
217545
217546
217547
217548
217549
217550
217551
217552
217553
217554
217555
217556
217557
217558
218499
218500
218501
218502
218503
218504
218505
218506
218507
218508
218509
218510
218511
218512
218513
218514
218515
218516
218517
218518
219459
219460
219461
219462
219463
219464
219465
219466
219467
219468
219469
219470
219471
219472
219473
219474
219475
219476
219477
219478
220419
220420
220421
220422
220423
220424
220425
220426
220427
220428
220429
220430
220431
220432
220433
220434
220435
220436
220437
220438
221379
221380
221381
221382
221383
221384
221385
221386
221387
221388
221389
221390
221391
221392
221393
221394
221395
221396
221397
221398
222339
222340
222341
222342
222343
222344
222345
222346
222347
222348
222349
222350
222351
222352
222353
222354
222355
222356
222357
222358
223299
223300
223301
223302
223303
223304
223305
223306
223307
223308
223309
223310
223311
223312
223313
223314
223315
223316
223317
223318
224259
224260
224261
224262
224263
224264
224265
224266
224267
224268
224269
224270
224271
224272
224273
224274
224275
224276
224277
224278
225219
225220
225221
225222
225223
225224
225225
225226
225227
225228
225229
225230
225231
225232
225233
225234
225235
225236
225237
225238
226179
226180
226181
226182
226183
226184
226185
226186
226187
226188
226189
226190
226191
226192
226193
226194
226195
226196
226197
226198
227139
227140
227141
227142
227143
227144
227145
227146
227147
227148
227149
227150
227151
227152
227153
227154
227155
227156
227157
227158
228099
228100
228101
228102
228103
228104
228105
228106
228107
228108
228109
228110
228111
228112
228113
228114
228115
228116
228117
228118
229058
229059
229060
229061
229062
229063
229064
229065
229066
229067
229068
229069
229070
229071
229072
229073
229074
229075
229076
229077
229078
230018
230019
230020
230021
230022
230023
230024
230025
230026
230027
230028
230029
230030
230031
230032
230033
230034
230035
230036
230037
230038
231516
231517
231518
231519
231520
231521
231522
231523
231524
231525
231526
231527
231528
231529
231530
231531
231532
231533
231534
231535
231536
232476
232477
232478
232479
232480
232481
232482
232483
232484
232485
232486
232487
232488
232489
232490
232491
232492
232493
232494
232495
232496
233436
233437
233438
233439
233440
233441
233442
233443
233444
233445
233446
233447
233448
233449
233450
233451
233452
233453
233454
233455
233456
234396
234397
234398
234399
234400
234401
234402
234403
234404
234405
234406
234407
234408
234409
234410
234411
234412
234413
234414
234415
234416
235356
235357
235358
235359
235360
235361
235362
235363
235364
235365
235366
235367
235368
235369
235370
235371
235372
235373
235374
235375
235376
236316
236317
236318
236319
236320
236321
236322
236323
236324
236325
236326
236327
236328
236329
236330
236331
236332
236333
236334
236335
236336
237276
237277
237278
237279
237280
237281
237282
237283
237284
237285
237286
237287
237288
237289
237290
237291
237292
237293
237294
237295
237296
238236
238237
238238
238239
238240
238241
238242
238243
238244
238245
238246
238247
238248
238249
238250
238251
238252
238253
238254
238255
238256
239196
239197
239198
239199
239200
239201
239202
239203
239204
239205
239206
239207
239208
239209
239210
239211
239212
239213
239214
239215
239216
240156
240157
240158
240159
240160
240161
240162
240163
240164
240165
240166
240167
240168
240169
240170
240171
240172
240173
240174
240175
241116
241117
241118
241119
241120
241121
241122
241123
241124
241125
241126
241127
241128
241129
241130
241131
241132
241133
241134
241135
242076
242077
242078
242079
242080
242081
242082
242083
242084
242085
242086
242087
242088
242089
242090
242091
242092
242093
242094
242095
243036
243037
243038
243039
243040
243041
243042
243043
243044
243045
243046
243047
243048
243049
243050
243051
243052
243053
243054
243055
243996
243997
243998
243999
244000
244001
244002
244003
244004
244005
244006
244007
244008
244009
244010
244011
244012
244013
244014
244015
244956
244957
244958
244959
244960
244961
244962
244963
244964
244965
244966
244967
244968
244969
244970
244971
244972
244973
244974
244975
245916
245917
245918
245919
245920
245921
245922
245923
245924
245925
245926
245927
245928
245929
245930
245931
245932
245933
245934
245935
246876
246877
246878
246879
246880
246881
246882
246883
246884
246885
246886
246887
246888
246889
246890
246891
246892
246893
246894
246895
247836
247837
247838
247839
247840
247841
247842
247843
247844
247845
247846
247847
247848
247849
247850
247851
247852
247853
247854
247855
248796
248797
248798
248799
248800
248801
248802
248803
248804
248805
248806
248807
248808
248809
248810
248811
248812
248813
248814
248815
249756
249757
249758
249759
249760
249761
249762
249763
249764
249765
249766
249767
249768
249769
249770
249771
249772
249773
249774
249775
250716
250717
250718
250719
250720
250721
250722
250723
250724
250725
250726
250727
250728
250729
250730
250731
250732
250733
250734
250735
251676
251677
251678
251679
251680
251681
251682
251683
251684
251685
251686
251687
251688
251689
251690
251691
251692
251693
251694
251695
252636
252637
252638
252639
252640
252641
252642
252643
252644
252645
252646
252647
252648
252649
252650
252651
252652
252653
252654
252655
253596
253597
253598
253599
253600
253601
253602
253603
253604
253605
253606
253607
253608
253609
253610
253611
253612
253613
253614
253615
254556
254557
254558
254559
254560
254561
254562
254563
254564
254565
254566
254567
254568
254569
254570
254571
254572
254573
254574
254575
255516
255517
255518
255519
255520
255521
255522
255523
255524
255525
255526
255527
255528
255529
255530
255531
255532
255533
255534
255535
256476
256477
256478
256479
256480
256481
256482
256483
256484
256485
256486
256487
256488
256489
256490
256491
256492
256493
256494
256495
257436
257437
257438
257439
257440
257441
257442
257443
257444
257445
257446
257447
257448
257449
257450
257451
257452
257453
257454
257455
258396
258397
258398
258399
258400
258401
258402
258403
258404
258405
258406
258407
258408
258409
258410
258411
258412
258413
258414
258415
259356
259357
259358
259359
259360
259361
259362
259363
259364
259365
259366
259367
259368
259369
259370
259371
259372
259373
259374
259375
260316
260317
260318
260319
260320
260321
260322
260323
260324
260325
260326
260327
260328
260329
260330
260331
260332
260333
260334
260335
261276
261277
261278
261279
261280
261281
261282
261283
261284
261285
261286
261287
261288
261289
261290
261291
261292
261293
261294
261295
262236
262237
262238
262239
262240
262241
262242
262243
262244
262245
262246
262247
262248
262249
262250
262251
262252
262253
262254
262255
263196
263197
263198
263199
263200
263201
263202
263203
263204
263205
263206
263207
263208
263209
263210
263211
263212
263213
263214
263215
264156
264157
264158
264159
264160
264161
264162
264163
264164
264165
264166
264167
264168
264169
264170
264171
264172
264173
264174
264175
265116
265117
265118
265119
265120
265121
265122
265123
265124
265125
265126
265127
265128
265129
265130
265131
265132
265133
265134
265135
266076
266077
266078
266079
266080
266081
266082
266083
266084
266085
266086
266087
266088
266089
266090
266091
266092
266093
266094
266095
267036
267037
267038
267039
267040
267041
267042
267043
267044
267045
267046
267047
267048
267049
267050
267051
267052
267053
267054
267055
267996
267997
267998
267999
268000
268001
268002
268003
268004
268005
268006
268007
268008
268009
268010
268011
268012
268013
268014
268015
268956
268957
268958
268959
268960
268961
268962
268963
268964
268965
268966
268967
268968
268969
268970
268971
268972
268973
268974
268975
269916
269917
269918
269919
269920
269921
269922
269923
269924
269925
269926
269927
269928
269929
269930
269931
269932
269933
269934
269935
270876
270877
270878
270879
270880
270881
270882
270883
270884
270885
270886
270887
270888
270889
270890
270891
270892
270893
270894
270895
271836
271837
271838
271839
271840
271841
271842
271843
271844
271845
271846
271847
271848
271849
271850
271851
271852
271853
271854
271855
272796
272797
272798
272799
272800
272801
272802
272803
272804
272805
272806
272807
272808
272809
272810
272811
272812
272813
272814
272815
273756
273757
273758
273759
273760
273761
273762
273763
273764
273765
273766
273767
273768
273769
273770
273771
273772
273773
273774
273775
274716
274717
274718
274719
274720
274721
274722
274723
274724
274725
274726
274727
274728
274729
274730
274731
274732
274733
274734
274735
275676
275677
275678
275679
275680
275681
275682
275683
275684
275685
275686
275687
275688
275689
275690
275691
275692
275693
275694
275695
276636
276637
276638
276639
276640
276641
276642
276643
276644
276645
276646
276647
276648
276649
276650
276651
276652
276653
276654
276655
277596
277597
277598
277599
277600
277601
277602
277603
277604
277605
277606
277607
277608
277609
277610
277611
277612
277613
277614
277615
278556
278557
278558
278559
278560
278561
278562
278563
278564
278565
278566
278567
278568
278569
278570
278571
278572
278573
278574
278575
279516
279517
279518
279519
279520
279521
279522
279523
279524
279525
279526
279527
279528
279529
279530
279531
279532
279533
279534
279535
280476
280477
280478
280479
280480
280481
280482
280483
280484
280485
280486
280487
280488
280489
280490
280491
280492
280493
280494
280495
281436
281437
281438
281439
281440
281441
281442
281443
281444
281445
281446
281447
281448
281449
281450
281451
281452
281453
281454
281455
282396
282397
282398
282399
282400
282401
282402
282403
282404
282405
282406
282407
282408
282409
282410
282411
282412
282413
282414
282415
283356
283357
283358
283359
283360
283361
283362
283363
283364
283365
283366
283367
283368
283369
283370
283371
283372
283373
283374
283375
284316
284317
284318
284319
284320
284321
284322
284323
284324
284325
284326
284327
284328
284329
284330
284331
284332
284333
284334
284335
285276
285277
285278
285279
285280
285281
285282
285283
285284
285285
285286
285287
285288
285289
285290
285291
285292
285293
285294
285295
286236
286237
286238
286239
286240
286241
286242
286243
286244
286245
286246
286247
286248
286249
286250
286251
286252
286253
286254
286255
287196
287197
287198
287199
287200
287201
287202
287203
287204
287205
287206
287207
287208
287209
287210
287211
287212
287213
287214
287215
288156
288157
288158
288159
288160
288161
288162
288163
288164
288165
288166
288167
288168
288169
288170
288171
288172
288173
288174
288175
289116
289117
289118
289119
289120
289121
289122
289123
289124
289125
289126
289127
289128
289129
289130
289131
289132
289133
289134
289135
290076
290077
290078
290079
290080
290081
290082
290083
290084
290085
290086
290087
290088
290089
290090
290091
290092
290093
290094
290095
291036
291037
291038
291039
291040
291041
291042
291043
291044
291045
291046
291047
291048
291049
291050
291051
291052
291053
291054
291055
291996
291997
291998
291999
292000
292001
292002
292003
292004
292005
292006
292007
292008
292009
292010
292011
292012
292013
292014
292015
292956
292957
292958
292959
292960
292961
292962
292963
292964
292965
292966
292967
292968
292969
292970
292971
292972
292973
292974
292975
293916
293917
293918
293919
293920
293921
293922
293923
293924
293925
293926
293927
293928
293929
293930
293931
293932
293933
293934
293935
294876
294877
294878
294879
294880
294881
294882
294883
294884
294885
294886
294887
294888
294889
294890
294891
294892
294893
294894
294895
295836
295837
295838
295839
295840
295841
295842
295843
295844
295845
295846
295847
295848
295849
295850
295851
295852
295853
295854
295855
296796
296797
296798
296799
296800
296801
296802
296803
296804
296805
296806
296807
296808
296809
296810
296811
296812
296813
296814
296815
297756
297757
297758
297759
297760
297761
297762
297763
297764
297765
297766
297767
297768
297769
297770
297771
297772
297773
297774
297775
298716
298717
298718
298719
298720
298721
298722
298723
298724
298725
298726
298727
298728
298729
298730
298731
298732
298733
298734
298735
299676
299677
299678
299679
299680
299681
299682
299683
299684
299685
299686
299687
299688
299689
299690
299691
299692
299693
299694
299695
300636
300637
300638
300639
300640
300641
300642
300643
300644
300645
300646
300647
300648
300649
300650
300651
300652
300653
300654
300655
301596
301597
301598
301599
301600
301601
301602
301603
301604
301605
301606
301607
301608
301609
301610
301611
301612
301613
301614
301615
302556
302557
302558
302559
302560
302561
302562
302563
302564
302565
302566
302567
302568
302569
302570
302571
302572
302573
302574
302575
303516
303517
303518
303519
303520
303521
303522
303523
303524
303525
303526
303527
303528
303529
303530
303531
303532
303533
303534
303535
304476
304477
304478
304479
304480
304481
304482
304483
304484
304485
304486
304487
304488
304489
304490
304491
304492
304493
304494
304495
305436
305437
305438
305439
305440
305441
305442
305443
305444
305445
305446
305447
305448
305449
305450
305451
305452
305453
305454
305455
306395
306396
306397
306398
306399
306400
306401
306402
306403
306404
306405
306406
306407
306408
306409
306410
306411
306412
306413
306414
306415
307355
307356
307357
307358
307359
307360
307361
307362
307363
307364
307365
307366
307367
307368
307369
307370
307371
307372
307373
307374
307375
309012
309013
309014
309015
309016
309017
309018
309019
309020
309021
309022
309023
309024
309025
309026
309027
309028
309029
309030
309031
309032
-1034
-2954
-4874
-6794
-8714
-10634
-12554
-14473
-16392
-18311
-20230
-22149
-24068
-25987
-27906
-29825
-31744
-33663
-35582
-37501
-39420
-41339
-43258
-45177
-47096
-49015
-50934
-52853
-54772
-56691
-58610
-60529
-62448
-64367
-66286
-68205
-70124
-72043
-73962
-75882
-77802
-79722
-81642
-83562
-85482
-87402
-89322
-91242
-93161
-95080
-96999
-98918
-100837
-102756
-104675
-106594
-108513
-110432
-112351
-114270
-116189
-118108
-120027
-121946
-123865
-125784
-127703
-129622
-131541
-133460
-135379
-137298
-139217
-141136
-143055
-144974
-146893
-148812
-148813
-150729
-152133
1076
2996
4916
6836
8756
10676
12596
14515
16434
16435
18351
20270
22189
24108
26027
27946
29865
31784
33703
35622
37541
39460
41379
43298
45217
47136
49055
50974
52893
54812
56731
58650
60569
62488
64407
66326
68245
70164
72083
74002
75922
77842
79762
81682
83602
85522
87442
89362
91282
93201
95120
97039
98958
100877
102796
104715
106634
108553
110472
112391
114310
116229
118148
120067
121986
123905
125824
127743
129662
131581
133500
135419
137338
139257
141176
143095
145014
146933
148852
150771
152154
)


// ************************************************************************* //
