/*--------------------------------*- C++ -*----------------------------------*\
| =========                 |                                                 |
| \\      /  F ield         | OpenFOAM: The Open Source CFD Toolbox           |
|  \\    /   O peration     | Version:  2.3.0                                 |
|   \\  /    A nd           | Web:      www.OpenFOAM.org                      |
|    \\/     M anipulation  |                                                 |
\*---------------------------------------------------------------------------*/
FoamFile
{
    version     2.0;
    format      ascii;
    class       labelList;
    location    "constant/polyMesh";
    object      faceProcAddressing;
}
// * * * * * * * * * * * * * * * * * * * * * * * * * * * * * * * * * * * * * //


6525
(
1882
1883
1884
1885
1886
1887
1888
1889
1890
1891
1892
1893
1894
1895
1896
1897
1898
1899
1900
1901
1902
1903
1904
1905
1906
1907
1908
1909
1910
1911
1912
1913
1914
1915
1916
1917
1918
1919
1920
3802
3803
3804
3805
3806
3807
3808
3809
3810
3811
3812
3813
3814
3815
3816
3817
3818
3819
3820
3821
3822
3823
3824
3825
3826
3827
3828
3829
3830
3831
3832
3833
3834
3835
3836
3837
3838
3839
3840
5722
5723
5724
5725
5726
5727
5728
5729
5730
5731
5732
5733
5734
5735
5736
5737
5738
5739
5740
5741
5742
5743
5744
5745
5746
5747
5748
5749
5750
5751
5752
5753
5754
5755
5756
5757
5758
5759
5760
7642
7643
7644
7645
7646
7647
7648
7649
7650
7651
7652
7653
7654
7655
7656
7657
7658
7659
7660
7661
7662
7663
7664
7665
7666
7667
7668
7669
7670
7671
7672
7673
7674
7675
7676
7677
7678
7679
7680
9562
9563
9564
9565
9566
9567
9568
9569
9570
9571
9572
9573
9574
9575
9576
9577
9578
9579
9580
9581
9582
9583
9584
9585
9586
9587
9588
9589
9590
9591
9592
9593
9594
9595
9596
9597
9598
9599
9600
11482
11483
11484
11485
11486
11487
11488
11489
11490
11491
11492
11493
11494
11495
11496
11497
11498
11499
11500
11501
11502
11503
11504
11505
11506
11507
11508
11509
11510
11511
11512
11513
11514
11515
11516
11517
11518
11519
11520
13402
13403
13404
13405
13406
13407
13408
13409
13410
13411
13412
13413
13414
13415
13416
13417
13418
13419
13420
13421
13422
13423
13424
13425
13426
13427
13428
13429
13430
13431
13432
13433
13434
13435
13436
13437
13438
13439
13440
15321
15322
15323
15324
15325
15326
15327
15328
15329
15330
15331
15332
15333
15334
15335
15336
15337
15338
15339
15340
15341
15342
15343
15344
15345
15346
15347
15348
15349
15350
15351
15352
15353
15354
15355
15356
15357
15358
15359
17240
17241
17242
17243
17244
17245
17246
17247
17248
17249
17250
17251
17252
17253
17254
17255
17256
17257
17258
17259
17260
17261
17262
17263
17264
17265
17266
17267
17268
17269
17270
17271
17272
17273
17274
17275
17276
17277
17278
19159
19160
19161
19162
19163
19164
19165
19166
19167
19168
19169
19170
19171
19172
19173
19174
19175
19176
19177
19178
19179
19180
19181
19182
19183
19184
19185
19186
19187
19188
19189
19190
19191
19192
19193
19194
19195
19196
19197
21078
21079
21080
21081
21082
21083
21084
21085
21086
21087
21088
21089
21090
21091
21092
21093
21094
21095
21096
21097
21098
21099
21100
21101
21102
21103
21104
21105
21106
21107
21108
21109
21110
21111
21112
21113
21114
21115
21116
22997
22998
22999
23000
23001
23002
23003
23004
23005
23006
23007
23008
23009
23010
23011
23012
23013
23014
23015
23016
23017
23018
23019
23020
23021
23022
23023
23024
23025
23026
23027
23028
23029
23030
23031
23032
23033
23034
23035
24916
24917
24918
24919
24920
24921
24922
24923
24924
24925
24926
24927
24928
24929
24930
24931
24932
24933
24934
24935
24936
24937
24938
24939
24940
24941
24942
24943
24944
24945
24946
24947
24948
24949
24950
24951
24952
24953
24954
26835
26836
26837
26838
26839
26840
26841
26842
26843
26844
26845
26846
26847
26848
26849
26850
26851
26852
26853
26854
26855
26856
26857
26858
26859
26860
26861
26862
26863
26864
26865
26866
26867
26868
26869
26870
26871
26872
26873
28754
28755
28756
28757
28758
28759
28760
28761
28762
28763
28764
28765
28766
28767
28768
28769
28770
28771
28772
28773
28774
28775
28776
28777
28778
28779
28780
28781
28782
28783
28784
28785
28786
28787
28788
28789
28790
28791
28792
30673
30674
30675
30676
30677
30678
30679
30680
30681
30682
30683
30684
30685
30686
30687
30688
30689
30690
30691
30692
30693
30694
30695
30696
30697
30698
30699
30700
30701
30702
30703
30704
30705
30706
30707
30708
30709
30710
30711
32592
32593
32594
32595
32596
32597
32598
32599
32600
32601
32602
32603
32604
32605
32606
32607
32608
32609
32610
32611
32612
32613
32614
32615
32616
32617
32618
32619
32620
32621
32622
32623
32624
32625
32626
32627
32628
32629
32630
34511
34512
34513
34514
34515
34516
34517
34518
34519
34520
34521
34522
34523
34524
34525
34526
34527
34528
34529
34530
34531
34532
34533
34534
34535
34536
34537
34538
34539
34540
34541
34542
34543
34544
34545
34546
34547
34548
34549
36430
36431
36432
36433
36434
36435
36436
36437
36438
36439
36440
36441
36442
36443
36444
36445
36446
36447
36448
36449
36450
36451
36452
36453
36454
36455
36456
36457
36458
36459
36460
36461
36462
36463
36464
36465
36466
36467
36468
38349
38350
38351
38352
38353
38354
38355
38356
38357
38358
38359
38360
38361
38362
38363
38364
38365
38366
38367
38368
38369
38370
38371
38372
38373
38374
38375
38376
38377
38378
38379
38380
38381
38382
38383
38384
38385
38386
38387
40268
40269
40270
40271
40272
40273
40274
40275
40276
40277
40278
40279
40280
40281
40282
40283
40284
40285
40286
40287
40288
40289
40290
40291
40292
40293
40294
40295
40296
40297
40298
40299
40300
40301
40302
40303
40304
40305
40306
42187
42188
42189
42190
42191
42192
42193
42194
42195
42196
42197
42198
42199
42200
42201
42202
42203
42204
42205
42206
42207
42208
42209
42210
42211
42212
42213
42214
42215
42216
42217
42218
42219
42220
42221
42222
42223
42224
42225
44106
44107
44108
44109
44110
44111
44112
44113
44114
44115
44116
44117
44118
44119
44120
44121
44122
44123
44124
44125
44126
44127
44128
44129
44130
44131
44132
44133
44134
44135
44136
44137
44138
44139
44140
44141
44142
44143
44144
46025
46026
46027
46028
46029
46030
46031
46032
46033
46034
46035
46036
46037
46038
46039
46040
46041
46042
46043
46044
46045
46046
46047
46048
46049
46050
46051
46052
46053
46054
46055
46056
46057
46058
46059
46060
46061
46062
46063
47944
47945
47946
47947
47948
47949
47950
47951
47952
47953
47954
47955
47956
47957
47958
47959
47960
47961
47962
47963
47964
47965
47966
47967
47968
47969
47970
47971
47972
47973
47974
47975
47976
47977
47978
47979
47980
47981
47982
49863
49864
49865
49866
49867
49868
49869
49870
49871
49872
49873
49874
49875
49876
49877
49878
49879
49880
49881
49882
49883
49884
49885
49886
49887
49888
49889
49890
49891
49892
49893
49894
49895
49896
49897
49898
49899
49900
49901
51782
51783
51784
51785
51786
51787
51788
51789
51790
51791
51792
51793
51794
51795
51796
51797
51798
51799
51800
51801
51802
51803
51804
51805
51806
51807
51808
51809
51810
51811
51812
51813
51814
51815
51816
51817
51818
51819
51820
53701
53702
53703
53704
53705
53706
53707
53708
53709
53710
53711
53712
53713
53714
53715
53716
53717
53718
53719
53720
53721
53722
53723
53724
53725
53726
53727
53728
53729
53730
53731
53732
53733
53734
53735
53736
53737
53738
53739
55620
55621
55622
55623
55624
55625
55626
55627
55628
55629
55630
55631
55632
55633
55634
55635
55636
55637
55638
55639
55640
55641
55642
55643
55644
55645
55646
55647
55648
55649
55650
55651
55652
55653
55654
55655
55656
55657
55658
57539
57540
57541
57542
57543
57544
57545
57546
57547
57548
57549
57550
57551
57552
57553
57554
57555
57556
57557
57558
57559
57560
57561
57562
57563
57564
57565
57566
57567
57568
57569
57570
57571
57572
57573
57574
57575
57576
57577
59458
59459
59460
59461
59462
59463
59464
59465
59466
59467
59468
59469
59470
59471
59472
59473
59474
59475
59476
59477
59478
59479
59480
59481
59482
59483
59484
59485
59486
59487
59488
59489
59490
59491
59492
59493
59494
59495
59496
61377
61378
61379
61380
61381
61382
61383
61384
61385
61386
61387
61388
61389
61390
61391
61392
61393
61394
61395
61396
61397
61398
61399
61400
61401
61402
61403
61404
61405
61406
61407
61408
61409
61410
61411
61412
61413
61414
61415
63296
63297
63298
63299
63300
63301
63302
63303
63304
63305
63306
63307
63308
63309
63310
63311
63312
63313
63314
63315
63316
63317
63318
63319
63320
63321
63322
63323
63324
63325
63326
63327
63328
63329
63330
63331
63332
63333
63334
65215
65216
65217
65218
65219
65220
65221
65222
65223
65224
65225
65226
65227
65228
65229
65230
65231
65232
65233
65234
65235
65236
65237
65238
65239
65240
65241
65242
65243
65244
65245
65246
65247
65248
65249
65250
65251
65252
65253
67134
67135
67136
67137
67138
67139
67140
67141
67142
67143
67144
67145
67146
67147
67148
67149
67150
67151
67152
67153
67154
67155
67156
67157
67158
67159
67160
67161
67162
67163
67164
67165
67166
67167
67168
67169
67170
67171
67172
69053
69054
69055
69056
69057
69058
69059
69060
69061
69062
69063
69064
69065
69066
69067
69068
69069
69070
69071
69072
69073
69074
69075
69076
69077
69078
69079
69080
69081
69082
69083
69084
69085
69086
69087
69088
69089
69090
69091
70972
70973
70974
70975
70976
70977
70978
70979
70980
70981
70982
70983
70984
70985
70986
70987
70988
70989
70990
70991
70992
70993
70994
70995
70996
70997
70998
70999
71000
71001
71002
71003
71004
71005
71006
71007
71008
71009
71010
72891
72892
72893
72894
72895
72896
72897
72898
72899
72900
72901
72902
72903
72904
72905
72906
72907
72908
72909
72910
72911
72912
72913
72914
72915
72916
72917
72918
72919
72920
72921
72922
72923
72924
72925
72926
72927
72928
72929
74810
74811
74812
74813
74814
74815
74816
74817
74818
74819
74820
74821
74822
74823
74824
74825
74826
74827
74828
74829
74830
74831
74832
74833
74834
74835
74836
74837
74838
74839
74840
74841
74842
74843
74844
74845
74846
74847
74848
76730
76731
76732
76733
76734
76735
76736
76737
76738
76739
76740
76741
76742
76743
76744
76745
76746
76747
76748
76749
76750
76751
76752
76753
76754
76755
76756
76757
76758
76759
76760
76761
76762
76763
76764
76765
76766
76767
76768
78650
78651
78652
78653
78654
78655
78656
78657
78658
78659
78660
78661
78662
78663
78664
78665
78666
78667
78668
78669
78670
78671
78672
78673
78674
78675
78676
78677
78678
78679
78680
78681
78682
78683
78684
78685
78686
78687
78688
80570
80571
80572
80573
80574
80575
80576
80577
80578
80579
80580
80581
80582
80583
80584
80585
80586
80587
80588
80589
80590
80591
80592
80593
80594
80595
80596
80597
80598
80599
80600
80601
80602
80603
80604
80605
80606
80607
80608
82490
82491
82492
82493
82494
82495
82496
82497
82498
82499
82500
82501
82502
82503
82504
82505
82506
82507
82508
82509
82510
82511
82512
82513
82514
82515
82516
82517
82518
82519
82520
82521
82522
82523
82524
82525
82526
82527
82528
84410
84411
84412
84413
84414
84415
84416
84417
84418
84419
84420
84421
84422
84423
84424
84425
84426
84427
84428
84429
84430
84431
84432
84433
84434
84435
84436
84437
84438
84439
84440
84441
84442
84443
84444
84445
84446
84447
84448
86330
86331
86332
86333
86334
86335
86336
86337
86338
86339
86340
86341
86342
86343
86344
86345
86346
86347
86348
86349
86350
86351
86352
86353
86354
86355
86356
86357
86358
86359
86360
86361
86362
86363
86364
86365
86366
86367
86368
88250
88251
88252
88253
88254
88255
88256
88257
88258
88259
88260
88261
88262
88263
88264
88265
88266
88267
88268
88269
88270
88271
88272
88273
88274
88275
88276
88277
88278
88279
88280
88281
88282
88283
88284
88285
88286
88287
88288
90170
90171
90172
90173
90174
90175
90176
90177
90178
90179
90180
90181
90182
90183
90184
90185
90186
90187
90188
90189
90190
90191
90192
90193
90194
90195
90196
90197
90198
90199
90200
90201
90202
90203
90204
90205
90206
90207
90208
92090
92091
92092
92093
92094
92095
92096
92097
92098
92099
92100
92101
92102
92103
92104
92105
92106
92107
92108
92109
92110
92111
92112
92113
92114
92115
92116
92117
92118
92119
92120
92121
92122
92123
92124
92125
92126
92127
92128
94009
94010
94011
94012
94013
94014
94015
94016
94017
94018
94019
94020
94021
94022
94023
94024
94025
94026
94027
94028
94029
94030
94031
94032
94033
94034
94035
94036
94037
94038
94039
94040
94041
94042
94043
94044
94045
94046
94047
95928
95929
95930
95931
95932
95933
95934
95935
95936
95937
95938
95939
95940
95941
95942
95943
95944
95945
95946
95947
95948
95949
95950
95951
95952
95953
95954
95955
95956
95957
95958
95959
95960
95961
95962
95963
95964
95965
95966
97847
97848
97849
97850
97851
97852
97853
97854
97855
97856
97857
97858
97859
97860
97861
97862
97863
97864
97865
97866
97867
97868
97869
97870
97871
97872
97873
97874
97875
97876
97877
97878
97879
97880
97881
97882
97883
97884
97885
99766
99767
99768
99769
99770
99771
99772
99773
99774
99775
99776
99777
99778
99779
99780
99781
99782
99783
99784
99785
99786
99787
99788
99789
99790
99791
99792
99793
99794
99795
99796
99797
99798
99799
99800
99801
99802
99803
99804
101685
101686
101687
101688
101689
101690
101691
101692
101693
101694
101695
101696
101697
101698
101699
101700
101701
101702
101703
101704
101705
101706
101707
101708
101709
101710
101711
101712
101713
101714
101715
101716
101717
101718
101719
101720
101721
101722
101723
103604
103605
103606
103607
103608
103609
103610
103611
103612
103613
103614
103615
103616
103617
103618
103619
103620
103621
103622
103623
103624
103625
103626
103627
103628
103629
103630
103631
103632
103633
103634
103635
103636
103637
103638
103639
103640
103641
103642
105523
105524
105525
105526
105527
105528
105529
105530
105531
105532
105533
105534
105535
105536
105537
105538
105539
105540
105541
105542
105543
105544
105545
105546
105547
105548
105549
105550
105551
105552
105553
105554
105555
105556
105557
105558
105559
105560
105561
107442
107443
107444
107445
107446
107447
107448
107449
107450
107451
107452
107453
107454
107455
107456
107457
107458
107459
107460
107461
107462
107463
107464
107465
107466
107467
107468
107469
107470
107471
107472
107473
107474
107475
107476
107477
107478
107479
107480
109361
109362
109363
109364
109365
109366
109367
109368
109369
109370
109371
109372
109373
109374
109375
109376
109377
109378
109379
109380
109381
109382
109383
109384
109385
109386
109387
109388
109389
109390
109391
109392
109393
109394
109395
109396
109397
109398
109399
111280
111281
111282
111283
111284
111285
111286
111287
111288
111289
111290
111291
111292
111293
111294
111295
111296
111297
111298
111299
111300
111301
111302
111303
111304
111305
111306
111307
111308
111309
111310
111311
111312
111313
111314
111315
111316
111317
111318
113199
113200
113201
113202
113203
113204
113205
113206
113207
113208
113209
113210
113211
113212
113213
113214
113215
113216
113217
113218
113219
113220
113221
113222
113223
113224
113225
113226
113227
113228
113229
113230
113231
113232
113233
113234
113235
113236
113237
115118
115119
115120
115121
115122
115123
115124
115125
115126
115127
115128
115129
115130
115131
115132
115133
115134
115135
115136
115137
115138
115139
115140
115141
115142
115143
115144
115145
115146
115147
115148
115149
115150
115151
115152
115153
115154
115155
115156
117037
117038
117039
117040
117041
117042
117043
117044
117045
117046
117047
117048
117049
117050
117051
117052
117053
117054
117055
117056
117057
117058
117059
117060
117061
117062
117063
117064
117065
117066
117067
117068
117069
117070
117071
117072
117073
117074
117075
118956
118957
118958
118959
118960
118961
118962
118963
118964
118965
118966
118967
118968
118969
118970
118971
118972
118973
118974
118975
118976
118977
118978
118979
118980
118981
118982
118983
118984
118985
118986
118987
118988
118989
118990
118991
118992
118993
118994
120875
120876
120877
120878
120879
120880
120881
120882
120883
120884
120885
120886
120887
120888
120889
120890
120891
120892
120893
120894
120895
120896
120897
120898
120899
120900
120901
120902
120903
120904
120905
120906
120907
120908
120909
120910
120911
120912
120913
122794
122795
122796
122797
122798
122799
122800
122801
122802
122803
122804
122805
122806
122807
122808
122809
122810
122811
122812
122813
122814
122815
122816
122817
122818
122819
122820
122821
122822
122823
122824
122825
122826
122827
122828
122829
122830
122831
122832
124713
124714
124715
124716
124717
124718
124719
124720
124721
124722
124723
124724
124725
124726
124727
124728
124729
124730
124731
124732
124733
124734
124735
124736
124737
124738
124739
124740
124741
124742
124743
124744
124745
124746
124747
124748
124749
124750
124751
126632
126633
126634
126635
126636
126637
126638
126639
126640
126641
126642
126643
126644
126645
126646
126647
126648
126649
126650
126651
126652
126653
126654
126655
126656
126657
126658
126659
126660
126661
126662
126663
126664
126665
126666
126667
126668
126669
126670
128551
128552
128553
128554
128555
128556
128557
128558
128559
128560
128561
128562
128563
128564
128565
128566
128567
128568
128569
128570
128571
128572
128573
128574
128575
128576
128577
128578
128579
128580
128581
128582
128583
128584
128585
128586
128587
128588
128589
130470
130471
130472
130473
130474
130475
130476
130477
130478
130479
130480
130481
130482
130483
130484
130485
130486
130487
130488
130489
130490
130491
130492
130493
130494
130495
130496
130497
130498
130499
130500
130501
130502
130503
130504
130505
130506
130507
130508
132389
132390
132391
132392
132393
132394
132395
132396
132397
132398
132399
132400
132401
132402
132403
132404
132405
132406
132407
132408
132409
132410
132411
132412
132413
132414
132415
132416
132417
132418
132419
132420
132421
132422
132423
132424
132425
132426
132427
134306
134307
134308
134309
134310
134311
134312
134313
134314
134315
134316
134317
134318
134319
134320
134321
134322
134323
134324
134325
134326
134327
134328
134329
134330
134331
134332
134333
134334
134335
134336
134337
134338
134339
134340
134341
134342
134343
134344
134345
134346
136225
136226
136227
136228
136229
136230
136231
136232
136233
136234
136235
136236
136237
136238
136239
136240
136241
136242
136243
136244
136245
136246
136247
136248
136249
136250
136251
136252
136253
136254
136255
136256
136257
136258
136259
136260
136261
136262
136263
136264
136265
138144
138145
138146
138147
138148
138149
138150
138151
138152
138153
138154
138155
138156
138157
138158
138159
138160
138161
138162
138163
138164
138165
138166
138167
138168
138169
138170
138171
138172
138173
138174
138175
138176
138177
138178
138179
138180
138181
138182
138183
138184
140063
140064
140065
140066
140067
140068
140069
140070
140071
140072
140073
140074
140075
140076
140077
140078
140079
140080
140081
140082
140083
140084
140085
140086
140087
140088
140089
140090
140091
140092
140093
140094
140095
140096
140097
140098
140099
140100
140101
140102
140103
141982
141983
141984
141985
141986
141987
141988
141989
141990
141991
141992
141993
141994
141995
141996
141997
141998
141999
142000
142001
142002
142003
142004
142005
142006
142007
142008
142009
142010
142011
142012
142013
142014
142015
142016
142017
142018
142019
142020
142021
142022
143901
143902
143903
143904
143905
143906
143907
143908
143909
143910
143911
143912
143913
143914
143915
143916
143917
143918
143919
143920
143921
143922
143923
143924
143925
143926
143927
143928
143929
143930
143931
143932
143933
143934
143935
143936
143937
143938
143939
143940
143941
145820
145821
145822
145823
145824
145825
145826
145827
145828
145829
145830
145831
145832
145833
145834
145835
145836
145837
145838
145839
145840
145841
145842
145843
145844
145845
145846
145847
145848
145849
145850
145851
145852
145853
145854
145855
145856
145857
145858
145859
145860
147739
147740
147741
147742
147743
147744
147745
147746
147747
147748
147749
147750
147751
147752
147753
147754
147755
147756
147757
147758
147759
147760
147761
147762
147763
147764
147765
147766
147767
147768
147769
147770
147771
147772
147773
147774
147775
147776
147777
147778
147779
149658
149659
149660
149661
149662
149663
149664
149665
149666
149667
149668
149669
149670
149671
149672
149673
149674
149675
149676
149677
149678
149679
149680
149681
149682
149683
149684
149685
149686
149687
149688
149689
149690
149691
149692
149693
149694
149695
149696
149697
149698
151577
151578
151579
151580
151581
151582
151583
151584
151585
151586
151587
151588
151589
151590
151591
151592
151593
151594
151595
151596
151597
151598
151599
151600
151601
151602
151603
151604
151605
151606
151607
151608
151609
151610
151611
151612
151613
151614
151615
151616
151617
152557
152558
152559
152560
152561
152562
152563
152564
152565
152566
152567
152568
152569
152570
152571
152572
152573
152574
152575
152576
153582
153583
153584
153585
153586
153587
153588
153589
153590
153591
153592
153593
153594
153595
153596
153597
153598
153599
153600
153601
153602
153603
153604
153605
153606
153607
153608
153609
153610
153611
153612
153613
153614
153615
153616
153617
153618
153619
153620
153621
153622
153623
153624
153625
153626
153627
153628
153629
153630
153631
153632
153633
153634
153635
153636
153637
153638
153639
153640
153641
153642
153643
153644
153645
153646
153647
153648
153649
153650
153651
153652
153653
153654
153655
153656
153657
153658
153659
153660
153661
154602
154603
154604
154605
154606
154607
154608
154609
154610
154611
154612
154613
154614
154615
154616
154617
154618
154619
154620
154621
155562
155563
155564
155565
155566
155567
155568
155569
155570
155571
155572
155573
155574
155575
155576
155577
155578
155579
155580
155581
156522
156523
156524
156525
156526
156527
156528
156529
156530
156531
156532
156533
156534
156535
156536
156537
156538
156539
156540
156541
157482
157483
157484
157485
157486
157487
157488
157489
157490
157491
157492
157493
157494
157495
157496
157497
157498
157499
157500
157501
158442
158443
158444
158445
158446
158447
158448
158449
158450
158451
158452
158453
158454
158455
158456
158457
158458
158459
158460
158461
159402
159403
159404
159405
159406
159407
159408
159409
159410
159411
159412
159413
159414
159415
159416
159417
159418
159419
159420
159421
160362
160363
160364
160365
160366
160367
160368
160369
160370
160371
160372
160373
160374
160375
160376
160377
160378
160379
160380
160381
161322
161323
161324
161325
161326
161327
161328
161329
161330
161331
161332
161333
161334
161335
161336
161337
161338
161339
161340
161341
162282
162283
162284
162285
162286
162287
162288
162289
162290
162291
162292
162293
162294
162295
162296
162297
162298
162299
162300
162301
163242
163243
163244
163245
163246
163247
163248
163249
163250
163251
163252
163253
163254
163255
163256
163257
163258
163259
163260
163261
164202
164203
164204
164205
164206
164207
164208
164209
164210
164211
164212
164213
164214
164215
164216
164217
164218
164219
164220
164221
165162
165163
165164
165165
165166
165167
165168
165169
165170
165171
165172
165173
165174
165175
165176
165177
165178
165179
165180
165181
166122
166123
166124
166125
166126
166127
166128
166129
166130
166131
166132
166133
166134
166135
166136
166137
166138
166139
166140
166141
167082
167083
167084
167085
167086
167087
167088
167089
167090
167091
167092
167093
167094
167095
167096
167097
167098
167099
167100
167101
168042
168043
168044
168045
168046
168047
168048
168049
168050
168051
168052
168053
168054
168055
168056
168057
168058
168059
168060
168061
169002
169003
169004
169005
169006
169007
169008
169009
169010
169011
169012
169013
169014
169015
169016
169017
169018
169019
169020
169021
169962
169963
169964
169965
169966
169967
169968
169969
169970
169971
169972
169973
169974
169975
169976
169977
169978
169979
169980
169981
170922
170923
170924
170925
170926
170927
170928
170929
170930
170931
170932
170933
170934
170935
170936
170937
170938
170939
170940
170941
171882
171883
171884
171885
171886
171887
171888
171889
171890
171891
171892
171893
171894
171895
171896
171897
171898
171899
171900
171901
172842
172843
172844
172845
172846
172847
172848
172849
172850
172851
172852
172853
172854
172855
172856
172857
172858
172859
172860
172861
173802
173803
173804
173805
173806
173807
173808
173809
173810
173811
173812
173813
173814
173815
173816
173817
173818
173819
173820
173821
174762
174763
174764
174765
174766
174767
174768
174769
174770
174771
174772
174773
174774
174775
174776
174777
174778
174779
174780
174781
175722
175723
175724
175725
175726
175727
175728
175729
175730
175731
175732
175733
175734
175735
175736
175737
175738
175739
175740
175741
176682
176683
176684
176685
176686
176687
176688
176689
176690
176691
176692
176693
176694
176695
176696
176697
176698
176699
176700
176701
177642
177643
177644
177645
177646
177647
177648
177649
177650
177651
177652
177653
177654
177655
177656
177657
177658
177659
177660
177661
178602
178603
178604
178605
178606
178607
178608
178609
178610
178611
178612
178613
178614
178615
178616
178617
178618
178619
178620
178621
179562
179563
179564
179565
179566
179567
179568
179569
179570
179571
179572
179573
179574
179575
179576
179577
179578
179579
179580
179581
180522
180523
180524
180525
180526
180527
180528
180529
180530
180531
180532
180533
180534
180535
180536
180537
180538
180539
180540
180541
181482
181483
181484
181485
181486
181487
181488
181489
181490
181491
181492
181493
181494
181495
181496
181497
181498
181499
181500
181501
182442
182443
182444
182445
182446
182447
182448
182449
182450
182451
182452
182453
182454
182455
182456
182457
182458
182459
182460
182461
183402
183403
183404
183405
183406
183407
183408
183409
183410
183411
183412
183413
183414
183415
183416
183417
183418
183419
183420
183421
184362
184363
184364
184365
184366
184367
184368
184369
184370
184371
184372
184373
184374
184375
184376
184377
184378
184379
184380
184381
185322
185323
185324
185325
185326
185327
185328
185329
185330
185331
185332
185333
185334
185335
185336
185337
185338
185339
185340
185341
186282
186283
186284
186285
186286
186287
186288
186289
186290
186291
186292
186293
186294
186295
186296
186297
186298
186299
186300
186301
187242
187243
187244
187245
187246
187247
187248
187249
187250
187251
187252
187253
187254
187255
187256
187257
187258
187259
187260
187261
188202
188203
188204
188205
188206
188207
188208
188209
188210
188211
188212
188213
188214
188215
188216
188217
188218
188219
188220
188221
189162
189163
189164
189165
189166
189167
189168
189169
189170
189171
189172
189173
189174
189175
189176
189177
189178
189179
189180
189181
190122
190123
190124
190125
190126
190127
190128
190129
190130
190131
190132
190133
190134
190135
190136
190137
190138
190139
190140
190141
191082
191083
191084
191085
191086
191087
191088
191089
191090
191091
191092
191093
191094
191095
191096
191097
191098
191099
191100
191101
192042
192043
192044
192045
192046
192047
192048
192049
192050
192051
192052
192053
192054
192055
192056
192057
192058
192059
192060
192061
193002
193003
193004
193005
193006
193007
193008
193009
193010
193011
193012
193013
193014
193015
193016
193017
193018
193019
193020
193021
193962
193963
193964
193965
193966
193967
193968
193969
193970
193971
193972
193973
193974
193975
193976
193977
193978
193979
193980
193981
194922
194923
194924
194925
194926
194927
194928
194929
194930
194931
194932
194933
194934
194935
194936
194937
194938
194939
194940
194941
195882
195883
195884
195885
195886
195887
195888
195889
195890
195891
195892
195893
195894
195895
195896
195897
195898
195899
195900
195901
196842
196843
196844
196845
196846
196847
196848
196849
196850
196851
196852
196853
196854
196855
196856
196857
196858
196859
196860
196861
197802
197803
197804
197805
197806
197807
197808
197809
197810
197811
197812
197813
197814
197815
197816
197817
197818
197819
197820
197821
198762
198763
198764
198765
198766
198767
198768
198769
198770
198771
198772
198773
198774
198775
198776
198777
198778
198779
198780
198781
199722
199723
199724
199725
199726
199727
199728
199729
199730
199731
199732
199733
199734
199735
199736
199737
199738
199739
199740
199741
200682
200683
200684
200685
200686
200687
200688
200689
200690
200691
200692
200693
200694
200695
200696
200697
200698
200699
200700
200701
201642
201643
201644
201645
201646
201647
201648
201649
201650
201651
201652
201653
201654
201655
201656
201657
201658
201659
201660
201661
202602
202603
202604
202605
202606
202607
202608
202609
202610
202611
202612
202613
202614
202615
202616
202617
202618
202619
202620
202621
203562
203563
203564
203565
203566
203567
203568
203569
203570
203571
203572
203573
203574
203575
203576
203577
203578
203579
203580
203581
204522
204523
204524
204525
204526
204527
204528
204529
204530
204531
204532
204533
204534
204535
204536
204537
204538
204539
204540
204541
205482
205483
205484
205485
205486
205487
205488
205489
205490
205491
205492
205493
205494
205495
205496
205497
205498
205499
205500
205501
206442
206443
206444
206445
206446
206447
206448
206449
206450
206451
206452
206453
206454
206455
206456
206457
206458
206459
206460
206461
207402
207403
207404
207405
207406
207407
207408
207409
207410
207411
207412
207413
207414
207415
207416
207417
207418
207419
207420
207421
208362
208363
208364
208365
208366
208367
208368
208369
208370
208371
208372
208373
208374
208375
208376
208377
208378
208379
208380
208381
209322
209323
209324
209325
209326
209327
209328
209329
209330
209331
209332
209333
209334
209335
209336
209337
209338
209339
209340
209341
210282
210283
210284
210285
210286
210287
210288
210289
210290
210291
210292
210293
210294
210295
210296
210297
210298
210299
210300
210301
211242
211243
211244
211245
211246
211247
211248
211249
211250
211251
211252
211253
211254
211255
211256
211257
211258
211259
211260
211261
212202
212203
212204
212205
212206
212207
212208
212209
212210
212211
212212
212213
212214
212215
212216
212217
212218
212219
212220
212221
213162
213163
213164
213165
213166
213167
213168
213169
213170
213171
213172
213173
213174
213175
213176
213177
213178
213179
213180
213181
214122
214123
214124
214125
214126
214127
214128
214129
214130
214131
214132
214133
214134
214135
214136
214137
214138
214139
214140
214141
215082
215083
215084
215085
215086
215087
215088
215089
215090
215091
215092
215093
215094
215095
215096
215097
215098
215099
215100
215101
216042
216043
216044
216045
216046
216047
216048
216049
216050
216051
216052
216053
216054
216055
216056
216057
216058
216059
216060
216061
217002
217003
217004
217005
217006
217007
217008
217009
217010
217011
217012
217013
217014
217015
217016
217017
217018
217019
217020
217021
217962
217963
217964
217965
217966
217967
217968
217969
217970
217971
217972
217973
217974
217975
217976
217977
217978
217979
217980
217981
218922
218923
218924
218925
218926
218927
218928
218929
218930
218931
218932
218933
218934
218935
218936
218937
218938
218939
218940
218941
219882
219883
219884
219885
219886
219887
219888
219889
219890
219891
219892
219893
219894
219895
219896
219897
219898
219899
219900
219901
220841
220842
220843
220844
220845
220846
220847
220848
220849
220850
220851
220852
220853
220854
220855
220856
220857
220858
220859
220860
220861
221801
221802
221803
221804
221805
221806
221807
221808
221809
221810
221811
221812
221813
221814
221815
221816
221817
221818
221819
221820
221821
222761
222762
222763
222764
222765
222766
222767
222768
222769
222770
222771
222772
222773
222774
222775
222776
222777
222778
222779
222780
222781
223721
223722
223723
223724
223725
223726
223727
223728
223729
223730
223731
223732
223733
223734
223735
223736
223737
223738
223739
223740
223741
224681
224682
224683
224684
224685
224686
224687
224688
224689
224690
224691
224692
224693
224694
224695
224696
224697
224698
224699
224700
224701
225641
225642
225643
225644
225645
225646
225647
225648
225649
225650
225651
225652
225653
225654
225655
225656
225657
225658
225659
225660
225661
226601
226602
226603
226604
226605
226606
226607
226608
226609
226610
226611
226612
226613
226614
226615
226616
226617
226618
226619
226620
226621
227561
227562
227563
227564
227565
227566
227567
227568
227569
227570
227571
227572
227573
227574
227575
227576
227577
227578
227579
227580
227581
228521
228522
228523
228524
228525
228526
228527
228528
228529
228530
228531
228532
228533
228534
228535
228536
228537
228538
228539
228540
228541
229481
229482
229483
229484
229485
229486
229487
229488
229489
229490
229491
229492
229493
229494
229495
229496
229497
229498
229499
229500
229501
230441
230442
230443
230444
230445
230446
230447
230448
230449
230450
230451
230452
230453
230454
230455
230456
230457
230458
230459
230460
230461
231939
231940
231941
231942
231943
231944
231945
231946
231947
231948
231949
231950
231951
231952
231953
231954
231955
231956
231957
231958
232899
232900
232901
232902
232903
232904
232905
232906
232907
232908
232909
232910
232911
232912
232913
232914
232915
232916
232917
232918
233859
233860
233861
233862
233863
233864
233865
233866
233867
233868
233869
233870
233871
233872
233873
233874
233875
233876
233877
233878
234819
234820
234821
234822
234823
234824
234825
234826
234827
234828
234829
234830
234831
234832
234833
234834
234835
234836
234837
234838
235779
235780
235781
235782
235783
235784
235785
235786
235787
235788
235789
235790
235791
235792
235793
235794
235795
235796
235797
235798
236739
236740
236741
236742
236743
236744
236745
236746
236747
236748
236749
236750
236751
236752
236753
236754
236755
236756
236757
236758
237699
237700
237701
237702
237703
237704
237705
237706
237707
237708
237709
237710
237711
237712
237713
237714
237715
237716
237717
237718
238659
238660
238661
238662
238663
238664
238665
238666
238667
238668
238669
238670
238671
238672
238673
238674
238675
238676
238677
238678
239619
239620
239621
239622
239623
239624
239625
239626
239627
239628
239629
239630
239631
239632
239633
239634
239635
239636
239637
239638
240579
240580
240581
240582
240583
240584
240585
240586
240587
240588
240589
240590
240591
240592
240593
240594
240595
240596
240597
240598
241539
241540
241541
241542
241543
241544
241545
241546
241547
241548
241549
241550
241551
241552
241553
241554
241555
241556
241557
241558
242499
242500
242501
242502
242503
242504
242505
242506
242507
242508
242509
242510
242511
242512
242513
242514
242515
242516
242517
242518
243459
243460
243461
243462
243463
243464
243465
243466
243467
243468
243469
243470
243471
243472
243473
243474
243475
243476
243477
243478
244419
244420
244421
244422
244423
244424
244425
244426
244427
244428
244429
244430
244431
244432
244433
244434
244435
244436
244437
244438
245379
245380
245381
245382
245383
245384
245385
245386
245387
245388
245389
245390
245391
245392
245393
245394
245395
245396
245397
245398
246339
246340
246341
246342
246343
246344
246345
246346
246347
246348
246349
246350
246351
246352
246353
246354
246355
246356
246357
246358
247299
247300
247301
247302
247303
247304
247305
247306
247307
247308
247309
247310
247311
247312
247313
247314
247315
247316
247317
247318
248259
248260
248261
248262
248263
248264
248265
248266
248267
248268
248269
248270
248271
248272
248273
248274
248275
248276
248277
248278
249219
249220
249221
249222
249223
249224
249225
249226
249227
249228
249229
249230
249231
249232
249233
249234
249235
249236
249237
249238
250179
250180
250181
250182
250183
250184
250185
250186
250187
250188
250189
250190
250191
250192
250193
250194
250195
250196
250197
250198
251139
251140
251141
251142
251143
251144
251145
251146
251147
251148
251149
251150
251151
251152
251153
251154
251155
251156
251157
251158
252099
252100
252101
252102
252103
252104
252105
252106
252107
252108
252109
252110
252111
252112
252113
252114
252115
252116
252117
252118
253059
253060
253061
253062
253063
253064
253065
253066
253067
253068
253069
253070
253071
253072
253073
253074
253075
253076
253077
253078
254019
254020
254021
254022
254023
254024
254025
254026
254027
254028
254029
254030
254031
254032
254033
254034
254035
254036
254037
254038
254979
254980
254981
254982
254983
254984
254985
254986
254987
254988
254989
254990
254991
254992
254993
254994
254995
254996
254997
254998
255939
255940
255941
255942
255943
255944
255945
255946
255947
255948
255949
255950
255951
255952
255953
255954
255955
255956
255957
255958
256899
256900
256901
256902
256903
256904
256905
256906
256907
256908
256909
256910
256911
256912
256913
256914
256915
256916
256917
256918
257859
257860
257861
257862
257863
257864
257865
257866
257867
257868
257869
257870
257871
257872
257873
257874
257875
257876
257877
257878
258819
258820
258821
258822
258823
258824
258825
258826
258827
258828
258829
258830
258831
258832
258833
258834
258835
258836
258837
258838
259779
259780
259781
259782
259783
259784
259785
259786
259787
259788
259789
259790
259791
259792
259793
259794
259795
259796
259797
259798
260739
260740
260741
260742
260743
260744
260745
260746
260747
260748
260749
260750
260751
260752
260753
260754
260755
260756
260757
260758
261699
261700
261701
261702
261703
261704
261705
261706
261707
261708
261709
261710
261711
261712
261713
261714
261715
261716
261717
261718
262659
262660
262661
262662
262663
262664
262665
262666
262667
262668
262669
262670
262671
262672
262673
262674
262675
262676
262677
262678
263619
263620
263621
263622
263623
263624
263625
263626
263627
263628
263629
263630
263631
263632
263633
263634
263635
263636
263637
263638
264579
264580
264581
264582
264583
264584
264585
264586
264587
264588
264589
264590
264591
264592
264593
264594
264595
264596
264597
264598
265539
265540
265541
265542
265543
265544
265545
265546
265547
265548
265549
265550
265551
265552
265553
265554
265555
265556
265557
265558
266499
266500
266501
266502
266503
266504
266505
266506
266507
266508
266509
266510
266511
266512
266513
266514
266515
266516
266517
266518
267459
267460
267461
267462
267463
267464
267465
267466
267467
267468
267469
267470
267471
267472
267473
267474
267475
267476
267477
267478
268419
268420
268421
268422
268423
268424
268425
268426
268427
268428
268429
268430
268431
268432
268433
268434
268435
268436
268437
268438
269379
269380
269381
269382
269383
269384
269385
269386
269387
269388
269389
269390
269391
269392
269393
269394
269395
269396
269397
269398
270339
270340
270341
270342
270343
270344
270345
270346
270347
270348
270349
270350
270351
270352
270353
270354
270355
270356
270357
270358
271299
271300
271301
271302
271303
271304
271305
271306
271307
271308
271309
271310
271311
271312
271313
271314
271315
271316
271317
271318
272259
272260
272261
272262
272263
272264
272265
272266
272267
272268
272269
272270
272271
272272
272273
272274
272275
272276
272277
272278
273219
273220
273221
273222
273223
273224
273225
273226
273227
273228
273229
273230
273231
273232
273233
273234
273235
273236
273237
273238
274179
274180
274181
274182
274183
274184
274185
274186
274187
274188
274189
274190
274191
274192
274193
274194
274195
274196
274197
274198
275139
275140
275141
275142
275143
275144
275145
275146
275147
275148
275149
275150
275151
275152
275153
275154
275155
275156
275157
275158
276099
276100
276101
276102
276103
276104
276105
276106
276107
276108
276109
276110
276111
276112
276113
276114
276115
276116
276117
276118
277059
277060
277061
277062
277063
277064
277065
277066
277067
277068
277069
277070
277071
277072
277073
277074
277075
277076
277077
277078
278019
278020
278021
278022
278023
278024
278025
278026
278027
278028
278029
278030
278031
278032
278033
278034
278035
278036
278037
278038
278979
278980
278981
278982
278983
278984
278985
278986
278987
278988
278989
278990
278991
278992
278993
278994
278995
278996
278997
278998
279939
279940
279941
279942
279943
279944
279945
279946
279947
279948
279949
279950
279951
279952
279953
279954
279955
279956
279957
279958
280899
280900
280901
280902
280903
280904
280905
280906
280907
280908
280909
280910
280911
280912
280913
280914
280915
280916
280917
280918
281859
281860
281861
281862
281863
281864
281865
281866
281867
281868
281869
281870
281871
281872
281873
281874
281875
281876
281877
281878
282819
282820
282821
282822
282823
282824
282825
282826
282827
282828
282829
282830
282831
282832
282833
282834
282835
282836
282837
282838
283779
283780
283781
283782
283783
283784
283785
283786
283787
283788
283789
283790
283791
283792
283793
283794
283795
283796
283797
283798
284739
284740
284741
284742
284743
284744
284745
284746
284747
284748
284749
284750
284751
284752
284753
284754
284755
284756
284757
284758
285699
285700
285701
285702
285703
285704
285705
285706
285707
285708
285709
285710
285711
285712
285713
285714
285715
285716
285717
285718
286659
286660
286661
286662
286663
286664
286665
286666
286667
286668
286669
286670
286671
286672
286673
286674
286675
286676
286677
286678
287619
287620
287621
287622
287623
287624
287625
287626
287627
287628
287629
287630
287631
287632
287633
287634
287635
287636
287637
287638
288579
288580
288581
288582
288583
288584
288585
288586
288587
288588
288589
288590
288591
288592
288593
288594
288595
288596
288597
288598
289539
289540
289541
289542
289543
289544
289545
289546
289547
289548
289549
289550
289551
289552
289553
289554
289555
289556
289557
289558
290499
290500
290501
290502
290503
290504
290505
290506
290507
290508
290509
290510
290511
290512
290513
290514
290515
290516
290517
290518
291459
291460
291461
291462
291463
291464
291465
291466
291467
291468
291469
291470
291471
291472
291473
291474
291475
291476
291477
291478
292419
292420
292421
292422
292423
292424
292425
292426
292427
292428
292429
292430
292431
292432
292433
292434
292435
292436
292437
292438
293379
293380
293381
293382
293383
293384
293385
293386
293387
293388
293389
293390
293391
293392
293393
293394
293395
293396
293397
293398
294339
294340
294341
294342
294343
294344
294345
294346
294347
294348
294349
294350
294351
294352
294353
294354
294355
294356
294357
294358
295299
295300
295301
295302
295303
295304
295305
295306
295307
295308
295309
295310
295311
295312
295313
295314
295315
295316
295317
295318
296259
296260
296261
296262
296263
296264
296265
296266
296267
296268
296269
296270
296271
296272
296273
296274
296275
296276
296277
296278
297219
297220
297221
297222
297223
297224
297225
297226
297227
297228
297229
297230
297231
297232
297233
297234
297235
297236
297237
297238
298178
298179
298180
298181
298182
298183
298184
298185
298186
298187
298188
298189
298190
298191
298192
298193
298194
298195
298196
298197
298198
299138
299139
299140
299141
299142
299143
299144
299145
299146
299147
299148
299149
299150
299151
299152
299153
299154
299155
299156
299157
299158
300098
300099
300100
300101
300102
300103
300104
300105
300106
300107
300108
300109
300110
300111
300112
300113
300114
300115
300116
300117
300118
301058
301059
301060
301061
301062
301063
301064
301065
301066
301067
301068
301069
301070
301071
301072
301073
301074
301075
301076
301077
301078
302018
302019
302020
302021
302022
302023
302024
302025
302026
302027
302028
302029
302030
302031
302032
302033
302034
302035
302036
302037
302038
302978
302979
302980
302981
302982
302983
302984
302985
302986
302987
302988
302989
302990
302991
302992
302993
302994
302995
302996
302997
302998
303938
303939
303940
303941
303942
303943
303944
303945
303946
303947
303948
303949
303950
303951
303952
303953
303954
303955
303956
303957
303958
304898
304899
304900
304901
304902
304903
304904
304905
304906
304907
304908
304909
304910
304911
304912
304913
304914
304915
304916
304917
304918
305858
305859
305860
305861
305862
305863
305864
305865
305866
305867
305868
305869
305870
305871
305872
305873
305874
305875
305876
305877
305878
306818
306819
306820
306821
306822
306823
306824
306825
306826
306827
306828
306829
306830
306831
306832
306833
306834
306835
306836
306837
306838
307778
307779
307780
307781
307782
307783
307784
307785
307786
307787
307788
307789
307790
307791
307792
307793
307794
307795
307796
307797
307798
309435
309436
309437
309438
309439
309440
309441
309442
309443
309444
309445
309446
309447
309448
309449
309450
309451
309452
309453
309454
309455
-1880
-3800
-5720
-7640
-9560
-11480
-13400
-15319
-17238
-19157
-21076
-22995
-24914
-26833
-28752
-30671
-32590
-34509
-36428
-38347
-40266
-42185
-44104
-46023
-47942
-49861
-51780
-53699
-55618
-57537
-59456
-61375
-63294
-65213
-67132
-69051
-70970
-72889
-74808
-76728
-78648
-80568
-82488
-84408
-86328
-88248
-90168
-92088
-94007
-95926
-97845
-99764
-101683
-103602
-105521
-107440
-109359
-111278
-113197
-115116
-117035
-118954
-120873
-122792
-124711
-126630
-128549
-130468
-132387
-132388
-134304
-136223
-138142
-140061
-141980
-143899
-145818
-147737
-149656
-151575
-152556
)


// ************************************************************************* //
