/*--------------------------------*- C++ -*----------------------------------*\
| =========                 |                                                 |
| \\      /  F ield         | OpenFOAM: The Open Source CFD Toolbox           |
|  \\    /   O peration     | Version:  2.3.0                                 |
|   \\  /    A nd           | Web:      www.OpenFOAM.org                      |
|    \\/     M anipulation  |                                                 |
\*---------------------------------------------------------------------------*/
FoamFile
{
    version     2.0;
    format      ascii;
    class       labelList;
    location    "constant/polyMesh";
    object      pointProcAddressing;
}
// * * * * * * * * * * * * * * * * * * * * * * * * * * * * * * * * * * * * * //


3405
(
940
941
942
943
944
945
946
947
948
949
950
951
952
953
954
955
956
957
958
959
960
1901
1902
1903
1904
1905
1906
1907
1908
1909
1910
1911
1912
1913
1914
1915
1916
1917
1918
1919
1920
1921
2862
2863
2864
2865
2866
2867
2868
2869
2870
2871
2872
2873
2874
2875
2876
2877
2878
2879
2880
2881
2882
3823
3824
3825
3826
3827
3828
3829
3830
3831
3832
3833
3834
3835
3836
3837
3838
3839
3840
3841
3842
3843
4784
4785
4786
4787
4788
4789
4790
4791
4792
4793
4794
4795
4796
4797
4798
4799
4800
4801
4802
4803
4804
5745
5746
5747
5748
5749
5750
5751
5752
5753
5754
5755
5756
5757
5758
5759
5760
5761
5762
5763
5764
5765
6706
6707
6708
6709
6710
6711
6712
6713
6714
6715
6716
6717
6718
6719
6720
6721
6722
6723
6724
6725
6726
7667
7668
7669
7670
7671
7672
7673
7674
7675
7676
7677
7678
7679
7680
7681
7682
7683
7684
7685
7686
7687
8628
8629
8630
8631
8632
8633
8634
8635
8636
8637
8638
8639
8640
8641
8642
8643
8644
8645
8646
8647
8648
9589
9590
9591
9592
9593
9594
9595
9596
9597
9598
9599
9600
9601
9602
9603
9604
9605
9606
9607
9608
9609
10550
10551
10552
10553
10554
10555
10556
10557
10558
10559
10560
10561
10562
10563
10564
10565
10566
10567
10568
10569
10570
11511
11512
11513
11514
11515
11516
11517
11518
11519
11520
11521
11522
11523
11524
11525
11526
11527
11528
11529
11530
11531
12472
12473
12474
12475
12476
12477
12478
12479
12480
12481
12482
12483
12484
12485
12486
12487
12488
12489
12490
12491
12492
13433
13434
13435
13436
13437
13438
13439
13440
13441
13442
13443
13444
13445
13446
13447
13448
13449
13450
13451
13452
13453
14394
14395
14396
14397
14398
14399
14400
14401
14402
14403
14404
14405
14406
14407
14408
14409
14410
14411
14412
14413
14414
15355
15356
15357
15358
15359
15360
15361
15362
15363
15364
15365
15366
15367
15368
15369
15370
15371
15372
15373
15374
15375
16316
16317
16318
16319
16320
16321
16322
16323
16324
16325
16326
16327
16328
16329
16330
16331
16332
16333
16334
16335
16336
17277
17278
17279
17280
17281
17282
17283
17284
17285
17286
17287
17288
17289
17290
17291
17292
17293
17294
17295
17296
17297
18238
18239
18240
18241
18242
18243
18244
18245
18246
18247
18248
18249
18250
18251
18252
18253
18254
18255
18256
18257
18258
19199
19200
19201
19202
19203
19204
19205
19206
19207
19208
19209
19210
19211
19212
19213
19214
19215
19216
19217
19218
19219
20160
20161
20162
20163
20164
20165
20166
20167
20168
20169
20170
20171
20172
20173
20174
20175
20176
20177
20178
20179
20180
21121
21122
21123
21124
21125
21126
21127
21128
21129
21130
21131
21132
21133
21134
21135
21136
21137
21138
21139
21140
21141
22082
22083
22084
22085
22086
22087
22088
22089
22090
22091
22092
22093
22094
22095
22096
22097
22098
22099
22100
22101
22102
23043
23044
23045
23046
23047
23048
23049
23050
23051
23052
23053
23054
23055
23056
23057
23058
23059
23060
23061
23062
23063
24004
24005
24006
24007
24008
24009
24010
24011
24012
24013
24014
24015
24016
24017
24018
24019
24020
24021
24022
24023
24024
24965
24966
24967
24968
24969
24970
24971
24972
24973
24974
24975
24976
24977
24978
24979
24980
24981
24982
24983
24984
24985
25926
25927
25928
25929
25930
25931
25932
25933
25934
25935
25936
25937
25938
25939
25940
25941
25942
25943
25944
25945
25946
26887
26888
26889
26890
26891
26892
26893
26894
26895
26896
26897
26898
26899
26900
26901
26902
26903
26904
26905
26906
26907
27848
27849
27850
27851
27852
27853
27854
27855
27856
27857
27858
27859
27860
27861
27862
27863
27864
27865
27866
27867
27868
28809
28810
28811
28812
28813
28814
28815
28816
28817
28818
28819
28820
28821
28822
28823
28824
28825
28826
28827
28828
28829
29770
29771
29772
29773
29774
29775
29776
29777
29778
29779
29780
29781
29782
29783
29784
29785
29786
29787
29788
29789
29790
30731
30732
30733
30734
30735
30736
30737
30738
30739
30740
30741
30742
30743
30744
30745
30746
30747
30748
30749
30750
30751
31692
31693
31694
31695
31696
31697
31698
31699
31700
31701
31702
31703
31704
31705
31706
31707
31708
31709
31710
31711
31712
32653
32654
32655
32656
32657
32658
32659
32660
32661
32662
32663
32664
32665
32666
32667
32668
32669
32670
32671
32672
32673
33614
33615
33616
33617
33618
33619
33620
33621
33622
33623
33624
33625
33626
33627
33628
33629
33630
33631
33632
33633
33634
34575
34576
34577
34578
34579
34580
34581
34582
34583
34584
34585
34586
34587
34588
34589
34590
34591
34592
34593
34594
34595
35536
35537
35538
35539
35540
35541
35542
35543
35544
35545
35546
35547
35548
35549
35550
35551
35552
35553
35554
35555
35556
36497
36498
36499
36500
36501
36502
36503
36504
36505
36506
36507
36508
36509
36510
36511
36512
36513
36514
36515
36516
36517
37458
37459
37460
37461
37462
37463
37464
37465
37466
37467
37468
37469
37470
37471
37472
37473
37474
37475
37476
37477
37478
38419
38420
38421
38422
38423
38424
38425
38426
38427
38428
38429
38430
38431
38432
38433
38434
38435
38436
38437
38438
38439
39380
39381
39382
39383
39384
39385
39386
39387
39388
39389
39390
39391
39392
39393
39394
39395
39396
39397
39398
39399
39400
40341
40342
40343
40344
40345
40346
40347
40348
40349
40350
40351
40352
40353
40354
40355
40356
40357
40358
40359
40360
40361
41302
41303
41304
41305
41306
41307
41308
41309
41310
41311
41312
41313
41314
41315
41316
41317
41318
41319
41320
41321
41322
42263
42264
42265
42266
42267
42268
42269
42270
42271
42272
42273
42274
42275
42276
42277
42278
42279
42280
42281
42282
42283
43224
43225
43226
43227
43228
43229
43230
43231
43232
43233
43234
43235
43236
43237
43238
43239
43240
43241
43242
43243
43244
44185
44186
44187
44188
44189
44190
44191
44192
44193
44194
44195
44196
44197
44198
44199
44200
44201
44202
44203
44204
44205
45146
45147
45148
45149
45150
45151
45152
45153
45154
45155
45156
45157
45158
45159
45160
45161
45162
45163
45164
45165
45166
46107
46108
46109
46110
46111
46112
46113
46114
46115
46116
46117
46118
46119
46120
46121
46122
46123
46124
46125
46126
46127
47068
47069
47070
47071
47072
47073
47074
47075
47076
47077
47078
47079
47080
47081
47082
47083
47084
47085
47086
47087
47088
48029
48030
48031
48032
48033
48034
48035
48036
48037
48038
48039
48040
48041
48042
48043
48044
48045
48046
48047
48048
48049
48990
48991
48992
48993
48994
48995
48996
48997
48998
48999
49000
49001
49002
49003
49004
49005
49006
49007
49008
49009
49010
49951
49952
49953
49954
49955
49956
49957
49958
49959
49960
49961
49962
49963
49964
49965
49966
49967
49968
49969
49970
49971
50912
50913
50914
50915
50916
50917
50918
50919
50920
50921
50922
50923
50924
50925
50926
50927
50928
50929
50930
50931
50932
51873
51874
51875
51876
51877
51878
51879
51880
51881
51882
51883
51884
51885
51886
51887
51888
51889
51890
51891
51892
51893
52834
52835
52836
52837
52838
52839
52840
52841
52842
52843
52844
52845
52846
52847
52848
52849
52850
52851
52852
52853
52854
53795
53796
53797
53798
53799
53800
53801
53802
53803
53804
53805
53806
53807
53808
53809
53810
53811
53812
53813
53814
53815
54756
54757
54758
54759
54760
54761
54762
54763
54764
54765
54766
54767
54768
54769
54770
54771
54772
54773
54774
54775
54776
55717
55718
55719
55720
55721
55722
55723
55724
55725
55726
55727
55728
55729
55730
55731
55732
55733
55734
55735
55736
55737
56678
56679
56680
56681
56682
56683
56684
56685
56686
56687
56688
56689
56690
56691
56692
56693
56694
56695
56696
56697
56698
57639
57640
57641
57642
57643
57644
57645
57646
57647
57648
57649
57650
57651
57652
57653
57654
57655
57656
57657
57658
57659
58600
58601
58602
58603
58604
58605
58606
58607
58608
58609
58610
58611
58612
58613
58614
58615
58616
58617
58618
58619
58620
59561
59562
59563
59564
59565
59566
59567
59568
59569
59570
59571
59572
59573
59574
59575
59576
59577
59578
59579
59580
59581
60522
60523
60524
60525
60526
60527
60528
60529
60530
60531
60532
60533
60534
60535
60536
60537
60538
60539
60540
60541
60542
61483
61484
61485
61486
61487
61488
61489
61490
61491
61492
61493
61494
61495
61496
61497
61498
61499
61500
61501
61502
61503
62444
62445
62446
62447
62448
62449
62450
62451
62452
62453
62454
62455
62456
62457
62458
62459
62460
62461
62462
62463
62464
63405
63406
63407
63408
63409
63410
63411
63412
63413
63414
63415
63416
63417
63418
63419
63420
63421
63422
63423
63424
63425
64366
64367
64368
64369
64370
64371
64372
64373
64374
64375
64376
64377
64378
64379
64380
64381
64382
64383
64384
64385
64386
65327
65328
65329
65330
65331
65332
65333
65334
65335
65336
65337
65338
65339
65340
65341
65342
65343
65344
65345
65346
65347
66287
66288
66289
66290
66291
66292
66293
66294
66295
66296
66297
66298
66299
66300
66301
66302
66303
66304
66305
66306
66307
66308
67248
67249
67250
67251
67252
67253
67254
67255
67256
67257
67258
67259
67260
67261
67262
67263
67264
67265
67266
67267
67268
67269
68209
68210
68211
68212
68213
68214
68215
68216
68217
68218
68219
68220
68221
68222
68223
68224
68225
68226
68227
68228
68229
68230
69170
69171
69172
69173
69174
69175
69176
69177
69178
69179
69180
69181
69182
69183
69184
69185
69186
69187
69188
69189
69190
69191
70131
70132
70133
70134
70135
70136
70137
70138
70139
70140
70141
70142
70143
70144
70145
70146
70147
70148
70149
70150
70151
70152
71092
71093
71094
71095
71096
71097
71098
71099
71100
71101
71102
71103
71104
71105
71106
71107
71108
71109
71110
71111
71112
71113
72053
72054
72055
72056
72057
72058
72059
72060
72061
72062
72063
72064
72065
72066
72067
72068
72069
72070
72071
72072
72073
72074
73014
73015
73016
73017
73018
73019
73020
73021
73022
73023
73024
73025
73026
73027
73028
73029
73030
73031
73032
73033
73034
73035
73975
73976
73977
73978
73979
73980
73981
73982
73983
73984
73985
73986
73987
73988
73989
73990
73991
73992
73993
73994
73995
73996
74936
74937
74938
74939
74940
74941
74942
74943
74944
74945
74946
74947
74948
74949
74950
74951
74952
74953
74954
74955
74956
74957
75897
75898
75899
75900
75901
75902
75903
75904
75905
75906
75907
75908
75909
75910
75911
75912
75913
75914
75915
75916
75917
75918
76858
76859
76860
76861
76862
76863
76864
76865
76866
76867
76868
76869
76870
76871
76872
76873
76874
76875
76876
76877
76878
76879
78384
78385
78386
78387
78388
78389
78390
78391
78392
78393
78394
78395
78396
78397
78398
78399
78400
78401
78402
78403
78404
79345
79346
79347
79348
79349
79350
79351
79352
79353
79354
79355
79356
79357
79358
79359
79360
79361
79362
79363
79364
79365
80306
80307
80308
80309
80310
80311
80312
80313
80314
80315
80316
80317
80318
80319
80320
80321
80322
80323
80324
80325
80326
81267
81268
81269
81270
81271
81272
81273
81274
81275
81276
81277
81278
81279
81280
81281
81282
81283
81284
81285
81286
81287
82228
82229
82230
82231
82232
82233
82234
82235
82236
82237
82238
82239
82240
82241
82242
82243
82244
82245
82246
82247
82248
83189
83190
83191
83192
83193
83194
83195
83196
83197
83198
83199
83200
83201
83202
83203
83204
83205
83206
83207
83208
83209
84150
84151
84152
84153
84154
84155
84156
84157
84158
84159
84160
84161
84162
84163
84164
84165
84166
84167
84168
84169
84170
85111
85112
85113
85114
85115
85116
85117
85118
85119
85120
85121
85122
85123
85124
85125
85126
85127
85128
85129
85130
85131
86072
86073
86074
86075
86076
86077
86078
86079
86080
86081
86082
86083
86084
86085
86086
86087
86088
86089
86090
86091
86092
87033
87034
87035
87036
87037
87038
87039
87040
87041
87042
87043
87044
87045
87046
87047
87048
87049
87050
87051
87052
87053
87994
87995
87996
87997
87998
87999
88000
88001
88002
88003
88004
88005
88006
88007
88008
88009
88010
88011
88012
88013
88014
88955
88956
88957
88958
88959
88960
88961
88962
88963
88964
88965
88966
88967
88968
88969
88970
88971
88972
88973
88974
88975
89916
89917
89918
89919
89920
89921
89922
89923
89924
89925
89926
89927
89928
89929
89930
89931
89932
89933
89934
89935
89936
90877
90878
90879
90880
90881
90882
90883
90884
90885
90886
90887
90888
90889
90890
90891
90892
90893
90894
90895
90896
90897
91838
91839
91840
91841
91842
91843
91844
91845
91846
91847
91848
91849
91850
91851
91852
91853
91854
91855
91856
91857
91858
92799
92800
92801
92802
92803
92804
92805
92806
92807
92808
92809
92810
92811
92812
92813
92814
92815
92816
92817
92818
92819
93760
93761
93762
93763
93764
93765
93766
93767
93768
93769
93770
93771
93772
93773
93774
93775
93776
93777
93778
93779
93780
94721
94722
94723
94724
94725
94726
94727
94728
94729
94730
94731
94732
94733
94734
94735
94736
94737
94738
94739
94740
94741
95682
95683
95684
95685
95686
95687
95688
95689
95690
95691
95692
95693
95694
95695
95696
95697
95698
95699
95700
95701
95702
96643
96644
96645
96646
96647
96648
96649
96650
96651
96652
96653
96654
96655
96656
96657
96658
96659
96660
96661
96662
96663
97604
97605
97606
97607
97608
97609
97610
97611
97612
97613
97614
97615
97616
97617
97618
97619
97620
97621
97622
97623
97624
98565
98566
98567
98568
98569
98570
98571
98572
98573
98574
98575
98576
98577
98578
98579
98580
98581
98582
98583
98584
98585
99526
99527
99528
99529
99530
99531
99532
99533
99534
99535
99536
99537
99538
99539
99540
99541
99542
99543
99544
99545
99546
100487
100488
100489
100490
100491
100492
100493
100494
100495
100496
100497
100498
100499
100500
100501
100502
100503
100504
100505
100506
100507
101448
101449
101450
101451
101452
101453
101454
101455
101456
101457
101458
101459
101460
101461
101462
101463
101464
101465
101466
101467
101468
102409
102410
102411
102412
102413
102414
102415
102416
102417
102418
102419
102420
102421
102422
102423
102424
102425
102426
102427
102428
102429
103370
103371
103372
103373
103374
103375
103376
103377
103378
103379
103380
103381
103382
103383
103384
103385
103386
103387
103388
103389
103390
104331
104332
104333
104334
104335
104336
104337
104338
104339
104340
104341
104342
104343
104344
104345
104346
104347
104348
104349
104350
104351
105292
105293
105294
105295
105296
105297
105298
105299
105300
105301
105302
105303
105304
105305
105306
105307
105308
105309
105310
105311
105312
106253
106254
106255
106256
106257
106258
106259
106260
106261
106262
106263
106264
106265
106266
106267
106268
106269
106270
106271
106272
106273
107214
107215
107216
107217
107218
107219
107220
107221
107222
107223
107224
107225
107226
107227
107228
107229
107230
107231
107232
107233
107234
108175
108176
108177
108178
108179
108180
108181
108182
108183
108184
108185
108186
108187
108188
108189
108190
108191
108192
108193
108194
108195
109136
109137
109138
109139
109140
109141
109142
109143
109144
109145
109146
109147
109148
109149
109150
109151
109152
109153
109154
109155
109156
110097
110098
110099
110100
110101
110102
110103
110104
110105
110106
110107
110108
110109
110110
110111
110112
110113
110114
110115
110116
110117
111058
111059
111060
111061
111062
111063
111064
111065
111066
111067
111068
111069
111070
111071
111072
111073
111074
111075
111076
111077
111078
112019
112020
112021
112022
112023
112024
112025
112026
112027
112028
112029
112030
112031
112032
112033
112034
112035
112036
112037
112038
112039
112980
112981
112982
112983
112984
112985
112986
112987
112988
112989
112990
112991
112992
112993
112994
112995
112996
112997
112998
112999
113000
113941
113942
113943
113944
113945
113946
113947
113948
113949
113950
113951
113952
113953
113954
113955
113956
113957
113958
113959
113960
113961
114902
114903
114904
114905
114906
114907
114908
114909
114910
114911
114912
114913
114914
114915
114916
114917
114918
114919
114920
114921
114922
115863
115864
115865
115866
115867
115868
115869
115870
115871
115872
115873
115874
115875
115876
115877
115878
115879
115880
115881
115882
115883
116824
116825
116826
116827
116828
116829
116830
116831
116832
116833
116834
116835
116836
116837
116838
116839
116840
116841
116842
116843
116844
117785
117786
117787
117788
117789
117790
117791
117792
117793
117794
117795
117796
117797
117798
117799
117800
117801
117802
117803
117804
117805
118746
118747
118748
118749
118750
118751
118752
118753
118754
118755
118756
118757
118758
118759
118760
118761
118762
118763
118764
118765
118766
119707
119708
119709
119710
119711
119712
119713
119714
119715
119716
119717
119718
119719
119720
119721
119722
119723
119724
119725
119726
119727
120668
120669
120670
120671
120672
120673
120674
120675
120676
120677
120678
120679
120680
120681
120682
120683
120684
120685
120686
120687
120688
121629
121630
121631
121632
121633
121634
121635
121636
121637
121638
121639
121640
121641
121642
121643
121644
121645
121646
121647
121648
121649
122590
122591
122592
122593
122594
122595
122596
122597
122598
122599
122600
122601
122602
122603
122604
122605
122606
122607
122608
122609
122610
123551
123552
123553
123554
123555
123556
123557
123558
123559
123560
123561
123562
123563
123564
123565
123566
123567
123568
123569
123570
123571
124512
124513
124514
124515
124516
124517
124518
124519
124520
124521
124522
124523
124524
124525
124526
124527
124528
124529
124530
124531
124532
125473
125474
125475
125476
125477
125478
125479
125480
125481
125482
125483
125484
125485
125486
125487
125488
125489
125490
125491
125492
125493
126434
126435
126436
126437
126438
126439
126440
126441
126442
126443
126444
126445
126446
126447
126448
126449
126450
126451
126452
126453
126454
127395
127396
127397
127398
127399
127400
127401
127402
127403
127404
127405
127406
127407
127408
127409
127410
127411
127412
127413
127414
127415
128356
128357
128358
128359
128360
128361
128362
128363
128364
128365
128366
128367
128368
128369
128370
128371
128372
128373
128374
128375
128376
129317
129318
129319
129320
129321
129322
129323
129324
129325
129326
129327
129328
129329
129330
129331
129332
129333
129334
129335
129336
129337
130278
130279
130280
130281
130282
130283
130284
130285
130286
130287
130288
130289
130290
130291
130292
130293
130294
130295
130296
130297
130298
131239
131240
131241
131242
131243
131244
131245
131246
131247
131248
131249
131250
131251
131252
131253
131254
131255
131256
131257
131258
131259
132200
132201
132202
132203
132204
132205
132206
132207
132208
132209
132210
132211
132212
132213
132214
132215
132216
132217
132218
132219
132220
133161
133162
133163
133164
133165
133166
133167
133168
133169
133170
133171
133172
133173
133174
133175
133176
133177
133178
133179
133180
133181
134122
134123
134124
134125
134126
134127
134128
134129
134130
134131
134132
134133
134134
134135
134136
134137
134138
134139
134140
134141
134142
135083
135084
135085
135086
135087
135088
135089
135090
135091
135092
135093
135094
135095
135096
135097
135098
135099
135100
135101
135102
135103
136044
136045
136046
136047
136048
136049
136050
136051
136052
136053
136054
136055
136056
136057
136058
136059
136060
136061
136062
136063
136064
137005
137006
137007
137008
137009
137010
137011
137012
137013
137014
137015
137016
137017
137018
137019
137020
137021
137022
137023
137024
137025
137966
137967
137968
137969
137970
137971
137972
137973
137974
137975
137976
137977
137978
137979
137980
137981
137982
137983
137984
137985
137986
138927
138928
138929
138930
138931
138932
138933
138934
138935
138936
138937
138938
138939
138940
138941
138942
138943
138944
138945
138946
138947
139888
139889
139890
139891
139892
139893
139894
139895
139896
139897
139898
139899
139900
139901
139902
139903
139904
139905
139906
139907
139908
140849
140850
140851
140852
140853
140854
140855
140856
140857
140858
140859
140860
140861
140862
140863
140864
140865
140866
140867
140868
140869
141810
141811
141812
141813
141814
141815
141816
141817
141818
141819
141820
141821
141822
141823
141824
141825
141826
141827
141828
141829
141830
142771
142772
142773
142774
142775
142776
142777
142778
142779
142780
142781
142782
142783
142784
142785
142786
142787
142788
142789
142790
142791
143731
143732
143733
143734
143735
143736
143737
143738
143739
143740
143741
143742
143743
143744
143745
143746
143747
143748
143749
143750
143751
143752
144692
144693
144694
144695
144696
144697
144698
144699
144700
144701
144702
144703
144704
144705
144706
144707
144708
144709
144710
144711
144712
144713
145653
145654
145655
145656
145657
145658
145659
145660
145661
145662
145663
145664
145665
145666
145667
145668
145669
145670
145671
145672
145673
145674
146614
146615
146616
146617
146618
146619
146620
146621
146622
146623
146624
146625
146626
146627
146628
146629
146630
146631
146632
146633
146634
146635
147575
147576
147577
147578
147579
147580
147581
147582
147583
147584
147585
147586
147587
147588
147589
147590
147591
147592
147593
147594
147595
147596
148536
148537
148538
148539
148540
148541
148542
148543
148544
148545
148546
148547
148548
148549
148550
148551
148552
148553
148554
148555
148556
148557
149497
149498
149499
149500
149501
149502
149503
149504
149505
149506
149507
149508
149509
149510
149511
149512
149513
149514
149515
149516
149517
149518
150458
150459
150460
150461
150462
150463
150464
150465
150466
150467
150468
150469
150470
150471
150472
150473
150474
150475
150476
150477
150478
150479
151419
151420
151421
151422
151423
151424
151425
151426
151427
151428
151429
151430
151431
151432
151433
151434
151435
151436
151437
151438
151439
151440
152380
152381
152382
152383
152384
152385
152386
152387
152388
152389
152390
152391
152392
152393
152394
152395
152396
152397
152398
152399
152400
152401
153341
153342
153343
153344
153345
153346
153347
153348
153349
153350
153351
153352
153353
153354
153355
153356
153357
153358
153359
153360
153361
153362
154302
154303
154304
154305
154306
154307
154308
154309
154310
154311
154312
154313
154314
154315
154316
154317
154318
154319
154320
154321
154322
154323
155870
155871
155872
155873
155874
155875
155876
155877
155878
155879
155880
155881
155882
155883
155884
155885
155886
155887
155888
155889
155890
)


// ************************************************************************* //
