/*--------------------------------*- C++ -*----------------------------------*\
| =========                 |                                                 |
| \\      /  F ield         | OpenFOAM: The Open Source CFD Toolbox           |
|  \\    /   O peration     | Version:  2.3.0                                 |
|   \\  /    A nd           | Web:      www.OpenFOAM.org                      |
|    \\/     M anipulation  |                                                 |
\*---------------------------------------------------------------------------*/
FoamFile
{
    version     2.0;
    format      ascii;
    class       labelList;
    location    "constant/polyMesh";
    object      faceProcAddressing;
}
// * * * * * * * * * * * * * * * * * * * * * * * * * * * * * * * * * * * * * //


6525
(
1078
1079
1080
1081
1082
1083
1084
1085
1086
1087
1088
1089
1090
1091
1092
1093
1094
1095
1096
1097
1098
1099
1100
1101
1102
1103
1104
1105
1106
1107
1108
1109
1110
1111
1112
1113
1114
1115
1117
2998
2999
3000
3001
3002
3003
3004
3005
3006
3007
3008
3009
3010
3011
3012
3013
3014
3015
3016
3017
3018
3019
3020
3021
3022
3023
3024
3025
3026
3027
3028
3029
3030
3031
3032
3033
3034
3035
3037
4918
4919
4920
4921
4922
4923
4924
4925
4926
4927
4928
4929
4930
4931
4932
4933
4934
4935
4936
4937
4938
4939
4940
4941
4942
4943
4944
4945
4946
4947
4948
4949
4950
4951
4952
4953
4954
4955
4957
6838
6839
6840
6841
6842
6843
6844
6845
6846
6847
6848
6849
6850
6851
6852
6853
6854
6855
6856
6857
6858
6859
6860
6861
6862
6863
6864
6865
6866
6867
6868
6869
6870
6871
6872
6873
6874
6875
6877
8758
8759
8760
8761
8762
8763
8764
8765
8766
8767
8768
8769
8770
8771
8772
8773
8774
8775
8776
8777
8778
8779
8780
8781
8782
8783
8784
8785
8786
8787
8788
8789
8790
8791
8792
8793
8794
8795
8797
10678
10679
10680
10681
10682
10683
10684
10685
10686
10687
10688
10689
10690
10691
10692
10693
10694
10695
10696
10697
10698
10699
10700
10701
10702
10703
10704
10705
10706
10707
10708
10709
10710
10711
10712
10713
10714
10715
10717
12598
12599
12600
12601
12602
12603
12604
12605
12606
12607
12608
12609
12610
12611
12612
12613
12614
12615
12616
12617
12618
12619
12620
12621
12622
12623
12624
12625
12626
12627
12628
12629
12630
12631
12632
12633
12634
12635
12637
14517
14518
14519
14520
14521
14522
14523
14524
14525
14526
14527
14528
14529
14530
14531
14532
14533
14534
14535
14536
14537
14538
14539
14540
14541
14542
14543
14544
14545
14546
14547
14548
14549
14550
14551
14552
14553
14554
14556
16436
16437
16438
16439
16440
16441
16442
16443
16444
16445
16446
16447
16448
16449
16450
16451
16452
16453
16454
16455
16456
16457
16458
16459
16460
16461
16462
16463
16464
16465
16466
16467
16468
16469
16470
16471
16472
16473
16475
18353
18354
18355
18356
18357
18358
18359
18360
18361
18362
18363
18364
18365
18366
18367
18368
18369
18370
18371
18372
18373
18374
18375
18376
18377
18378
18379
18380
18381
18382
18383
18384
18385
18386
18387
18388
18389
18390
18391
18392
18394
20272
20273
20274
20275
20276
20277
20278
20279
20280
20281
20282
20283
20284
20285
20286
20287
20288
20289
20290
20291
20292
20293
20294
20295
20296
20297
20298
20299
20300
20301
20302
20303
20304
20305
20306
20307
20308
20309
20310
20311
20313
22191
22192
22193
22194
22195
22196
22197
22198
22199
22200
22201
22202
22203
22204
22205
22206
22207
22208
22209
22210
22211
22212
22213
22214
22215
22216
22217
22218
22219
22220
22221
22222
22223
22224
22225
22226
22227
22228
22229
22230
22232
24110
24111
24112
24113
24114
24115
24116
24117
24118
24119
24120
24121
24122
24123
24124
24125
24126
24127
24128
24129
24130
24131
24132
24133
24134
24135
24136
24137
24138
24139
24140
24141
24142
24143
24144
24145
24146
24147
24148
24149
24151
26029
26030
26031
26032
26033
26034
26035
26036
26037
26038
26039
26040
26041
26042
26043
26044
26045
26046
26047
26048
26049
26050
26051
26052
26053
26054
26055
26056
26057
26058
26059
26060
26061
26062
26063
26064
26065
26066
26067
26068
26070
27948
27949
27950
27951
27952
27953
27954
27955
27956
27957
27958
27959
27960
27961
27962
27963
27964
27965
27966
27967
27968
27969
27970
27971
27972
27973
27974
27975
27976
27977
27978
27979
27980
27981
27982
27983
27984
27985
27986
27987
27989
29867
29868
29869
29870
29871
29872
29873
29874
29875
29876
29877
29878
29879
29880
29881
29882
29883
29884
29885
29886
29887
29888
29889
29890
29891
29892
29893
29894
29895
29896
29897
29898
29899
29900
29901
29902
29903
29904
29905
29906
29908
31786
31787
31788
31789
31790
31791
31792
31793
31794
31795
31796
31797
31798
31799
31800
31801
31802
31803
31804
31805
31806
31807
31808
31809
31810
31811
31812
31813
31814
31815
31816
31817
31818
31819
31820
31821
31822
31823
31824
31825
31827
33705
33706
33707
33708
33709
33710
33711
33712
33713
33714
33715
33716
33717
33718
33719
33720
33721
33722
33723
33724
33725
33726
33727
33728
33729
33730
33731
33732
33733
33734
33735
33736
33737
33738
33739
33740
33741
33742
33743
33744
33746
35624
35625
35626
35627
35628
35629
35630
35631
35632
35633
35634
35635
35636
35637
35638
35639
35640
35641
35642
35643
35644
35645
35646
35647
35648
35649
35650
35651
35652
35653
35654
35655
35656
35657
35658
35659
35660
35661
35662
35663
35665
37543
37544
37545
37546
37547
37548
37549
37550
37551
37552
37553
37554
37555
37556
37557
37558
37559
37560
37561
37562
37563
37564
37565
37566
37567
37568
37569
37570
37571
37572
37573
37574
37575
37576
37577
37578
37579
37580
37581
37582
39462
39463
39464
39465
39466
39467
39468
39469
39470
39471
39472
39473
39474
39475
39476
39477
39478
39479
39480
39481
39482
39483
39484
39485
39486
39487
39488
39489
39490
39491
39492
39493
39494
39495
39496
39497
39498
39499
39501
41381
41382
41383
41384
41385
41386
41387
41388
41389
41390
41391
41392
41393
41394
41395
41396
41397
41398
41399
41400
41401
41402
41403
41404
41405
41406
41407
41408
41409
41410
41411
41412
41413
41414
41415
41416
41417
41418
41420
43300
43301
43302
43303
43304
43305
43306
43307
43308
43309
43310
43311
43312
43313
43314
43315
43316
43317
43318
43319
43320
43321
43322
43323
43324
43325
43326
43327
43328
43329
43330
43331
43332
43333
43334
43335
43336
43337
43339
45219
45220
45221
45222
45223
45224
45225
45226
45227
45228
45229
45230
45231
45232
45233
45234
45235
45236
45237
45238
45239
45240
45241
45242
45243
45244
45245
45246
45247
45248
45249
45250
45251
45252
45253
45254
45255
45256
45258
47138
47139
47140
47141
47142
47143
47144
47145
47146
47147
47148
47149
47150
47151
47152
47153
47154
47155
47156
47157
47158
47159
47160
47161
47162
47163
47164
47165
47166
47167
47168
47169
47170
47171
47172
47173
47174
47175
47177
49057
49058
49059
49060
49061
49062
49063
49064
49065
49066
49067
49068
49069
49070
49071
49072
49073
49074
49075
49076
49077
49078
49079
49080
49081
49082
49083
49084
49085
49086
49087
49088
49089
49090
49091
49092
49093
49094
49096
50976
50977
50978
50979
50980
50981
50982
50983
50984
50985
50986
50987
50988
50989
50990
50991
50992
50993
50994
50995
50996
50997
50998
50999
51000
51001
51002
51003
51004
51005
51006
51007
51008
51009
51010
51011
51012
51013
51015
52895
52896
52897
52898
52899
52900
52901
52902
52903
52904
52905
52906
52907
52908
52909
52910
52911
52912
52913
52914
52915
52916
52917
52918
52919
52920
52921
52922
52923
52924
52925
52926
52927
52928
52929
52930
52931
52932
52934
54814
54815
54816
54817
54818
54819
54820
54821
54822
54823
54824
54825
54826
54827
54828
54829
54830
54831
54832
54833
54834
54835
54836
54837
54838
54839
54840
54841
54842
54843
54844
54845
54846
54847
54848
54849
54850
54851
54853
56733
56734
56735
56736
56737
56738
56739
56740
56741
56742
56743
56744
56745
56746
56747
56748
56749
56750
56751
56752
56753
56754
56755
56756
56757
56758
56759
56760
56761
56762
56763
56764
56765
56766
56767
56768
56769
56770
56772
58652
58653
58654
58655
58656
58657
58658
58659
58660
58661
58662
58663
58664
58665
58666
58667
58668
58669
58670
58671
58672
58673
58674
58675
58676
58677
58678
58679
58680
58681
58682
58683
58684
58685
58686
58687
58688
58689
58691
60571
60572
60573
60574
60575
60576
60577
60578
60579
60580
60581
60582
60583
60584
60585
60586
60587
60588
60589
60590
60591
60592
60593
60594
60595
60596
60597
60598
60599
60600
60601
60602
60603
60604
60605
60606
60607
60608
60610
62490
62491
62492
62493
62494
62495
62496
62497
62498
62499
62500
62501
62502
62503
62504
62505
62506
62507
62508
62509
62510
62511
62512
62513
62514
62515
62516
62517
62518
62519
62520
62521
62522
62523
62524
62525
62526
62527
62529
64409
64410
64411
64412
64413
64414
64415
64416
64417
64418
64419
64420
64421
64422
64423
64424
64425
64426
64427
64428
64429
64430
64431
64432
64433
64434
64435
64436
64437
64438
64439
64440
64441
64442
64443
64444
64445
64446
64448
66328
66329
66330
66331
66332
66333
66334
66335
66336
66337
66338
66339
66340
66341
66342
66343
66344
66345
66346
66347
66348
66349
66350
66351
66352
66353
66354
66355
66356
66357
66358
66359
66360
66361
66362
66363
66364
66365
66367
68247
68248
68249
68250
68251
68252
68253
68254
68255
68256
68257
68258
68259
68260
68261
68262
68263
68264
68265
68266
68267
68268
68269
68270
68271
68272
68273
68274
68275
68276
68277
68278
68279
68280
68281
68282
68283
68284
68286
70166
70167
70168
70169
70170
70171
70172
70173
70174
70175
70176
70177
70178
70179
70180
70181
70182
70183
70184
70185
70186
70187
70188
70189
70190
70191
70192
70193
70194
70195
70196
70197
70198
70199
70200
70201
70202
70203
70205
72085
72086
72087
72088
72089
72090
72091
72092
72093
72094
72095
72096
72097
72098
72099
72100
72101
72102
72103
72104
72105
72106
72107
72108
72109
72110
72111
72112
72113
72114
72115
72116
72117
72118
72119
72120
72121
72122
72124
74004
74005
74006
74007
74008
74009
74010
74011
74012
74013
74014
74015
74016
74017
74018
74019
74020
74021
74022
74023
74024
74025
74026
74027
74028
74029
74030
74031
74032
74033
74034
74035
74036
74037
74038
74039
74040
74041
74043
75924
75925
75926
75927
75928
75929
75930
75931
75932
75933
75934
75935
75936
75937
75938
75939
75940
75941
75942
75943
75944
75945
75946
75947
75948
75949
75950
75951
75952
75953
75954
75955
75956
75957
75958
75959
75960
75961
75963
77844
77845
77846
77847
77848
77849
77850
77851
77852
77853
77854
77855
77856
77857
77858
77859
77860
77861
77862
77863
77864
77865
77866
77867
77868
77869
77870
77871
77872
77873
77874
77875
77876
77877
77878
77879
77880
77881
77883
79764
79765
79766
79767
79768
79769
79770
79771
79772
79773
79774
79775
79776
79777
79778
79779
79780
79781
79782
79783
79784
79785
79786
79787
79788
79789
79790
79791
79792
79793
79794
79795
79796
79797
79798
79799
79800
79801
79803
81684
81685
81686
81687
81688
81689
81690
81691
81692
81693
81694
81695
81696
81697
81698
81699
81700
81701
81702
81703
81704
81705
81706
81707
81708
81709
81710
81711
81712
81713
81714
81715
81716
81717
81718
81719
81720
81721
81723
83604
83605
83606
83607
83608
83609
83610
83611
83612
83613
83614
83615
83616
83617
83618
83619
83620
83621
83622
83623
83624
83625
83626
83627
83628
83629
83630
83631
83632
83633
83634
83635
83636
83637
83638
83639
83640
83641
83643
85524
85525
85526
85527
85528
85529
85530
85531
85532
85533
85534
85535
85536
85537
85538
85539
85540
85541
85542
85543
85544
85545
85546
85547
85548
85549
85550
85551
85552
85553
85554
85555
85556
85557
85558
85559
85560
85561
85563
87444
87445
87446
87447
87448
87449
87450
87451
87452
87453
87454
87455
87456
87457
87458
87459
87460
87461
87462
87463
87464
87465
87466
87467
87468
87469
87470
87471
87472
87473
87474
87475
87476
87477
87478
87479
87480
87481
87483
89364
89365
89366
89367
89368
89369
89370
89371
89372
89373
89374
89375
89376
89377
89378
89379
89380
89381
89382
89383
89384
89385
89386
89387
89388
89389
89390
89391
89392
89393
89394
89395
89396
89397
89398
89399
89400
89401
89403
91284
91285
91286
91287
91288
91289
91290
91291
91292
91293
91294
91295
91296
91297
91298
91299
91300
91301
91302
91303
91304
91305
91306
91307
91308
91309
91310
91311
91312
91313
91314
91315
91316
91317
91318
91319
91320
91321
91323
93203
93204
93205
93206
93207
93208
93209
93210
93211
93212
93213
93214
93215
93216
93217
93218
93219
93220
93221
93222
93223
93224
93225
93226
93227
93228
93229
93230
93231
93232
93233
93234
93235
93236
93237
93238
93239
93240
93242
95122
95123
95124
95125
95126
95127
95128
95129
95130
95131
95132
95133
95134
95135
95136
95137
95138
95139
95140
95141
95142
95143
95144
95145
95146
95147
95148
95149
95150
95151
95152
95153
95154
95155
95156
95157
95158
95159
95161
97041
97042
97043
97044
97045
97046
97047
97048
97049
97050
97051
97052
97053
97054
97055
97056
97057
97058
97059
97060
97061
97062
97063
97064
97065
97066
97067
97068
97069
97070
97071
97072
97073
97074
97075
97076
97077
97078
97080
98960
98961
98962
98963
98964
98965
98966
98967
98968
98969
98970
98971
98972
98973
98974
98975
98976
98977
98978
98979
98980
98981
98982
98983
98984
98985
98986
98987
98988
98989
98990
98991
98992
98993
98994
98995
98996
98997
98999
100879
100880
100881
100882
100883
100884
100885
100886
100887
100888
100889
100890
100891
100892
100893
100894
100895
100896
100897
100898
100899
100900
100901
100902
100903
100904
100905
100906
100907
100908
100909
100910
100911
100912
100913
100914
100915
100916
100918
102798
102799
102800
102801
102802
102803
102804
102805
102806
102807
102808
102809
102810
102811
102812
102813
102814
102815
102816
102817
102818
102819
102820
102821
102822
102823
102824
102825
102826
102827
102828
102829
102830
102831
102832
102833
102834
102835
102837
104717
104718
104719
104720
104721
104722
104723
104724
104725
104726
104727
104728
104729
104730
104731
104732
104733
104734
104735
104736
104737
104738
104739
104740
104741
104742
104743
104744
104745
104746
104747
104748
104749
104750
104751
104752
104753
104754
104756
106636
106637
106638
106639
106640
106641
106642
106643
106644
106645
106646
106647
106648
106649
106650
106651
106652
106653
106654
106655
106656
106657
106658
106659
106660
106661
106662
106663
106664
106665
106666
106667
106668
106669
106670
106671
106672
106673
106675
108555
108556
108557
108558
108559
108560
108561
108562
108563
108564
108565
108566
108567
108568
108569
108570
108571
108572
108573
108574
108575
108576
108577
108578
108579
108580
108581
108582
108583
108584
108585
108586
108587
108588
108589
108590
108591
108592
108594
110474
110475
110476
110477
110478
110479
110480
110481
110482
110483
110484
110485
110486
110487
110488
110489
110490
110491
110492
110493
110494
110495
110496
110497
110498
110499
110500
110501
110502
110503
110504
110505
110506
110507
110508
110509
110510
110511
110513
112393
112394
112395
112396
112397
112398
112399
112400
112401
112402
112403
112404
112405
112406
112407
112408
112409
112410
112411
112412
112413
112414
112415
112416
112417
112418
112419
112420
112421
112422
112423
112424
112425
112426
112427
112428
112429
112430
112432
114312
114313
114314
114315
114316
114317
114318
114319
114320
114321
114322
114323
114324
114325
114326
114327
114328
114329
114330
114331
114332
114333
114334
114335
114336
114337
114338
114339
114340
114341
114342
114343
114344
114345
114346
114347
114348
114349
114351
116231
116232
116233
116234
116235
116236
116237
116238
116239
116240
116241
116242
116243
116244
116245
116246
116247
116248
116249
116250
116251
116252
116253
116254
116255
116256
116257
116258
116259
116260
116261
116262
116263
116264
116265
116266
116267
116268
116270
118150
118151
118152
118153
118154
118155
118156
118157
118158
118159
118160
118161
118162
118163
118164
118165
118166
118167
118168
118169
118170
118171
118172
118173
118174
118175
118176
118177
118178
118179
118180
118181
118182
118183
118184
118185
118186
118187
118189
120069
120070
120071
120072
120073
120074
120075
120076
120077
120078
120079
120080
120081
120082
120083
120084
120085
120086
120087
120088
120089
120090
120091
120092
120093
120094
120095
120096
120097
120098
120099
120100
120101
120102
120103
120104
120105
120106
120108
121988
121989
121990
121991
121992
121993
121994
121995
121996
121997
121998
121999
122000
122001
122002
122003
122004
122005
122006
122007
122008
122009
122010
122011
122012
122013
122014
122015
122016
122017
122018
122019
122020
122021
122022
122023
122024
122025
122027
123907
123908
123909
123910
123911
123912
123913
123914
123915
123916
123917
123918
123919
123920
123921
123922
123923
123924
123925
123926
123927
123928
123929
123930
123931
123932
123933
123934
123935
123936
123937
123938
123939
123940
123941
123942
123943
123944
123946
125826
125827
125828
125829
125830
125831
125832
125833
125834
125835
125836
125837
125838
125839
125840
125841
125842
125843
125844
125845
125846
125847
125848
125849
125850
125851
125852
125853
125854
125855
125856
125857
125858
125859
125860
125861
125862
125863
125865
127745
127746
127747
127748
127749
127750
127751
127752
127753
127754
127755
127756
127757
127758
127759
127760
127761
127762
127763
127764
127765
127766
127767
127768
127769
127770
127771
127772
127773
127774
127775
127776
127777
127778
127779
127780
127781
127782
127784
129664
129665
129666
129667
129668
129669
129670
129671
129672
129673
129674
129675
129676
129677
129678
129679
129680
129681
129682
129683
129684
129685
129686
129687
129688
129689
129690
129691
129692
129693
129694
129695
129696
129697
129698
129699
129700
129701
129703
131583
131584
131585
131586
131587
131588
131589
131590
131591
131592
131593
131594
131595
131596
131597
131598
131599
131600
131601
131602
131603
131604
131605
131606
131607
131608
131609
131610
131611
131612
131613
131614
131615
131616
131617
131618
131619
131620
131622
133502
133503
133504
133505
133506
133507
133508
133509
133510
133511
133512
133513
133514
133515
133516
133517
133518
133519
133520
133521
133522
133523
133524
133525
133526
133527
133528
133529
133530
133531
133532
133533
133534
133535
133536
133537
133538
133539
133541
135421
135422
135423
135424
135425
135426
135427
135428
135429
135430
135431
135432
135433
135434
135435
135436
135437
135438
135439
135440
135441
135442
135443
135444
135445
135446
135447
135448
135449
135450
135451
135452
135453
135454
135455
135456
135457
135458
135460
137340
137341
137342
137343
137344
137345
137346
137347
137348
137349
137350
137351
137352
137353
137354
137355
137356
137357
137358
137359
137360
137361
137362
137363
137364
137365
137366
137367
137368
137369
137370
137371
137372
137373
137374
137375
137376
137377
137379
139259
139260
139261
139262
139263
139264
139265
139266
139267
139268
139269
139270
139271
139272
139273
139274
139275
139276
139277
139278
139279
139280
139281
139282
139283
139284
139285
139286
139287
139288
139289
139290
139291
139292
139293
139294
139295
139296
139298
141178
141179
141180
141181
141182
141183
141184
141185
141186
141187
141188
141189
141190
141191
141192
141193
141194
141195
141196
141197
141198
141199
141200
141201
141202
141203
141204
141205
141206
141207
141208
141209
141210
141211
141212
141213
141214
141215
141217
143097
143098
143099
143100
143101
143102
143103
143104
143105
143106
143107
143108
143109
143110
143111
143112
143113
143114
143115
143116
143117
143118
143119
143120
143121
143122
143123
143124
143125
143126
143127
143128
143129
143130
143131
143132
143133
143134
143136
145016
145017
145018
145019
145020
145021
145022
145023
145024
145025
145026
145027
145028
145029
145030
145031
145032
145033
145034
145035
145036
145037
145038
145039
145040
145041
145042
145043
145044
145045
145046
145047
145048
145049
145050
145051
145052
145053
145055
146935
146936
146937
146938
146939
146940
146941
146942
146943
146944
146945
146946
146947
146948
146949
146950
146951
146952
146953
146954
146955
146956
146957
146958
146959
146960
146961
146962
146963
146964
146965
146966
146967
146968
146969
146970
146971
146972
146974
148854
148855
148856
148857
148858
148859
148860
148861
148862
148863
148864
148865
148866
148867
148868
148869
148870
148871
148872
148873
148874
148875
148876
148877
148878
148879
148880
148881
148882
148883
148884
148885
148886
148887
148888
148889
148890
148891
148893
150773
150774
150775
150776
150777
150778
150779
150780
150781
150782
150783
150784
150785
150786
150787
150788
150789
150790
150791
150792
150793
150794
150795
150796
150797
150798
150799
150800
150801
150802
150803
150804
150805
150806
150807
150808
150809
150810
150812
152155
152156
152157
152158
152159
152160
152161
152162
152163
152164
152165
152166
152167
152168
152169
152170
152171
152172
152173
154200
154201
154202
154203
154204
154205
154206
154207
154208
154209
154210
154211
154212
154213
154214
154215
154216
154217
154218
154219
155160
155161
155162
155163
155164
155165
155166
155167
155168
155169
155170
155171
155172
155173
155174
155175
155176
155177
155178
155179
156120
156121
156122
156123
156124
156125
156126
156127
156128
156129
156130
156131
156132
156133
156134
156135
156136
156137
156138
156139
157080
157081
157082
157083
157084
157085
157086
157087
157088
157089
157090
157091
157092
157093
157094
157095
157096
157097
157098
157099
158040
158041
158042
158043
158044
158045
158046
158047
158048
158049
158050
158051
158052
158053
158054
158055
158056
158057
158058
158059
159000
159001
159002
159003
159004
159005
159006
159007
159008
159009
159010
159011
159012
159013
159014
159015
159016
159017
159018
159019
159960
159961
159962
159963
159964
159965
159966
159967
159968
159969
159970
159971
159972
159973
159974
159975
159976
159977
159978
159979
160920
160921
160922
160923
160924
160925
160926
160927
160928
160929
160930
160931
160932
160933
160934
160935
160936
160937
160938
160939
161880
161881
161882
161883
161884
161885
161886
161887
161888
161889
161890
161891
161892
161893
161894
161895
161896
161897
161898
161899
162839
162840
162841
162842
162843
162844
162845
162846
162847
162848
162849
162850
162851
162852
162853
162854
162855
162856
162857
162858
162859
163799
163800
163801
163802
163803
163804
163805
163806
163807
163808
163809
163810
163811
163812
163813
163814
163815
163816
163817
163818
163819
164759
164760
164761
164762
164763
164764
164765
164766
164767
164768
164769
164770
164771
164772
164773
164774
164775
164776
164777
164778
164779
165719
165720
165721
165722
165723
165724
165725
165726
165727
165728
165729
165730
165731
165732
165733
165734
165735
165736
165737
165738
165739
166679
166680
166681
166682
166683
166684
166685
166686
166687
166688
166689
166690
166691
166692
166693
166694
166695
166696
166697
166698
166699
167639
167640
167641
167642
167643
167644
167645
167646
167647
167648
167649
167650
167651
167652
167653
167654
167655
167656
167657
167658
167659
168599
168600
168601
168602
168603
168604
168605
168606
168607
168608
168609
168610
168611
168612
168613
168614
168615
168616
168617
168618
168619
169559
169560
169561
169562
169563
169564
169565
169566
169567
169568
169569
169570
169571
169572
169573
169574
169575
169576
169577
169578
169579
170519
170520
170521
170522
170523
170524
170525
170526
170527
170528
170529
170530
170531
170532
170533
170534
170535
170536
170537
170538
170539
171479
171480
171481
171482
171483
171484
171485
171486
171487
171488
171489
171490
171491
171492
171493
171494
171495
171496
171497
171498
171499
172439
172440
172441
172442
172443
172444
172445
172446
172447
172448
172449
172450
172451
172452
172453
172454
172455
172456
172457
172458
172459
173399
173400
173401
173402
173403
173404
173405
173406
173407
173408
173409
173410
173411
173412
173413
173414
173415
173416
173417
173418
174359
174360
174361
174362
174363
174364
174365
174366
174367
174368
174369
174370
174371
174372
174373
174374
174375
174376
174377
174378
175319
175320
175321
175322
175323
175324
175325
175326
175327
175328
175329
175330
175331
175332
175333
175334
175335
175336
175337
175338
176279
176280
176281
176282
176283
176284
176285
176286
176287
176288
176289
176290
176291
176292
176293
176294
176295
176296
176297
176298
177239
177240
177241
177242
177243
177244
177245
177246
177247
177248
177249
177250
177251
177252
177253
177254
177255
177256
177257
177258
178199
178200
178201
178202
178203
178204
178205
178206
178207
178208
178209
178210
178211
178212
178213
178214
178215
178216
178217
178218
179159
179160
179161
179162
179163
179164
179165
179166
179167
179168
179169
179170
179171
179172
179173
179174
179175
179176
179177
179178
180119
180120
180121
180122
180123
180124
180125
180126
180127
180128
180129
180130
180131
180132
180133
180134
180135
180136
180137
180138
181079
181080
181081
181082
181083
181084
181085
181086
181087
181088
181089
181090
181091
181092
181093
181094
181095
181096
181097
181098
182039
182040
182041
182042
182043
182044
182045
182046
182047
182048
182049
182050
182051
182052
182053
182054
182055
182056
182057
182058
182999
183000
183001
183002
183003
183004
183005
183006
183007
183008
183009
183010
183011
183012
183013
183014
183015
183016
183017
183018
183959
183960
183961
183962
183963
183964
183965
183966
183967
183968
183969
183970
183971
183972
183973
183974
183975
183976
183977
183978
184919
184920
184921
184922
184923
184924
184925
184926
184927
184928
184929
184930
184931
184932
184933
184934
184935
184936
184937
184938
185879
185880
185881
185882
185883
185884
185885
185886
185887
185888
185889
185890
185891
185892
185893
185894
185895
185896
185897
185898
186839
186840
186841
186842
186843
186844
186845
186846
186847
186848
186849
186850
186851
186852
186853
186854
186855
186856
186857
186858
187799
187800
187801
187802
187803
187804
187805
187806
187807
187808
187809
187810
187811
187812
187813
187814
187815
187816
187817
187818
188759
188760
188761
188762
188763
188764
188765
188766
188767
188768
188769
188770
188771
188772
188773
188774
188775
188776
188777
188778
189719
189720
189721
189722
189723
189724
189725
189726
189727
189728
189729
189730
189731
189732
189733
189734
189735
189736
189737
189738
190679
190680
190681
190682
190683
190684
190685
190686
190687
190688
190689
190690
190691
190692
190693
190694
190695
190696
190697
190698
191639
191640
191641
191642
191643
191644
191645
191646
191647
191648
191649
191650
191651
191652
191653
191654
191655
191656
191657
191658
192599
192600
192601
192602
192603
192604
192605
192606
192607
192608
192609
192610
192611
192612
192613
192614
192615
192616
192617
192618
193559
193560
193561
193562
193563
193564
193565
193566
193567
193568
193569
193570
193571
193572
193573
193574
193575
193576
193577
193578
194519
194520
194521
194522
194523
194524
194525
194526
194527
194528
194529
194530
194531
194532
194533
194534
194535
194536
194537
194538
195479
195480
195481
195482
195483
195484
195485
195486
195487
195488
195489
195490
195491
195492
195493
195494
195495
195496
195497
195498
196439
196440
196441
196442
196443
196444
196445
196446
196447
196448
196449
196450
196451
196452
196453
196454
196455
196456
196457
196458
197399
197400
197401
197402
197403
197404
197405
197406
197407
197408
197409
197410
197411
197412
197413
197414
197415
197416
197417
197418
198359
198360
198361
198362
198363
198364
198365
198366
198367
198368
198369
198370
198371
198372
198373
198374
198375
198376
198377
198378
199319
199320
199321
199322
199323
199324
199325
199326
199327
199328
199329
199330
199331
199332
199333
199334
199335
199336
199337
199338
200279
200280
200281
200282
200283
200284
200285
200286
200287
200288
200289
200290
200291
200292
200293
200294
200295
200296
200297
200298
201239
201240
201241
201242
201243
201244
201245
201246
201247
201248
201249
201250
201251
201252
201253
201254
201255
201256
201257
201258
202199
202200
202201
202202
202203
202204
202205
202206
202207
202208
202209
202210
202211
202212
202213
202214
202215
202216
202217
202218
203159
203160
203161
203162
203163
203164
203165
203166
203167
203168
203169
203170
203171
203172
203173
203174
203175
203176
203177
203178
204119
204120
204121
204122
204123
204124
204125
204126
204127
204128
204129
204130
204131
204132
204133
204134
204135
204136
204137
204138
205079
205080
205081
205082
205083
205084
205085
205086
205087
205088
205089
205090
205091
205092
205093
205094
205095
205096
205097
205098
206039
206040
206041
206042
206043
206044
206045
206046
206047
206048
206049
206050
206051
206052
206053
206054
206055
206056
206057
206058
206999
207000
207001
207002
207003
207004
207005
207006
207007
207008
207009
207010
207011
207012
207013
207014
207015
207016
207017
207018
207959
207960
207961
207962
207963
207964
207965
207966
207967
207968
207969
207970
207971
207972
207973
207974
207975
207976
207977
207978
208919
208920
208921
208922
208923
208924
208925
208926
208927
208928
208929
208930
208931
208932
208933
208934
208935
208936
208937
208938
209879
209880
209881
209882
209883
209884
209885
209886
209887
209888
209889
209890
209891
209892
209893
209894
209895
209896
209897
209898
210839
210840
210841
210842
210843
210844
210845
210846
210847
210848
210849
210850
210851
210852
210853
210854
210855
210856
210857
210858
211799
211800
211801
211802
211803
211804
211805
211806
211807
211808
211809
211810
211811
211812
211813
211814
211815
211816
211817
211818
212759
212760
212761
212762
212763
212764
212765
212766
212767
212768
212769
212770
212771
212772
212773
212774
212775
212776
212777
212778
213719
213720
213721
213722
213723
213724
213725
213726
213727
213728
213729
213730
213731
213732
213733
213734
213735
213736
213737
213738
214679
214680
214681
214682
214683
214684
214685
214686
214687
214688
214689
214690
214691
214692
214693
214694
214695
214696
214697
214698
215639
215640
215641
215642
215643
215644
215645
215646
215647
215648
215649
215650
215651
215652
215653
215654
215655
215656
215657
215658
216599
216600
216601
216602
216603
216604
216605
216606
216607
216608
216609
216610
216611
216612
216613
216614
216615
216616
216617
216618
217559
217560
217561
217562
217563
217564
217565
217566
217567
217568
217569
217570
217571
217572
217573
217574
217575
217576
217577
217578
218519
218520
218521
218522
218523
218524
218525
218526
218527
218528
218529
218530
218531
218532
218533
218534
218535
218536
218537
218538
219479
219480
219481
219482
219483
219484
219485
219486
219487
219488
219489
219490
219491
219492
219493
219494
219495
219496
219497
219498
220439
220440
220441
220442
220443
220444
220445
220446
220447
220448
220449
220450
220451
220452
220453
220454
220455
220456
220457
220458
221399
221400
221401
221402
221403
221404
221405
221406
221407
221408
221409
221410
221411
221412
221413
221414
221415
221416
221417
221418
222359
222360
222361
222362
222363
222364
222365
222366
222367
222368
222369
222370
222371
222372
222373
222374
222375
222376
222377
222378
223319
223320
223321
223322
223323
223324
223325
223326
223327
223328
223329
223330
223331
223332
223333
223334
223335
223336
223337
223338
224279
224280
224281
224282
224283
224284
224285
224286
224287
224288
224289
224290
224291
224292
224293
224294
224295
224296
224297
224298
225239
225240
225241
225242
225243
225244
225245
225246
225247
225248
225249
225250
225251
225252
225253
225254
225255
225256
225257
225258
226199
226200
226201
226202
226203
226204
226205
226206
226207
226208
226209
226210
226211
226212
226213
226214
226215
226216
226217
226218
227159
227160
227161
227162
227163
227164
227165
227166
227167
227168
227169
227170
227171
227172
227173
227174
227175
227176
227177
227178
228119
228120
228121
228122
228123
228124
228125
228126
228127
228128
228129
228130
228131
228132
228133
228134
228135
228136
228137
228138
229079
229080
229081
229082
229083
229084
229085
229086
229087
229088
229089
229090
229091
229092
229093
229094
229095
229096
229097
229098
230039
230040
230041
230042
230043
230044
230045
230046
230047
230048
230049
230050
230051
230052
230053
230054
230055
230056
230057
230058
231537
231538
231539
231540
231541
231542
231543
231544
231545
231546
231547
231548
231549
231550
231551
231552
231553
231554
231555
231556
232497
232498
232499
232500
232501
232502
232503
232504
232505
232506
232507
232508
232509
232510
232511
232512
232513
232514
232515
232516
233457
233458
233459
233460
233461
233462
233463
233464
233465
233466
233467
233468
233469
233470
233471
233472
233473
233474
233475
233476
234417
234418
234419
234420
234421
234422
234423
234424
234425
234426
234427
234428
234429
234430
234431
234432
234433
234434
234435
234436
235377
235378
235379
235380
235381
235382
235383
235384
235385
235386
235387
235388
235389
235390
235391
235392
235393
235394
235395
235396
236337
236338
236339
236340
236341
236342
236343
236344
236345
236346
236347
236348
236349
236350
236351
236352
236353
236354
236355
236356
237297
237298
237299
237300
237301
237302
237303
237304
237305
237306
237307
237308
237309
237310
237311
237312
237313
237314
237315
237316
238257
238258
238259
238260
238261
238262
238263
238264
238265
238266
238267
238268
238269
238270
238271
238272
238273
238274
238275
238276
239217
239218
239219
239220
239221
239222
239223
239224
239225
239226
239227
239228
239229
239230
239231
239232
239233
239234
239235
239236
240176
240177
240178
240179
240180
240181
240182
240183
240184
240185
240186
240187
240188
240189
240190
240191
240192
240193
240194
240195
240196
241136
241137
241138
241139
241140
241141
241142
241143
241144
241145
241146
241147
241148
241149
241150
241151
241152
241153
241154
241155
241156
242096
242097
242098
242099
242100
242101
242102
242103
242104
242105
242106
242107
242108
242109
242110
242111
242112
242113
242114
242115
242116
243056
243057
243058
243059
243060
243061
243062
243063
243064
243065
243066
243067
243068
243069
243070
243071
243072
243073
243074
243075
243076
244016
244017
244018
244019
244020
244021
244022
244023
244024
244025
244026
244027
244028
244029
244030
244031
244032
244033
244034
244035
244036
244976
244977
244978
244979
244980
244981
244982
244983
244984
244985
244986
244987
244988
244989
244990
244991
244992
244993
244994
244995
244996
245936
245937
245938
245939
245940
245941
245942
245943
245944
245945
245946
245947
245948
245949
245950
245951
245952
245953
245954
245955
245956
246896
246897
246898
246899
246900
246901
246902
246903
246904
246905
246906
246907
246908
246909
246910
246911
246912
246913
246914
246915
246916
247856
247857
247858
247859
247860
247861
247862
247863
247864
247865
247866
247867
247868
247869
247870
247871
247872
247873
247874
247875
247876
248816
248817
248818
248819
248820
248821
248822
248823
248824
248825
248826
248827
248828
248829
248830
248831
248832
248833
248834
248835
248836
249776
249777
249778
249779
249780
249781
249782
249783
249784
249785
249786
249787
249788
249789
249790
249791
249792
249793
249794
249795
249796
250736
250737
250738
250739
250740
250741
250742
250743
250744
250745
250746
250747
250748
250749
250750
250751
250752
250753
250754
250755
251696
251697
251698
251699
251700
251701
251702
251703
251704
251705
251706
251707
251708
251709
251710
251711
251712
251713
251714
251715
252656
252657
252658
252659
252660
252661
252662
252663
252664
252665
252666
252667
252668
252669
252670
252671
252672
252673
252674
252675
253616
253617
253618
253619
253620
253621
253622
253623
253624
253625
253626
253627
253628
253629
253630
253631
253632
253633
253634
253635
254576
254577
254578
254579
254580
254581
254582
254583
254584
254585
254586
254587
254588
254589
254590
254591
254592
254593
254594
254595
255536
255537
255538
255539
255540
255541
255542
255543
255544
255545
255546
255547
255548
255549
255550
255551
255552
255553
255554
255555
256496
256497
256498
256499
256500
256501
256502
256503
256504
256505
256506
256507
256508
256509
256510
256511
256512
256513
256514
256515
257456
257457
257458
257459
257460
257461
257462
257463
257464
257465
257466
257467
257468
257469
257470
257471
257472
257473
257474
257475
258416
258417
258418
258419
258420
258421
258422
258423
258424
258425
258426
258427
258428
258429
258430
258431
258432
258433
258434
258435
259376
259377
259378
259379
259380
259381
259382
259383
259384
259385
259386
259387
259388
259389
259390
259391
259392
259393
259394
259395
260336
260337
260338
260339
260340
260341
260342
260343
260344
260345
260346
260347
260348
260349
260350
260351
260352
260353
260354
260355
261296
261297
261298
261299
261300
261301
261302
261303
261304
261305
261306
261307
261308
261309
261310
261311
261312
261313
261314
261315
262256
262257
262258
262259
262260
262261
262262
262263
262264
262265
262266
262267
262268
262269
262270
262271
262272
262273
262274
262275
263216
263217
263218
263219
263220
263221
263222
263223
263224
263225
263226
263227
263228
263229
263230
263231
263232
263233
263234
263235
264176
264177
264178
264179
264180
264181
264182
264183
264184
264185
264186
264187
264188
264189
264190
264191
264192
264193
264194
264195
265136
265137
265138
265139
265140
265141
265142
265143
265144
265145
265146
265147
265148
265149
265150
265151
265152
265153
265154
265155
266096
266097
266098
266099
266100
266101
266102
266103
266104
266105
266106
266107
266108
266109
266110
266111
266112
266113
266114
266115
267056
267057
267058
267059
267060
267061
267062
267063
267064
267065
267066
267067
267068
267069
267070
267071
267072
267073
267074
267075
268016
268017
268018
268019
268020
268021
268022
268023
268024
268025
268026
268027
268028
268029
268030
268031
268032
268033
268034
268035
268976
268977
268978
268979
268980
268981
268982
268983
268984
268985
268986
268987
268988
268989
268990
268991
268992
268993
268994
268995
269936
269937
269938
269939
269940
269941
269942
269943
269944
269945
269946
269947
269948
269949
269950
269951
269952
269953
269954
269955
270896
270897
270898
270899
270900
270901
270902
270903
270904
270905
270906
270907
270908
270909
270910
270911
270912
270913
270914
270915
271856
271857
271858
271859
271860
271861
271862
271863
271864
271865
271866
271867
271868
271869
271870
271871
271872
271873
271874
271875
272816
272817
272818
272819
272820
272821
272822
272823
272824
272825
272826
272827
272828
272829
272830
272831
272832
272833
272834
272835
273776
273777
273778
273779
273780
273781
273782
273783
273784
273785
273786
273787
273788
273789
273790
273791
273792
273793
273794
273795
274736
274737
274738
274739
274740
274741
274742
274743
274744
274745
274746
274747
274748
274749
274750
274751
274752
274753
274754
274755
275696
275697
275698
275699
275700
275701
275702
275703
275704
275705
275706
275707
275708
275709
275710
275711
275712
275713
275714
275715
276656
276657
276658
276659
276660
276661
276662
276663
276664
276665
276666
276667
276668
276669
276670
276671
276672
276673
276674
276675
277616
277617
277618
277619
277620
277621
277622
277623
277624
277625
277626
277627
277628
277629
277630
277631
277632
277633
277634
277635
278576
278577
278578
278579
278580
278581
278582
278583
278584
278585
278586
278587
278588
278589
278590
278591
278592
278593
278594
278595
279536
279537
279538
279539
279540
279541
279542
279543
279544
279545
279546
279547
279548
279549
279550
279551
279552
279553
279554
279555
280496
280497
280498
280499
280500
280501
280502
280503
280504
280505
280506
280507
280508
280509
280510
280511
280512
280513
280514
280515
281456
281457
281458
281459
281460
281461
281462
281463
281464
281465
281466
281467
281468
281469
281470
281471
281472
281473
281474
281475
282416
282417
282418
282419
282420
282421
282422
282423
282424
282425
282426
282427
282428
282429
282430
282431
282432
282433
282434
282435
283376
283377
283378
283379
283380
283381
283382
283383
283384
283385
283386
283387
283388
283389
283390
283391
283392
283393
283394
283395
284336
284337
284338
284339
284340
284341
284342
284343
284344
284345
284346
284347
284348
284349
284350
284351
284352
284353
284354
284355
285296
285297
285298
285299
285300
285301
285302
285303
285304
285305
285306
285307
285308
285309
285310
285311
285312
285313
285314
285315
286256
286257
286258
286259
286260
286261
286262
286263
286264
286265
286266
286267
286268
286269
286270
286271
286272
286273
286274
286275
287216
287217
287218
287219
287220
287221
287222
287223
287224
287225
287226
287227
287228
287229
287230
287231
287232
287233
287234
287235
288176
288177
288178
288179
288180
288181
288182
288183
288184
288185
288186
288187
288188
288189
288190
288191
288192
288193
288194
288195
289136
289137
289138
289139
289140
289141
289142
289143
289144
289145
289146
289147
289148
289149
289150
289151
289152
289153
289154
289155
290096
290097
290098
290099
290100
290101
290102
290103
290104
290105
290106
290107
290108
290109
290110
290111
290112
290113
290114
290115
291056
291057
291058
291059
291060
291061
291062
291063
291064
291065
291066
291067
291068
291069
291070
291071
291072
291073
291074
291075
292016
292017
292018
292019
292020
292021
292022
292023
292024
292025
292026
292027
292028
292029
292030
292031
292032
292033
292034
292035
292976
292977
292978
292979
292980
292981
292982
292983
292984
292985
292986
292987
292988
292989
292990
292991
292992
292993
292994
292995
293936
293937
293938
293939
293940
293941
293942
293943
293944
293945
293946
293947
293948
293949
293950
293951
293952
293953
293954
293955
294896
294897
294898
294899
294900
294901
294902
294903
294904
294905
294906
294907
294908
294909
294910
294911
294912
294913
294914
294915
295856
295857
295858
295859
295860
295861
295862
295863
295864
295865
295866
295867
295868
295869
295870
295871
295872
295873
295874
295875
296816
296817
296818
296819
296820
296821
296822
296823
296824
296825
296826
296827
296828
296829
296830
296831
296832
296833
296834
296835
297776
297777
297778
297779
297780
297781
297782
297783
297784
297785
297786
297787
297788
297789
297790
297791
297792
297793
297794
297795
298736
298737
298738
298739
298740
298741
298742
298743
298744
298745
298746
298747
298748
298749
298750
298751
298752
298753
298754
298755
299696
299697
299698
299699
299700
299701
299702
299703
299704
299705
299706
299707
299708
299709
299710
299711
299712
299713
299714
299715
300656
300657
300658
300659
300660
300661
300662
300663
300664
300665
300666
300667
300668
300669
300670
300671
300672
300673
300674
300675
301616
301617
301618
301619
301620
301621
301622
301623
301624
301625
301626
301627
301628
301629
301630
301631
301632
301633
301634
301635
302576
302577
302578
302579
302580
302581
302582
302583
302584
302585
302586
302587
302588
302589
302590
302591
302592
302593
302594
302595
303536
303537
303538
303539
303540
303541
303542
303543
303544
303545
303546
303547
303548
303549
303550
303551
303552
303553
303554
303555
304496
304497
304498
304499
304500
304501
304502
304503
304504
304505
304506
304507
304508
304509
304510
304511
304512
304513
304514
304515
305456
305457
305458
305459
305460
305461
305462
305463
305464
305465
305466
305467
305468
305469
305470
305471
305472
305473
305474
305475
306416
306417
306418
306419
306420
306421
306422
306423
306424
306425
306426
306427
306428
306429
306430
306431
306432
306433
306434
306435
307376
307377
307378
307379
307380
307381
307382
307383
307384
307385
307386
307387
307388
307389
307390
307391
307392
307393
307394
307395
309033
309034
309035
309036
309037
309038
309039
309040
309041
309042
309043
309044
309045
309046
309047
309048
309049
309050
309051
309052
-1076
-2996
-4916
-6836
-8756
-10676
-12596
-14515
-16434
-16435
-18351
-20270
-22189
-24108
-26027
-27946
-29865
-31784
-33703
-35622
-37541
-39460
-41379
-43298
-45217
-47136
-49055
-50974
-52893
-54812
-56731
-58650
-60569
-62488
-64407
-66326
-68245
-70164
-72083
-74002
-75922
-77842
-79762
-81682
-83602
-85522
-87442
-89362
-91282
-93201
-95120
-97039
-98958
-100877
-102796
-104715
-106634
-108553
-110472
-112391
-114310
-116229
-118148
-120067
-121986
-123905
-125824
-127743
-129662
-131581
-133500
-135419
-137338
-139257
-141176
-143095
-145014
-146933
-148852
-150771
-152154
1116
3036
4956
6876
8796
10716
12636
14555
16474
18393
20312
22231
24150
26069
27988
29907
31826
33745
35664
37583
37584
39500
41419
43338
45257
47176
49095
51014
52933
54852
56771
58690
60609
62528
64447
66366
68285
70204
72123
74042
75962
77882
79802
81722
83642
85562
87482
89402
91322
93241
95160
97079
98998
100917
102836
104755
106674
108593
110512
112431
114350
116269
118188
120107
122026
123945
125864
127783
129702
131621
133540
135459
137378
139297
141216
143135
145054
146973
148892
150811
152174
)


// ************************************************************************* //
