0.05    1.61840705999e-07
0.1    2.99277288954e-07
0.15    5.64451083189e-07
0.2    7.83379666019e-07
0.25    9.08230758509e-07
0.3    1.02042929005e-06
0.35    1.19342350259e-06
0.4    1.52042131834e-06
0.45    1.6286913155e-06
0.5    1.68896731416e-06
0.55    1.71412044423e-06
0.6    1.77860933445e-06
0.65    1.68981855008e-06
0.7    1.68754864515e-06
0.75    1.6823404449e-06
0.8    1.7134465722e-06
0.85    1.73025688678e-06
0.9    1.63146935174e-06
0.95    1.55756884463e-06
1    1.62621904968e-06
1.05    1.66195537058e-06
1.1    1.65749572373e-06
1.15    1.61199401396e-06
1.2    1.59380834329e-06
1.25    1.6555608772e-06
1.3    1.67986059445e-06
1.35    1.70583132165e-06
1.4    1.6435472375e-06
1.45    1.58496460469e-06
1.5    1.60253383085e-06
1.55    1.75543772058e-06
1.6    1.72629524196e-06
1.65    1.6530679006e-06
1.7    1.64805263854e-06
1.75    1.65970116686e-06
1.8    1.63877500964e-06
1.85    1.72022126659e-06
1.9    1.71955831637e-06
1.95    1.670467444e-06
2    1.62715489981e-06
2.05    1.63620333527e-06
2.1    1.69644481881e-06
2.15    1.64424119728e-06
2.2    1.57725184197e-06
2.25    1.63658294254e-06
2.3    1.61780037049e-06
2.35    1.61128347909e-06
2.4    1.51782472021e-06
2.45    1.55490226493e-06
2.5    1.558151224e-06
2.55    1.51841559175e-06
2.6    1.46402724447e-06
2.65    1.49843625489e-06
2.7    1.53020591493e-06
2.75    1.5699267058e-06
2.8    1.59731063314e-06
2.85    1.66033235302e-06
2.9    1.66517757154e-06
2.95    1.62453353812e-06
3    1.54005993832e-06
3.05    1.54001639914e-06
3.1    1.57220541533e-06
3.15    1.56224142101e-06
3.2    1.55466353601e-06
3.25    1.6003736487e-06
3.3    1.65042603217e-06
3.35    1.61185160872e-06
3.4    1.5851647064e-06
3.45    1.61946789315e-06
3.5    1.5629148133e-06
3.55    1.60035870139e-06
3.6    1.56093743552e-06
3.65    1.61658403318e-06
3.7    1.56070100076e-06
3.75    1.59317293464e-06
3.8    1.63044472832e-06
3.85    1.61835017103e-06
3.9    1.60005754062e-06
3.95    1.5549044617e-06
4    1.59180729008e-06
4.05    1.59516969326e-06
4.1    1.50328403476e-06
4.15    1.46620238543e-06
4.2    1.48283919883e-06
4.25    1.50880309226e-06
4.3    1.54175899561e-06
4.35    1.53033304834e-06
4.4    1.51422005134e-06
4.45    1.53113546194e-06
4.5    1.53997103778e-06
4.55    1.53452741933e-06
4.6    1.50646526139e-06
4.65    1.54222770917e-06
4.7    1.58290132359e-06
4.75    1.60849983295e-06
4.8    1.54582286045e-06
4.85    1.54638912766e-06
4.9    1.50701141221e-06
4.95    1.44896248514e-06
5    1.52865662141e-06
5.05    1.50840730718e-06
5.1    1.51822179058e-06
5.15    1.44043747672e-06
5.2    1.45652831509e-06
5.25    1.40137157347e-06
5.3    1.55930860365e-06
5.35    1.50512594679e-06
5.4    1.46007741671e-06
5.45    1.50361420982e-06
5.5    1.55197899612e-06
5.55    1.5582095426e-06
5.6    1.51774538618e-06
5.65    1.46559527906e-06
5.7    1.49279588414e-06
5.75    1.44425855722e-06
5.8    1.44836201584e-06
5.85    1.49618668493e-06
5.9    1.4930613106e-06
5.95    1.46707108074e-06
6    1.46476404508e-06
6.05    1.38925710309e-06
6.1    1.3836297362e-06
6.15    1.44473166013e-06
6.2    1.38840273426e-06
6.25    1.38225395421e-06
6.3    1.41426226494e-06
6.35    1.46496114028e-06
6.4    1.41093593274e-06
6.45    1.42171172308e-06
6.5    1.38760954502e-06
6.55    1.38829202568e-06
6.6    1.47388109753e-06
6.65    1.45853064238e-06
6.7    1.51299531628e-06
6.75    1.54399669657e-06
6.8    1.43023992706e-06
6.85    1.46333976184e-06
6.9    1.47799630931e-06
6.95    1.51447900187e-06
7    1.44992907377e-06
7.05    1.43067591875e-06
7.1    1.44616763562e-06
7.15    1.44482301319e-06
7.2    1.47089384447e-06
7.25    1.4113207456e-06
7.3    1.44244926468e-06
7.35    1.49282781798e-06
7.4    1.5108108562e-06
7.45    1.51967348047e-06
7.5    1.46168417286e-06
7.55    1.43934763108e-06
7.6    1.47588289318e-06
7.65    1.5018550598e-06
7.7    1.50566132709e-06
7.75    1.48155235085e-06
7.8    1.42493241554e-06
7.85    1.41814755714e-06
7.9    1.45751692765e-06
7.95    1.45850829369e-06
8    1.43512428945e-06
