/*--------------------------------*- C++ -*----------------------------------*\
| =========                 |                                                 |
| \\      /  F ield         | OpenFOAM: The Open Source CFD Toolbox           |
|  \\    /   O peration     | Version:  2.3.0                                 |
|   \\  /    A nd           | Web:      www.OpenFOAM.org                      |
|    \\/     M anipulation  |                                                 |
\*---------------------------------------------------------------------------*/
FoamFile
{
    version     2.0;
    format      ascii;
    class       labelList;
    location    "constant/polyMesh";
    object      faceProcAddressing;
}
// * * * * * * * * * * * * * * * * * * * * * * * * * * * * * * * * * * * * * //


6525
(
1642
1643
1644
1645
1646
1647
1648
1649
1650
1651
1652
1653
1654
1655
1656
1657
1658
1659
1660
1661
1662
1663
1664
1665
1666
1667
1668
1669
1670
1671
1672
1673
1674
1675
1676
1677
1678
1679
1681
3562
3563
3564
3565
3566
3567
3568
3569
3570
3571
3572
3573
3574
3575
3576
3577
3578
3579
3580
3581
3582
3583
3584
3585
3586
3587
3588
3589
3590
3591
3592
3593
3594
3595
3596
3597
3598
3599
3601
5482
5483
5484
5485
5486
5487
5488
5489
5490
5491
5492
5493
5494
5495
5496
5497
5498
5499
5500
5501
5502
5503
5504
5505
5506
5507
5508
5509
5510
5511
5512
5513
5514
5515
5516
5517
5518
5519
5521
7400
7401
7402
7403
7404
7405
7406
7407
7408
7409
7410
7411
7412
7413
7414
7415
7416
7417
7418
7419
7420
7421
7422
7423
7424
7425
7426
7427
7428
7429
7430
7431
7432
7433
7434
7435
7436
7437
7438
7439
7441
9320
9321
9322
9323
9324
9325
9326
9327
9328
9329
9330
9331
9332
9333
9334
9335
9336
9337
9338
9339
9340
9341
9342
9343
9344
9345
9346
9347
9348
9349
9350
9351
9352
9353
9354
9355
9356
9357
9358
9359
9361
11240
11241
11242
11243
11244
11245
11246
11247
11248
11249
11250
11251
11252
11253
11254
11255
11256
11257
11258
11259
11260
11261
11262
11263
11264
11265
11266
11267
11268
11269
11270
11271
11272
11273
11274
11275
11276
11277
11278
11279
11281
13160
13161
13162
13163
13164
13165
13166
13167
13168
13169
13170
13171
13172
13173
13174
13175
13176
13177
13178
13179
13180
13181
13182
13183
13184
13185
13186
13187
13188
13189
13190
13191
13192
13193
13194
13195
13196
13197
13198
13199
13201
15079
15080
15081
15082
15083
15084
15085
15086
15087
15088
15089
15090
15091
15092
15093
15094
15095
15096
15097
15098
15099
15100
15101
15102
15103
15104
15105
15106
15107
15108
15109
15110
15111
15112
15113
15114
15115
15116
15117
15118
15120
16998
16999
17000
17001
17002
17003
17004
17005
17006
17007
17008
17009
17010
17011
17012
17013
17014
17015
17016
17017
17018
17019
17020
17021
17022
17023
17024
17025
17026
17027
17028
17029
17030
17031
17032
17033
17034
17035
17036
17037
17039
18917
18918
18919
18920
18921
18922
18923
18924
18925
18926
18927
18928
18929
18930
18931
18932
18933
18934
18935
18936
18937
18938
18939
18940
18941
18942
18943
18944
18945
18946
18947
18948
18949
18950
18951
18952
18953
18954
18955
18956
18958
20836
20837
20838
20839
20840
20841
20842
20843
20844
20845
20846
20847
20848
20849
20850
20851
20852
20853
20854
20855
20856
20857
20858
20859
20860
20861
20862
20863
20864
20865
20866
20867
20868
20869
20870
20871
20872
20873
20874
20875
20877
22755
22756
22757
22758
22759
22760
22761
22762
22763
22764
22765
22766
22767
22768
22769
22770
22771
22772
22773
22774
22775
22776
22777
22778
22779
22780
22781
22782
22783
22784
22785
22786
22787
22788
22789
22790
22791
22792
22793
22794
22796
24674
24675
24676
24677
24678
24679
24680
24681
24682
24683
24684
24685
24686
24687
24688
24689
24690
24691
24692
24693
24694
24695
24696
24697
24698
24699
24700
24701
24702
24703
24704
24705
24706
24707
24708
24709
24710
24711
24712
24713
24715
26593
26594
26595
26596
26597
26598
26599
26600
26601
26602
26603
26604
26605
26606
26607
26608
26609
26610
26611
26612
26613
26614
26615
26616
26617
26618
26619
26620
26621
26622
26623
26624
26625
26626
26627
26628
26629
26630
26631
26632
28512
28513
28514
28515
28516
28517
28518
28519
28520
28521
28522
28523
28524
28525
28526
28527
28528
28529
28530
28531
28532
28533
28534
28535
28536
28537
28538
28539
28540
28541
28542
28543
28544
28545
28546
28547
28548
28549
28551
30431
30432
30433
30434
30435
30436
30437
30438
30439
30440
30441
30442
30443
30444
30445
30446
30447
30448
30449
30450
30451
30452
30453
30454
30455
30456
30457
30458
30459
30460
30461
30462
30463
30464
30465
30466
30467
30468
30470
32350
32351
32352
32353
32354
32355
32356
32357
32358
32359
32360
32361
32362
32363
32364
32365
32366
32367
32368
32369
32370
32371
32372
32373
32374
32375
32376
32377
32378
32379
32380
32381
32382
32383
32384
32385
32386
32387
32389
34269
34270
34271
34272
34273
34274
34275
34276
34277
34278
34279
34280
34281
34282
34283
34284
34285
34286
34287
34288
34289
34290
34291
34292
34293
34294
34295
34296
34297
34298
34299
34300
34301
34302
34303
34304
34305
34306
34308
36188
36189
36190
36191
36192
36193
36194
36195
36196
36197
36198
36199
36200
36201
36202
36203
36204
36205
36206
36207
36208
36209
36210
36211
36212
36213
36214
36215
36216
36217
36218
36219
36220
36221
36222
36223
36224
36225
36227
38107
38108
38109
38110
38111
38112
38113
38114
38115
38116
38117
38118
38119
38120
38121
38122
38123
38124
38125
38126
38127
38128
38129
38130
38131
38132
38133
38134
38135
38136
38137
38138
38139
38140
38141
38142
38143
38144
38146
40026
40027
40028
40029
40030
40031
40032
40033
40034
40035
40036
40037
40038
40039
40040
40041
40042
40043
40044
40045
40046
40047
40048
40049
40050
40051
40052
40053
40054
40055
40056
40057
40058
40059
40060
40061
40062
40063
40065
41945
41946
41947
41948
41949
41950
41951
41952
41953
41954
41955
41956
41957
41958
41959
41960
41961
41962
41963
41964
41965
41966
41967
41968
41969
41970
41971
41972
41973
41974
41975
41976
41977
41978
41979
41980
41981
41982
41984
43864
43865
43866
43867
43868
43869
43870
43871
43872
43873
43874
43875
43876
43877
43878
43879
43880
43881
43882
43883
43884
43885
43886
43887
43888
43889
43890
43891
43892
43893
43894
43895
43896
43897
43898
43899
43900
43901
43903
45783
45784
45785
45786
45787
45788
45789
45790
45791
45792
45793
45794
45795
45796
45797
45798
45799
45800
45801
45802
45803
45804
45805
45806
45807
45808
45809
45810
45811
45812
45813
45814
45815
45816
45817
45818
45819
45820
45822
47702
47703
47704
47705
47706
47707
47708
47709
47710
47711
47712
47713
47714
47715
47716
47717
47718
47719
47720
47721
47722
47723
47724
47725
47726
47727
47728
47729
47730
47731
47732
47733
47734
47735
47736
47737
47738
47739
47741
49621
49622
49623
49624
49625
49626
49627
49628
49629
49630
49631
49632
49633
49634
49635
49636
49637
49638
49639
49640
49641
49642
49643
49644
49645
49646
49647
49648
49649
49650
49651
49652
49653
49654
49655
49656
49657
49658
49660
51540
51541
51542
51543
51544
51545
51546
51547
51548
51549
51550
51551
51552
51553
51554
51555
51556
51557
51558
51559
51560
51561
51562
51563
51564
51565
51566
51567
51568
51569
51570
51571
51572
51573
51574
51575
51576
51577
51579
53459
53460
53461
53462
53463
53464
53465
53466
53467
53468
53469
53470
53471
53472
53473
53474
53475
53476
53477
53478
53479
53480
53481
53482
53483
53484
53485
53486
53487
53488
53489
53490
53491
53492
53493
53494
53495
53496
53498
55378
55379
55380
55381
55382
55383
55384
55385
55386
55387
55388
55389
55390
55391
55392
55393
55394
55395
55396
55397
55398
55399
55400
55401
55402
55403
55404
55405
55406
55407
55408
55409
55410
55411
55412
55413
55414
55415
55417
57297
57298
57299
57300
57301
57302
57303
57304
57305
57306
57307
57308
57309
57310
57311
57312
57313
57314
57315
57316
57317
57318
57319
57320
57321
57322
57323
57324
57325
57326
57327
57328
57329
57330
57331
57332
57333
57334
57336
59216
59217
59218
59219
59220
59221
59222
59223
59224
59225
59226
59227
59228
59229
59230
59231
59232
59233
59234
59235
59236
59237
59238
59239
59240
59241
59242
59243
59244
59245
59246
59247
59248
59249
59250
59251
59252
59253
59255
61135
61136
61137
61138
61139
61140
61141
61142
61143
61144
61145
61146
61147
61148
61149
61150
61151
61152
61153
61154
61155
61156
61157
61158
61159
61160
61161
61162
61163
61164
61165
61166
61167
61168
61169
61170
61171
61172
61174
63054
63055
63056
63057
63058
63059
63060
63061
63062
63063
63064
63065
63066
63067
63068
63069
63070
63071
63072
63073
63074
63075
63076
63077
63078
63079
63080
63081
63082
63083
63084
63085
63086
63087
63088
63089
63090
63091
63093
64973
64974
64975
64976
64977
64978
64979
64980
64981
64982
64983
64984
64985
64986
64987
64988
64989
64990
64991
64992
64993
64994
64995
64996
64997
64998
64999
65000
65001
65002
65003
65004
65005
65006
65007
65008
65009
65010
65012
66892
66893
66894
66895
66896
66897
66898
66899
66900
66901
66902
66903
66904
66905
66906
66907
66908
66909
66910
66911
66912
66913
66914
66915
66916
66917
66918
66919
66920
66921
66922
66923
66924
66925
66926
66927
66928
66929
66931
68811
68812
68813
68814
68815
68816
68817
68818
68819
68820
68821
68822
68823
68824
68825
68826
68827
68828
68829
68830
68831
68832
68833
68834
68835
68836
68837
68838
68839
68840
68841
68842
68843
68844
68845
68846
68847
68848
68850
70730
70731
70732
70733
70734
70735
70736
70737
70738
70739
70740
70741
70742
70743
70744
70745
70746
70747
70748
70749
70750
70751
70752
70753
70754
70755
70756
70757
70758
70759
70760
70761
70762
70763
70764
70765
70766
70767
70769
72649
72650
72651
72652
72653
72654
72655
72656
72657
72658
72659
72660
72661
72662
72663
72664
72665
72666
72667
72668
72669
72670
72671
72672
72673
72674
72675
72676
72677
72678
72679
72680
72681
72682
72683
72684
72685
72686
72688
74568
74569
74570
74571
74572
74573
74574
74575
74576
74577
74578
74579
74580
74581
74582
74583
74584
74585
74586
74587
74588
74589
74590
74591
74592
74593
74594
74595
74596
74597
74598
74599
74600
74601
74602
74603
74604
74605
74607
76488
76489
76490
76491
76492
76493
76494
76495
76496
76497
76498
76499
76500
76501
76502
76503
76504
76505
76506
76507
76508
76509
76510
76511
76512
76513
76514
76515
76516
76517
76518
76519
76520
76521
76522
76523
76524
76525
76527
78408
78409
78410
78411
78412
78413
78414
78415
78416
78417
78418
78419
78420
78421
78422
78423
78424
78425
78426
78427
78428
78429
78430
78431
78432
78433
78434
78435
78436
78437
78438
78439
78440
78441
78442
78443
78444
78445
78447
80328
80329
80330
80331
80332
80333
80334
80335
80336
80337
80338
80339
80340
80341
80342
80343
80344
80345
80346
80347
80348
80349
80350
80351
80352
80353
80354
80355
80356
80357
80358
80359
80360
80361
80362
80363
80364
80365
80367
82248
82249
82250
82251
82252
82253
82254
82255
82256
82257
82258
82259
82260
82261
82262
82263
82264
82265
82266
82267
82268
82269
82270
82271
82272
82273
82274
82275
82276
82277
82278
82279
82280
82281
82282
82283
82284
82285
82287
84168
84169
84170
84171
84172
84173
84174
84175
84176
84177
84178
84179
84180
84181
84182
84183
84184
84185
84186
84187
84188
84189
84190
84191
84192
84193
84194
84195
84196
84197
84198
84199
84200
84201
84202
84203
84204
84205
84207
86088
86089
86090
86091
86092
86093
86094
86095
86096
86097
86098
86099
86100
86101
86102
86103
86104
86105
86106
86107
86108
86109
86110
86111
86112
86113
86114
86115
86116
86117
86118
86119
86120
86121
86122
86123
86124
86125
86127
88008
88009
88010
88011
88012
88013
88014
88015
88016
88017
88018
88019
88020
88021
88022
88023
88024
88025
88026
88027
88028
88029
88030
88031
88032
88033
88034
88035
88036
88037
88038
88039
88040
88041
88042
88043
88044
88045
88047
89928
89929
89930
89931
89932
89933
89934
89935
89936
89937
89938
89939
89940
89941
89942
89943
89944
89945
89946
89947
89948
89949
89950
89951
89952
89953
89954
89955
89956
89957
89958
89959
89960
89961
89962
89963
89964
89965
89967
91848
91849
91850
91851
91852
91853
91854
91855
91856
91857
91858
91859
91860
91861
91862
91863
91864
91865
91866
91867
91868
91869
91870
91871
91872
91873
91874
91875
91876
91877
91878
91879
91880
91881
91882
91883
91884
91885
91887
93767
93768
93769
93770
93771
93772
93773
93774
93775
93776
93777
93778
93779
93780
93781
93782
93783
93784
93785
93786
93787
93788
93789
93790
93791
93792
93793
93794
93795
93796
93797
93798
93799
93800
93801
93802
93803
93804
93806
95686
95687
95688
95689
95690
95691
95692
95693
95694
95695
95696
95697
95698
95699
95700
95701
95702
95703
95704
95705
95706
95707
95708
95709
95710
95711
95712
95713
95714
95715
95716
95717
95718
95719
95720
95721
95722
95723
95725
97605
97606
97607
97608
97609
97610
97611
97612
97613
97614
97615
97616
97617
97618
97619
97620
97621
97622
97623
97624
97625
97626
97627
97628
97629
97630
97631
97632
97633
97634
97635
97636
97637
97638
97639
97640
97641
97642
97644
99524
99525
99526
99527
99528
99529
99530
99531
99532
99533
99534
99535
99536
99537
99538
99539
99540
99541
99542
99543
99544
99545
99546
99547
99548
99549
99550
99551
99552
99553
99554
99555
99556
99557
99558
99559
99560
99561
99563
101443
101444
101445
101446
101447
101448
101449
101450
101451
101452
101453
101454
101455
101456
101457
101458
101459
101460
101461
101462
101463
101464
101465
101466
101467
101468
101469
101470
101471
101472
101473
101474
101475
101476
101477
101478
101479
101480
101482
103362
103363
103364
103365
103366
103367
103368
103369
103370
103371
103372
103373
103374
103375
103376
103377
103378
103379
103380
103381
103382
103383
103384
103385
103386
103387
103388
103389
103390
103391
103392
103393
103394
103395
103396
103397
103398
103399
103401
105281
105282
105283
105284
105285
105286
105287
105288
105289
105290
105291
105292
105293
105294
105295
105296
105297
105298
105299
105300
105301
105302
105303
105304
105305
105306
105307
105308
105309
105310
105311
105312
105313
105314
105315
105316
105317
105318
105320
107200
107201
107202
107203
107204
107205
107206
107207
107208
107209
107210
107211
107212
107213
107214
107215
107216
107217
107218
107219
107220
107221
107222
107223
107224
107225
107226
107227
107228
107229
107230
107231
107232
107233
107234
107235
107236
107237
107239
109119
109120
109121
109122
109123
109124
109125
109126
109127
109128
109129
109130
109131
109132
109133
109134
109135
109136
109137
109138
109139
109140
109141
109142
109143
109144
109145
109146
109147
109148
109149
109150
109151
109152
109153
109154
109155
109156
109158
111038
111039
111040
111041
111042
111043
111044
111045
111046
111047
111048
111049
111050
111051
111052
111053
111054
111055
111056
111057
111058
111059
111060
111061
111062
111063
111064
111065
111066
111067
111068
111069
111070
111071
111072
111073
111074
111075
111077
112957
112958
112959
112960
112961
112962
112963
112964
112965
112966
112967
112968
112969
112970
112971
112972
112973
112974
112975
112976
112977
112978
112979
112980
112981
112982
112983
112984
112985
112986
112987
112988
112989
112990
112991
112992
112993
112994
112996
114876
114877
114878
114879
114880
114881
114882
114883
114884
114885
114886
114887
114888
114889
114890
114891
114892
114893
114894
114895
114896
114897
114898
114899
114900
114901
114902
114903
114904
114905
114906
114907
114908
114909
114910
114911
114912
114913
114915
116795
116796
116797
116798
116799
116800
116801
116802
116803
116804
116805
116806
116807
116808
116809
116810
116811
116812
116813
116814
116815
116816
116817
116818
116819
116820
116821
116822
116823
116824
116825
116826
116827
116828
116829
116830
116831
116832
116834
118714
118715
118716
118717
118718
118719
118720
118721
118722
118723
118724
118725
118726
118727
118728
118729
118730
118731
118732
118733
118734
118735
118736
118737
118738
118739
118740
118741
118742
118743
118744
118745
118746
118747
118748
118749
118750
118751
118753
120633
120634
120635
120636
120637
120638
120639
120640
120641
120642
120643
120644
120645
120646
120647
120648
120649
120650
120651
120652
120653
120654
120655
120656
120657
120658
120659
120660
120661
120662
120663
120664
120665
120666
120667
120668
120669
120670
120672
122552
122553
122554
122555
122556
122557
122558
122559
122560
122561
122562
122563
122564
122565
122566
122567
122568
122569
122570
122571
122572
122573
122574
122575
122576
122577
122578
122579
122580
122581
122582
122583
122584
122585
122586
122587
122588
122589
122591
124471
124472
124473
124474
124475
124476
124477
124478
124479
124480
124481
124482
124483
124484
124485
124486
124487
124488
124489
124490
124491
124492
124493
124494
124495
124496
124497
124498
124499
124500
124501
124502
124503
124504
124505
124506
124507
124508
124510
126390
126391
126392
126393
126394
126395
126396
126397
126398
126399
126400
126401
126402
126403
126404
126405
126406
126407
126408
126409
126410
126411
126412
126413
126414
126415
126416
126417
126418
126419
126420
126421
126422
126423
126424
126425
126426
126427
126429
128309
128310
128311
128312
128313
128314
128315
128316
128317
128318
128319
128320
128321
128322
128323
128324
128325
128326
128327
128328
128329
128330
128331
128332
128333
128334
128335
128336
128337
128338
128339
128340
128341
128342
128343
128344
128345
128346
128348
130228
130229
130230
130231
130232
130233
130234
130235
130236
130237
130238
130239
130240
130241
130242
130243
130244
130245
130246
130247
130248
130249
130250
130251
130252
130253
130254
130255
130256
130257
130258
130259
130260
130261
130262
130263
130264
130265
130267
132147
132148
132149
132150
132151
132152
132153
132154
132155
132156
132157
132158
132159
132160
132161
132162
132163
132164
132165
132166
132167
132168
132169
132170
132171
132172
132173
132174
132175
132176
132177
132178
132179
132180
132181
132182
132183
132184
132186
134066
134067
134068
134069
134070
134071
134072
134073
134074
134075
134076
134077
134078
134079
134080
134081
134082
134083
134084
134085
134086
134087
134088
134089
134090
134091
134092
134093
134094
134095
134096
134097
134098
134099
134100
134101
134102
134103
134105
135985
135986
135987
135988
135989
135990
135991
135992
135993
135994
135995
135996
135997
135998
135999
136000
136001
136002
136003
136004
136005
136006
136007
136008
136009
136010
136011
136012
136013
136014
136015
136016
136017
136018
136019
136020
136021
136022
136024
137904
137905
137906
137907
137908
137909
137910
137911
137912
137913
137914
137915
137916
137917
137918
137919
137920
137921
137922
137923
137924
137925
137926
137927
137928
137929
137930
137931
137932
137933
137934
137935
137936
137937
137938
137939
137940
137941
137943
139823
139824
139825
139826
139827
139828
139829
139830
139831
139832
139833
139834
139835
139836
139837
139838
139839
139840
139841
139842
139843
139844
139845
139846
139847
139848
139849
139850
139851
139852
139853
139854
139855
139856
139857
139858
139859
139860
139862
141742
141743
141744
141745
141746
141747
141748
141749
141750
141751
141752
141753
141754
141755
141756
141757
141758
141759
141760
141761
141762
141763
141764
141765
141766
141767
141768
141769
141770
141771
141772
141773
141774
141775
141776
141777
141778
141779
141781
143661
143662
143663
143664
143665
143666
143667
143668
143669
143670
143671
143672
143673
143674
143675
143676
143677
143678
143679
143680
143681
143682
143683
143684
143685
143686
143687
143688
143689
143690
143691
143692
143693
143694
143695
143696
143697
143698
143700
145580
145581
145582
145583
145584
145585
145586
145587
145588
145589
145590
145591
145592
145593
145594
145595
145596
145597
145598
145599
145600
145601
145602
145603
145604
145605
145606
145607
145608
145609
145610
145611
145612
145613
145614
145615
145616
145617
145619
147499
147500
147501
147502
147503
147504
147505
147506
147507
147508
147509
147510
147511
147512
147513
147514
147515
147516
147517
147518
147519
147520
147521
147522
147523
147524
147525
147526
147527
147528
147529
147530
147531
147532
147533
147534
147535
147536
147538
149418
149419
149420
149421
149422
149423
149424
149425
149426
149427
149428
149429
149430
149431
149432
149433
149434
149435
149436
149437
149438
149439
149440
149441
149442
149443
149444
149445
149446
149447
149448
149449
149450
149451
149452
149453
149454
149455
149457
151337
151338
151339
151340
151341
151342
151343
151344
151345
151346
151347
151348
151349
151350
151351
151352
151353
151354
151355
151356
151357
151358
151359
151360
151361
151362
151363
151364
151365
151366
151367
151368
151369
151370
151371
151372
151373
151374
151376
152437
152438
152439
152440
152441
152442
152443
152444
152445
152446
152447
152448
152449
152450
152451
152452
152453
152454
152455
154482
154483
154484
154485
154486
154487
154488
154489
154490
154491
154492
154493
154494
154495
154496
154497
154498
154499
154500
154501
155442
155443
155444
155445
155446
155447
155448
155449
155450
155451
155452
155453
155454
155455
155456
155457
155458
155459
155460
155461
156402
156403
156404
156405
156406
156407
156408
156409
156410
156411
156412
156413
156414
156415
156416
156417
156418
156419
156420
156421
157361
157362
157363
157364
157365
157366
157367
157368
157369
157370
157371
157372
157373
157374
157375
157376
157377
157378
157379
157380
157381
158321
158322
158323
158324
158325
158326
158327
158328
158329
158330
158331
158332
158333
158334
158335
158336
158337
158338
158339
158340
158341
159281
159282
159283
159284
159285
159286
159287
159288
159289
159290
159291
159292
159293
159294
159295
159296
159297
159298
159299
159300
159301
160241
160242
160243
160244
160245
160246
160247
160248
160249
160250
160251
160252
160253
160254
160255
160256
160257
160258
160259
160260
160261
161201
161202
161203
161204
161205
161206
161207
161208
161209
161210
161211
161212
161213
161214
161215
161216
161217
161218
161219
161220
161221
162161
162162
162163
162164
162165
162166
162167
162168
162169
162170
162171
162172
162173
162174
162175
162176
162177
162178
162179
162180
162181
163121
163122
163123
163124
163125
163126
163127
163128
163129
163130
163131
163132
163133
163134
163135
163136
163137
163138
163139
163140
163141
164081
164082
164083
164084
164085
164086
164087
164088
164089
164090
164091
164092
164093
164094
164095
164096
164097
164098
164099
164100
164101
165041
165042
165043
165044
165045
165046
165047
165048
165049
165050
165051
165052
165053
165054
165055
165056
165057
165058
165059
165060
165061
166001
166002
166003
166004
166005
166006
166007
166008
166009
166010
166011
166012
166013
166014
166015
166016
166017
166018
166019
166020
166021
166961
166962
166963
166964
166965
166966
166967
166968
166969
166970
166971
166972
166973
166974
166975
166976
166977
166978
166979
166980
166981
167921
167922
167923
167924
167925
167926
167927
167928
167929
167930
167931
167932
167933
167934
167935
167936
167937
167938
167939
167940
168881
168882
168883
168884
168885
168886
168887
168888
168889
168890
168891
168892
168893
168894
168895
168896
168897
168898
168899
168900
169841
169842
169843
169844
169845
169846
169847
169848
169849
169850
169851
169852
169853
169854
169855
169856
169857
169858
169859
169860
170801
170802
170803
170804
170805
170806
170807
170808
170809
170810
170811
170812
170813
170814
170815
170816
170817
170818
170819
170820
171761
171762
171763
171764
171765
171766
171767
171768
171769
171770
171771
171772
171773
171774
171775
171776
171777
171778
171779
171780
172721
172722
172723
172724
172725
172726
172727
172728
172729
172730
172731
172732
172733
172734
172735
172736
172737
172738
172739
172740
173681
173682
173683
173684
173685
173686
173687
173688
173689
173690
173691
173692
173693
173694
173695
173696
173697
173698
173699
173700
174641
174642
174643
174644
174645
174646
174647
174648
174649
174650
174651
174652
174653
174654
174655
174656
174657
174658
174659
174660
175601
175602
175603
175604
175605
175606
175607
175608
175609
175610
175611
175612
175613
175614
175615
175616
175617
175618
175619
175620
176561
176562
176563
176564
176565
176566
176567
176568
176569
176570
176571
176572
176573
176574
176575
176576
176577
176578
176579
176580
177521
177522
177523
177524
177525
177526
177527
177528
177529
177530
177531
177532
177533
177534
177535
177536
177537
177538
177539
177540
178481
178482
178483
178484
178485
178486
178487
178488
178489
178490
178491
178492
178493
178494
178495
178496
178497
178498
178499
178500
179441
179442
179443
179444
179445
179446
179447
179448
179449
179450
179451
179452
179453
179454
179455
179456
179457
179458
179459
179460
180401
180402
180403
180404
180405
180406
180407
180408
180409
180410
180411
180412
180413
180414
180415
180416
180417
180418
180419
180420
181361
181362
181363
181364
181365
181366
181367
181368
181369
181370
181371
181372
181373
181374
181375
181376
181377
181378
181379
181380
182321
182322
182323
182324
182325
182326
182327
182328
182329
182330
182331
182332
182333
182334
182335
182336
182337
182338
182339
182340
183281
183282
183283
183284
183285
183286
183287
183288
183289
183290
183291
183292
183293
183294
183295
183296
183297
183298
183299
183300
184241
184242
184243
184244
184245
184246
184247
184248
184249
184250
184251
184252
184253
184254
184255
184256
184257
184258
184259
184260
185201
185202
185203
185204
185205
185206
185207
185208
185209
185210
185211
185212
185213
185214
185215
185216
185217
185218
185219
185220
186161
186162
186163
186164
186165
186166
186167
186168
186169
186170
186171
186172
186173
186174
186175
186176
186177
186178
186179
186180
187121
187122
187123
187124
187125
187126
187127
187128
187129
187130
187131
187132
187133
187134
187135
187136
187137
187138
187139
187140
188081
188082
188083
188084
188085
188086
188087
188088
188089
188090
188091
188092
188093
188094
188095
188096
188097
188098
188099
188100
189041
189042
189043
189044
189045
189046
189047
189048
189049
189050
189051
189052
189053
189054
189055
189056
189057
189058
189059
189060
190001
190002
190003
190004
190005
190006
190007
190008
190009
190010
190011
190012
190013
190014
190015
190016
190017
190018
190019
190020
190961
190962
190963
190964
190965
190966
190967
190968
190969
190970
190971
190972
190973
190974
190975
190976
190977
190978
190979
190980
191921
191922
191923
191924
191925
191926
191927
191928
191929
191930
191931
191932
191933
191934
191935
191936
191937
191938
191939
191940
192881
192882
192883
192884
192885
192886
192887
192888
192889
192890
192891
192892
192893
192894
192895
192896
192897
192898
192899
192900
193841
193842
193843
193844
193845
193846
193847
193848
193849
193850
193851
193852
193853
193854
193855
193856
193857
193858
193859
193860
194801
194802
194803
194804
194805
194806
194807
194808
194809
194810
194811
194812
194813
194814
194815
194816
194817
194818
194819
194820
195761
195762
195763
195764
195765
195766
195767
195768
195769
195770
195771
195772
195773
195774
195775
195776
195777
195778
195779
195780
196721
196722
196723
196724
196725
196726
196727
196728
196729
196730
196731
196732
196733
196734
196735
196736
196737
196738
196739
196740
197681
197682
197683
197684
197685
197686
197687
197688
197689
197690
197691
197692
197693
197694
197695
197696
197697
197698
197699
197700
198641
198642
198643
198644
198645
198646
198647
198648
198649
198650
198651
198652
198653
198654
198655
198656
198657
198658
198659
198660
199601
199602
199603
199604
199605
199606
199607
199608
199609
199610
199611
199612
199613
199614
199615
199616
199617
199618
199619
199620
200561
200562
200563
200564
200565
200566
200567
200568
200569
200570
200571
200572
200573
200574
200575
200576
200577
200578
200579
200580
201521
201522
201523
201524
201525
201526
201527
201528
201529
201530
201531
201532
201533
201534
201535
201536
201537
201538
201539
201540
202481
202482
202483
202484
202485
202486
202487
202488
202489
202490
202491
202492
202493
202494
202495
202496
202497
202498
202499
202500
203441
203442
203443
203444
203445
203446
203447
203448
203449
203450
203451
203452
203453
203454
203455
203456
203457
203458
203459
203460
204401
204402
204403
204404
204405
204406
204407
204408
204409
204410
204411
204412
204413
204414
204415
204416
204417
204418
204419
204420
205361
205362
205363
205364
205365
205366
205367
205368
205369
205370
205371
205372
205373
205374
205375
205376
205377
205378
205379
205380
206321
206322
206323
206324
206325
206326
206327
206328
206329
206330
206331
206332
206333
206334
206335
206336
206337
206338
206339
206340
207281
207282
207283
207284
207285
207286
207287
207288
207289
207290
207291
207292
207293
207294
207295
207296
207297
207298
207299
207300
208241
208242
208243
208244
208245
208246
208247
208248
208249
208250
208251
208252
208253
208254
208255
208256
208257
208258
208259
208260
209201
209202
209203
209204
209205
209206
209207
209208
209209
209210
209211
209212
209213
209214
209215
209216
209217
209218
209219
209220
210161
210162
210163
210164
210165
210166
210167
210168
210169
210170
210171
210172
210173
210174
210175
210176
210177
210178
210179
210180
211121
211122
211123
211124
211125
211126
211127
211128
211129
211130
211131
211132
211133
211134
211135
211136
211137
211138
211139
211140
212081
212082
212083
212084
212085
212086
212087
212088
212089
212090
212091
212092
212093
212094
212095
212096
212097
212098
212099
212100
213041
213042
213043
213044
213045
213046
213047
213048
213049
213050
213051
213052
213053
213054
213055
213056
213057
213058
213059
213060
214001
214002
214003
214004
214005
214006
214007
214008
214009
214010
214011
214012
214013
214014
214015
214016
214017
214018
214019
214020
214961
214962
214963
214964
214965
214966
214967
214968
214969
214970
214971
214972
214973
214974
214975
214976
214977
214978
214979
214980
215921
215922
215923
215924
215925
215926
215927
215928
215929
215930
215931
215932
215933
215934
215935
215936
215937
215938
215939
215940
216881
216882
216883
216884
216885
216886
216887
216888
216889
216890
216891
216892
216893
216894
216895
216896
216897
216898
216899
216900
217841
217842
217843
217844
217845
217846
217847
217848
217849
217850
217851
217852
217853
217854
217855
217856
217857
217858
217859
217860
218801
218802
218803
218804
218805
218806
218807
218808
218809
218810
218811
218812
218813
218814
218815
218816
218817
218818
218819
218820
219761
219762
219763
219764
219765
219766
219767
219768
219769
219770
219771
219772
219773
219774
219775
219776
219777
219778
219779
219780
220721
220722
220723
220724
220725
220726
220727
220728
220729
220730
220731
220732
220733
220734
220735
220736
220737
220738
220739
220740
221681
221682
221683
221684
221685
221686
221687
221688
221689
221690
221691
221692
221693
221694
221695
221696
221697
221698
221699
221700
222641
222642
222643
222644
222645
222646
222647
222648
222649
222650
222651
222652
222653
222654
222655
222656
222657
222658
222659
222660
223601
223602
223603
223604
223605
223606
223607
223608
223609
223610
223611
223612
223613
223614
223615
223616
223617
223618
223619
223620
224561
224562
224563
224564
224565
224566
224567
224568
224569
224570
224571
224572
224573
224574
224575
224576
224577
224578
224579
224580
225521
225522
225523
225524
225525
225526
225527
225528
225529
225530
225531
225532
225533
225534
225535
225536
225537
225538
225539
225540
226481
226482
226483
226484
226485
226486
226487
226488
226489
226490
226491
226492
226493
226494
226495
226496
226497
226498
226499
226500
227441
227442
227443
227444
227445
227446
227447
227448
227449
227450
227451
227452
227453
227454
227455
227456
227457
227458
227459
227460
228401
228402
228403
228404
228405
228406
228407
228408
228409
228410
228411
228412
228413
228414
228415
228416
228417
228418
228419
228420
229361
229362
229363
229364
229365
229366
229367
229368
229369
229370
229371
229372
229373
229374
229375
229376
229377
229378
229379
229380
230321
230322
230323
230324
230325
230326
230327
230328
230329
230330
230331
230332
230333
230334
230335
230336
230337
230338
230339
230340
231819
231820
231821
231822
231823
231824
231825
231826
231827
231828
231829
231830
231831
231832
231833
231834
231835
231836
231837
231838
232779
232780
232781
232782
232783
232784
232785
232786
232787
232788
232789
232790
232791
232792
232793
232794
232795
232796
232797
232798
233739
233740
233741
233742
233743
233744
233745
233746
233747
233748
233749
233750
233751
233752
233753
233754
233755
233756
233757
233758
234698
234699
234700
234701
234702
234703
234704
234705
234706
234707
234708
234709
234710
234711
234712
234713
234714
234715
234716
234717
234718
235658
235659
235660
235661
235662
235663
235664
235665
235666
235667
235668
235669
235670
235671
235672
235673
235674
235675
235676
235677
235678
236618
236619
236620
236621
236622
236623
236624
236625
236626
236627
236628
236629
236630
236631
236632
236633
236634
236635
236636
236637
236638
237578
237579
237580
237581
237582
237583
237584
237585
237586
237587
237588
237589
237590
237591
237592
237593
237594
237595
237596
237597
237598
238538
238539
238540
238541
238542
238543
238544
238545
238546
238547
238548
238549
238550
238551
238552
238553
238554
238555
238556
238557
238558
239498
239499
239500
239501
239502
239503
239504
239505
239506
239507
239508
239509
239510
239511
239512
239513
239514
239515
239516
239517
239518
240458
240459
240460
240461
240462
240463
240464
240465
240466
240467
240468
240469
240470
240471
240472
240473
240474
240475
240476
240477
240478
241418
241419
241420
241421
241422
241423
241424
241425
241426
241427
241428
241429
241430
241431
241432
241433
241434
241435
241436
241437
241438
242378
242379
242380
242381
242382
242383
242384
242385
242386
242387
242388
242389
242390
242391
242392
242393
242394
242395
242396
242397
242398
243338
243339
243340
243341
243342
243343
243344
243345
243346
243347
243348
243349
243350
243351
243352
243353
243354
243355
243356
243357
243358
244298
244299
244300
244301
244302
244303
244304
244305
244306
244307
244308
244309
244310
244311
244312
244313
244314
244315
244316
244317
244318
245258
245259
245260
245261
245262
245263
245264
245265
245266
245267
245268
245269
245270
245271
245272
245273
245274
245275
245276
245277
246218
246219
246220
246221
246222
246223
246224
246225
246226
246227
246228
246229
246230
246231
246232
246233
246234
246235
246236
246237
247178
247179
247180
247181
247182
247183
247184
247185
247186
247187
247188
247189
247190
247191
247192
247193
247194
247195
247196
247197
248138
248139
248140
248141
248142
248143
248144
248145
248146
248147
248148
248149
248150
248151
248152
248153
248154
248155
248156
248157
249098
249099
249100
249101
249102
249103
249104
249105
249106
249107
249108
249109
249110
249111
249112
249113
249114
249115
249116
249117
250058
250059
250060
250061
250062
250063
250064
250065
250066
250067
250068
250069
250070
250071
250072
250073
250074
250075
250076
250077
251018
251019
251020
251021
251022
251023
251024
251025
251026
251027
251028
251029
251030
251031
251032
251033
251034
251035
251036
251037
251978
251979
251980
251981
251982
251983
251984
251985
251986
251987
251988
251989
251990
251991
251992
251993
251994
251995
251996
251997
252938
252939
252940
252941
252942
252943
252944
252945
252946
252947
252948
252949
252950
252951
252952
252953
252954
252955
252956
252957
253898
253899
253900
253901
253902
253903
253904
253905
253906
253907
253908
253909
253910
253911
253912
253913
253914
253915
253916
253917
254858
254859
254860
254861
254862
254863
254864
254865
254866
254867
254868
254869
254870
254871
254872
254873
254874
254875
254876
254877
255818
255819
255820
255821
255822
255823
255824
255825
255826
255827
255828
255829
255830
255831
255832
255833
255834
255835
255836
255837
256778
256779
256780
256781
256782
256783
256784
256785
256786
256787
256788
256789
256790
256791
256792
256793
256794
256795
256796
256797
257738
257739
257740
257741
257742
257743
257744
257745
257746
257747
257748
257749
257750
257751
257752
257753
257754
257755
257756
257757
258698
258699
258700
258701
258702
258703
258704
258705
258706
258707
258708
258709
258710
258711
258712
258713
258714
258715
258716
258717
259658
259659
259660
259661
259662
259663
259664
259665
259666
259667
259668
259669
259670
259671
259672
259673
259674
259675
259676
259677
260618
260619
260620
260621
260622
260623
260624
260625
260626
260627
260628
260629
260630
260631
260632
260633
260634
260635
260636
260637
261578
261579
261580
261581
261582
261583
261584
261585
261586
261587
261588
261589
261590
261591
261592
261593
261594
261595
261596
261597
262538
262539
262540
262541
262542
262543
262544
262545
262546
262547
262548
262549
262550
262551
262552
262553
262554
262555
262556
262557
263498
263499
263500
263501
263502
263503
263504
263505
263506
263507
263508
263509
263510
263511
263512
263513
263514
263515
263516
263517
264458
264459
264460
264461
264462
264463
264464
264465
264466
264467
264468
264469
264470
264471
264472
264473
264474
264475
264476
264477
265418
265419
265420
265421
265422
265423
265424
265425
265426
265427
265428
265429
265430
265431
265432
265433
265434
265435
265436
265437
266378
266379
266380
266381
266382
266383
266384
266385
266386
266387
266388
266389
266390
266391
266392
266393
266394
266395
266396
266397
267338
267339
267340
267341
267342
267343
267344
267345
267346
267347
267348
267349
267350
267351
267352
267353
267354
267355
267356
267357
268298
268299
268300
268301
268302
268303
268304
268305
268306
268307
268308
268309
268310
268311
268312
268313
268314
268315
268316
268317
269258
269259
269260
269261
269262
269263
269264
269265
269266
269267
269268
269269
269270
269271
269272
269273
269274
269275
269276
269277
270218
270219
270220
270221
270222
270223
270224
270225
270226
270227
270228
270229
270230
270231
270232
270233
270234
270235
270236
270237
271178
271179
271180
271181
271182
271183
271184
271185
271186
271187
271188
271189
271190
271191
271192
271193
271194
271195
271196
271197
272138
272139
272140
272141
272142
272143
272144
272145
272146
272147
272148
272149
272150
272151
272152
272153
272154
272155
272156
272157
273098
273099
273100
273101
273102
273103
273104
273105
273106
273107
273108
273109
273110
273111
273112
273113
273114
273115
273116
273117
274058
274059
274060
274061
274062
274063
274064
274065
274066
274067
274068
274069
274070
274071
274072
274073
274074
274075
274076
274077
275018
275019
275020
275021
275022
275023
275024
275025
275026
275027
275028
275029
275030
275031
275032
275033
275034
275035
275036
275037
275978
275979
275980
275981
275982
275983
275984
275985
275986
275987
275988
275989
275990
275991
275992
275993
275994
275995
275996
275997
276938
276939
276940
276941
276942
276943
276944
276945
276946
276947
276948
276949
276950
276951
276952
276953
276954
276955
276956
276957
277898
277899
277900
277901
277902
277903
277904
277905
277906
277907
277908
277909
277910
277911
277912
277913
277914
277915
277916
277917
278858
278859
278860
278861
278862
278863
278864
278865
278866
278867
278868
278869
278870
278871
278872
278873
278874
278875
278876
278877
279818
279819
279820
279821
279822
279823
279824
279825
279826
279827
279828
279829
279830
279831
279832
279833
279834
279835
279836
279837
280778
280779
280780
280781
280782
280783
280784
280785
280786
280787
280788
280789
280790
280791
280792
280793
280794
280795
280796
280797
281738
281739
281740
281741
281742
281743
281744
281745
281746
281747
281748
281749
281750
281751
281752
281753
281754
281755
281756
281757
282698
282699
282700
282701
282702
282703
282704
282705
282706
282707
282708
282709
282710
282711
282712
282713
282714
282715
282716
282717
283658
283659
283660
283661
283662
283663
283664
283665
283666
283667
283668
283669
283670
283671
283672
283673
283674
283675
283676
283677
284618
284619
284620
284621
284622
284623
284624
284625
284626
284627
284628
284629
284630
284631
284632
284633
284634
284635
284636
284637
285578
285579
285580
285581
285582
285583
285584
285585
285586
285587
285588
285589
285590
285591
285592
285593
285594
285595
285596
285597
286538
286539
286540
286541
286542
286543
286544
286545
286546
286547
286548
286549
286550
286551
286552
286553
286554
286555
286556
286557
287498
287499
287500
287501
287502
287503
287504
287505
287506
287507
287508
287509
287510
287511
287512
287513
287514
287515
287516
287517
288458
288459
288460
288461
288462
288463
288464
288465
288466
288467
288468
288469
288470
288471
288472
288473
288474
288475
288476
288477
289418
289419
289420
289421
289422
289423
289424
289425
289426
289427
289428
289429
289430
289431
289432
289433
289434
289435
289436
289437
290378
290379
290380
290381
290382
290383
290384
290385
290386
290387
290388
290389
290390
290391
290392
290393
290394
290395
290396
290397
291338
291339
291340
291341
291342
291343
291344
291345
291346
291347
291348
291349
291350
291351
291352
291353
291354
291355
291356
291357
292298
292299
292300
292301
292302
292303
292304
292305
292306
292307
292308
292309
292310
292311
292312
292313
292314
292315
292316
292317
293258
293259
293260
293261
293262
293263
293264
293265
293266
293267
293268
293269
293270
293271
293272
293273
293274
293275
293276
293277
294218
294219
294220
294221
294222
294223
294224
294225
294226
294227
294228
294229
294230
294231
294232
294233
294234
294235
294236
294237
295178
295179
295180
295181
295182
295183
295184
295185
295186
295187
295188
295189
295190
295191
295192
295193
295194
295195
295196
295197
296138
296139
296140
296141
296142
296143
296144
296145
296146
296147
296148
296149
296150
296151
296152
296153
296154
296155
296156
296157
297098
297099
297100
297101
297102
297103
297104
297105
297106
297107
297108
297109
297110
297111
297112
297113
297114
297115
297116
297117
298058
298059
298060
298061
298062
298063
298064
298065
298066
298067
298068
298069
298070
298071
298072
298073
298074
298075
298076
298077
299018
299019
299020
299021
299022
299023
299024
299025
299026
299027
299028
299029
299030
299031
299032
299033
299034
299035
299036
299037
299978
299979
299980
299981
299982
299983
299984
299985
299986
299987
299988
299989
299990
299991
299992
299993
299994
299995
299996
299997
300938
300939
300940
300941
300942
300943
300944
300945
300946
300947
300948
300949
300950
300951
300952
300953
300954
300955
300956
300957
301898
301899
301900
301901
301902
301903
301904
301905
301906
301907
301908
301909
301910
301911
301912
301913
301914
301915
301916
301917
302858
302859
302860
302861
302862
302863
302864
302865
302866
302867
302868
302869
302870
302871
302872
302873
302874
302875
302876
302877
303818
303819
303820
303821
303822
303823
303824
303825
303826
303827
303828
303829
303830
303831
303832
303833
303834
303835
303836
303837
304778
304779
304780
304781
304782
304783
304784
304785
304786
304787
304788
304789
304790
304791
304792
304793
304794
304795
304796
304797
305738
305739
305740
305741
305742
305743
305744
305745
305746
305747
305748
305749
305750
305751
305752
305753
305754
305755
305756
305757
306698
306699
306700
306701
306702
306703
306704
306705
306706
306707
306708
306709
306710
306711
306712
306713
306714
306715
306716
306717
307658
307659
307660
307661
307662
307663
307664
307665
307666
307667
307668
307669
307670
307671
307672
307673
307674
307675
307676
307677
309315
309316
309317
309318
309319
309320
309321
309322
309323
309324
309325
309326
309327
309328
309329
309330
309331
309332
309333
309334
-1640
-3560
-5480
-5481
-7398
-9318
-11238
-13158
-15077
-16996
-18915
-20834
-22753
-24672
-26591
-28510
-30429
-32348
-34267
-36186
-38105
-40024
-41943
-43862
-45781
-47700
-49619
-51538
-53457
-55376
-57295
-59214
-61133
-63052
-64971
-66890
-68809
-70728
-72647
-74566
-76486
-78406
-80326
-82246
-84166
-86086
-88006
-89926
-91846
-93765
-95684
-97603
-99522
-101441
-103360
-105279
-107198
-109117
-111036
-112955
-114874
-116793
-118712
-120631
-122550
-124469
-126388
-128307
-130226
-132145
-134064
-135983
-137902
-139821
-141740
-143659
-145578
-147497
-149416
-151335
-152436
1680
3600
5520
7440
9360
11280
13200
15119
17038
18957
20876
22795
24714
26633
26634
28550
30469
32388
34307
36226
38145
40064
41983
43902
45821
47740
49659
51578
53497
55416
57335
59254
61173
63092
65011
66930
68849
70768
72687
74606
76526
78446
80366
82286
84206
86126
88046
89966
91886
93805
95724
97643
99562
101481
103400
105319
107238
109157
111076
112995
114914
116833
118752
120671
122590
124509
126428
128347
130266
132185
134104
136023
137942
139861
141780
143699
145618
147537
149456
151375
152456
)


// ************************************************************************* //
