/*--------------------------------*- C++ -*----------------------------------*\
| =========                 |                                                 |
| \\      /  F ield         | OpenFOAM: The Open Source CFD Toolbox           |
|  \\    /   O peration     | Version:  2.3.0                                 |
|   \\  /    A nd           | Web:      www.OpenFOAM.org                      |
|    \\/     M anipulation  |                                                 |
\*---------------------------------------------------------------------------*/
FoamFile
{
    version     2.0;
    format      ascii;
    class       faceList;
    location    "constant/polyMesh";
    object      faces;
}
// * * * * * * * * * * * * * * * * * * * * * * * * * * * * * * * * * * * * * //


420
(
4(1 12 78 67)
4(11 77 78 12)
4(2 13 79 68)
4(12 78 79 13)
4(3 14 80 69)
4(13 79 80 14)
4(4 15 81 70)
4(14 80 81 15)
4(5 16 82 71)
4(15 81 82 16)
4(6 17 83 72)
4(16 82 83 17)
4(7 18 84 73)
4(17 83 84 18)
4(8 19 85 74)
4(18 84 85 19)
4(9 20 86 75)
4(19 85 86 20)
4(20 86 87 21)
4(12 23 89 78)
4(22 88 89 23)
4(13 24 90 79)
4(23 89 90 24)
4(14 25 91 80)
4(24 90 91 25)
4(15 26 92 81)
4(25 91 92 26)
4(16 27 93 82)
4(26 92 93 27)
4(17 28 94 83)
4(27 93 94 28)
4(18 29 95 84)
4(28 94 95 29)
4(19 30 96 85)
4(29 95 96 30)
4(20 31 97 86)
4(30 96 97 31)
4(31 97 98 32)
4(23 34 100 89)
4(33 99 100 34)
4(24 35 101 90)
4(34 100 101 35)
4(25 36 102 91)
4(35 101 102 36)
4(26 37 103 92)
4(36 102 103 37)
4(27 38 104 93)
4(37 103 104 38)
4(28 39 105 94)
4(38 104 105 39)
4(29 40 106 95)
4(39 105 106 40)
4(30 41 107 96)
4(40 106 107 41)
4(31 42 108 97)
4(41 107 108 42)
4(42 108 109 43)
4(34 45 111 100)
4(44 110 111 45)
4(35 46 112 101)
4(45 111 112 46)
4(36 47 113 102)
4(46 112 113 47)
4(37 48 114 103)
4(47 113 114 48)
4(38 49 115 104)
4(48 114 115 49)
4(39 50 116 105)
4(49 115 116 50)
4(40 51 117 106)
4(50 116 117 51)
4(41 52 118 107)
4(51 117 118 52)
4(42 53 119 108)
4(52 118 119 53)
4(53 119 120 54)
4(45 56 122 111)
4(55 121 122 56)
4(46 57 123 112)
4(56 122 123 57)
4(47 58 124 113)
4(57 123 124 58)
4(48 59 125 114)
4(58 124 125 59)
4(49 60 126 115)
4(59 125 126 60)
4(50 61 127 116)
4(60 126 127 61)
4(51 62 128 117)
4(61 127 128 62)
4(52 63 129 118)
4(62 128 129 63)
4(53 64 130 119)
4(63 129 130 64)
4(64 130 131 65)
4(56 133 188 122)
4(132 187 188 133)
4(57 134 189 123)
4(133 188 189 134)
4(58 135 190 124)
4(134 189 190 135)
4(59 136 191 125)
4(135 190 191 136)
4(60 137 192 126)
4(136 191 192 137)
4(61 138 193 127)
4(137 192 193 138)
4(62 139 194 128)
4(138 193 194 139)
4(63 140 195 129)
4(139 194 195 140)
4(64 141 196 130)
4(140 195 196 141)
4(141 196 197 142)
4(133 144 199 188)
4(143 198 199 144)
4(134 145 200 189)
4(144 199 200 145)
4(135 146 201 190)
4(145 200 201 146)
4(136 147 202 191)
4(146 201 202 147)
4(137 148 203 192)
4(147 202 203 148)
4(138 149 204 193)
4(148 203 204 149)
4(139 150 205 194)
4(149 204 205 150)
4(140 151 206 195)
4(150 205 206 151)
4(141 152 207 196)
4(151 206 207 152)
4(152 207 208 153)
4(144 155 210 199)
4(154 209 210 155)
4(145 156 211 200)
4(155 210 211 156)
4(146 157 212 201)
4(156 211 212 157)
4(147 158 213 202)
4(157 212 213 158)
4(148 159 214 203)
4(158 213 214 159)
4(149 160 215 204)
4(159 214 215 160)
4(150 161 216 205)
4(160 215 216 161)
4(151 162 217 206)
4(161 216 217 162)
4(152 163 218 207)
4(162 217 218 163)
4(163 218 219 164)
4(155 166 221 210)
4(165 220 221 166)
4(156 167 222 211)
4(166 221 222 167)
4(157 168 223 212)
4(167 222 223 168)
4(158 169 224 213)
4(168 223 224 169)
4(159 170 225 214)
4(169 224 225 170)
4(160 171 226 215)
4(170 225 226 171)
4(161 172 227 216)
4(171 226 227 172)
4(162 173 228 217)
4(172 227 228 173)
4(163 174 229 218)
4(173 228 229 174)
4(174 229 230 175)
4(166 177 232 221)
4(167 178 233 222)
4(168 179 234 223)
4(169 180 235 224)
4(170 181 236 225)
4(171 182 237 226)
4(172 183 238 227)
4(173 184 239 228)
4(174 185 240 229)
4(0 66 77 11)
4(11 77 88 22)
4(22 88 99 33)
4(33 99 110 44)
4(44 110 121 55)
4(55 121 187 132)
4(132 187 198 143)
4(143 198 209 154)
4(154 209 220 165)
4(165 220 231 176)
4(10 21 87 76)
4(21 32 98 87)
4(32 43 109 98)
4(43 54 120 109)
4(54 65 131 120)
4(65 142 197 131)
4(142 153 208 197)
4(153 164 219 208)
4(164 175 230 219)
4(175 186 241 230)
4(0 1 67 66)
4(1 2 68 67)
4(2 3 69 68)
4(3 4 70 69)
4(4 5 71 70)
4(5 6 72 71)
4(6 7 73 72)
4(7 8 74 73)
4(8 9 75 74)
4(9 10 76 75)
4(176 231 232 177)
4(177 232 233 178)
4(178 233 234 179)
4(179 234 235 180)
4(180 235 236 181)
4(181 236 237 182)
4(182 237 238 183)
4(183 238 239 184)
4(184 239 240 185)
4(185 240 241 186)
4(66 67 78 77)
4(77 78 89 88)
4(88 89 100 99)
4(99 100 111 110)
4(110 111 122 121)
4(67 68 79 78)
4(78 79 90 89)
4(89 90 101 100)
4(100 101 112 111)
4(111 112 123 122)
4(68 69 80 79)
4(79 80 91 90)
4(90 91 102 101)
4(101 102 113 112)
4(112 113 124 123)
4(69 70 81 80)
4(80 81 92 91)
4(91 92 103 102)
4(102 103 114 113)
4(113 114 125 124)
4(70 71 82 81)
4(81 82 93 92)
4(92 93 104 103)
4(103 104 115 114)
4(114 115 126 125)
4(71 72 83 82)
4(82 83 94 93)
4(93 94 105 104)
4(104 105 116 115)
4(115 116 127 126)
4(72 73 84 83)
4(83 84 95 94)
4(94 95 106 105)
4(105 106 117 116)
4(116 117 128 127)
4(73 74 85 84)
4(84 85 96 95)
4(95 96 107 106)
4(106 107 118 117)
4(117 118 129 128)
4(74 75 86 85)
4(85 86 97 96)
4(96 97 108 107)
4(107 108 119 118)
4(118 119 130 129)
4(75 76 87 86)
4(86 87 98 97)
4(97 98 109 108)
4(108 109 120 119)
4(119 120 131 130)
4(121 122 188 187)
4(187 188 199 198)
4(198 199 210 209)
4(209 210 221 220)
4(220 221 232 231)
4(122 123 189 188)
4(188 189 200 199)
4(199 200 211 210)
4(210 211 222 221)
4(221 222 233 232)
4(123 124 190 189)
4(189 190 201 200)
4(200 201 212 211)
4(211 212 223 222)
4(222 223 234 233)
4(124 125 191 190)
4(190 191 202 201)
4(201 202 213 212)
4(212 213 224 223)
4(223 224 235 234)
4(125 126 192 191)
4(191 192 203 202)
4(202 203 214 213)
4(213 214 225 224)
4(224 225 236 235)
4(126 127 193 192)
4(192 193 204 203)
4(203 204 215 214)
4(214 215 226 225)
4(225 226 237 236)
4(127 128 194 193)
4(193 194 205 204)
4(204 205 216 215)
4(215 216 227 226)
4(226 227 238 237)
4(128 129 195 194)
4(194 195 206 205)
4(205 206 217 216)
4(216 217 228 227)
4(227 228 239 238)
4(129 130 196 195)
4(195 196 207 206)
4(206 207 218 217)
4(217 218 229 228)
4(228 229 240 239)
4(130 131 197 196)
4(196 197 208 207)
4(207 208 219 218)
4(218 219 230 229)
4(229 230 241 240)
4(0 11 12 1)
4(11 22 23 12)
4(22 33 34 23)
4(33 44 45 34)
4(44 55 56 45)
4(1 12 13 2)
4(12 23 24 13)
4(23 34 35 24)
4(34 45 46 35)
4(45 56 57 46)
4(2 13 14 3)
4(13 24 25 14)
4(24 35 36 25)
4(35 46 47 36)
4(46 57 58 47)
4(3 14 15 4)
4(14 25 26 15)
4(25 36 37 26)
4(36 47 48 37)
4(47 58 59 48)
4(4 15 16 5)
4(15 26 27 16)
4(26 37 38 27)
4(37 48 49 38)
4(48 59 60 49)
4(5 16 17 6)
4(16 27 28 17)
4(27 38 39 28)
4(38 49 50 39)
4(49 60 61 50)
4(6 17 18 7)
4(17 28 29 18)
4(28 39 40 29)
4(39 50 51 40)
4(50 61 62 51)
4(7 18 19 8)
4(18 29 30 19)
4(29 40 41 30)
4(40 51 52 41)
4(51 62 63 52)
4(8 19 20 9)
4(19 30 31 20)
4(30 41 42 31)
4(41 52 53 42)
4(52 63 64 53)
4(9 20 21 10)
4(20 31 32 21)
4(31 42 43 32)
4(42 53 54 43)
4(53 64 65 54)
4(55 132 133 56)
4(132 143 144 133)
4(143 154 155 144)
4(154 165 166 155)
4(165 176 177 166)
4(56 133 134 57)
4(133 144 145 134)
4(144 155 156 145)
4(155 166 167 156)
4(166 177 178 167)
4(57 134 135 58)
4(134 145 146 135)
4(145 156 157 146)
4(156 167 168 157)
4(167 178 179 168)
4(58 135 136 59)
4(135 146 147 136)
4(146 157 158 147)
4(157 168 169 158)
4(168 179 180 169)
4(59 136 137 60)
4(136 147 148 137)
4(147 158 159 148)
4(158 169 170 159)
4(169 180 181 170)
4(60 137 138 61)
4(137 148 149 138)
4(148 159 160 149)
4(159 170 171 160)
4(170 181 182 171)
4(61 138 139 62)
4(138 149 150 139)
4(149 160 161 150)
4(160 171 172 161)
4(171 182 183 172)
4(62 139 140 63)
4(139 150 151 140)
4(150 161 162 151)
4(161 172 173 162)
4(172 183 184 173)
4(63 140 141 64)
4(140 151 152 141)
4(151 162 163 152)
4(162 173 174 163)
4(173 184 185 174)
4(64 141 142 65)
4(141 152 153 142)
4(152 163 164 153)
4(163 174 175 164)
4(174 185 186 175)
)


// ************************************************************************* //
