/*--------------------------------*- C++ -*----------------------------------*\
| =========                 |                                                 |
| \\      /  F ield         | OpenFOAM: The Open Source CFD Toolbox           |
|  \\    /   O peration     | Version:  2.3.0                                 |
|   \\  /    A nd           | Web:      www.OpenFOAM.org                      |
|    \\/     M anipulation  |                                                 |
\*---------------------------------------------------------------------------*/
FoamFile
{
    version     2.0;
    format      ascii;
    class       labelList;
    location    "constant/polyMesh";
    object      faceProcAddressing;
}
// * * * * * * * * * * * * * * * * * * * * * * * * * * * * * * * * * * * * * //


6525
(
352
353
354
355
356
357
358
359
360
361
362
363
364
365
366
367
368
369
370
371
372
373
374
375
376
377
378
379
380
381
382
383
384
385
386
387
388
389
391
2272
2273
2274
2275
2276
2277
2278
2279
2280
2281
2282
2283
2284
2285
2286
2287
2288
2289
2290
2291
2292
2293
2294
2295
2296
2297
2298
2299
2300
2301
2302
2303
2304
2305
2306
2307
2308
2309
2311
4192
4193
4194
4195
4196
4197
4198
4199
4200
4201
4202
4203
4204
4205
4206
4207
4208
4209
4210
4211
4212
4213
4214
4215
4216
4217
4218
4219
4220
4221
4222
4223
4224
4225
4226
4227
4228
4229
4231
6112
6113
6114
6115
6116
6117
6118
6119
6120
6121
6122
6123
6124
6125
6126
6127
6128
6129
6130
6131
6132
6133
6134
6135
6136
6137
6138
6139
6140
6141
6142
6143
6144
6145
6146
6147
6148
6149
6151
8032
8033
8034
8035
8036
8037
8038
8039
8040
8041
8042
8043
8044
8045
8046
8047
8048
8049
8050
8051
8052
8053
8054
8055
8056
8057
8058
8059
8060
8061
8062
8063
8064
8065
8066
8067
8068
8069
8071
9952
9953
9954
9955
9956
9957
9958
9959
9960
9961
9962
9963
9964
9965
9966
9967
9968
9969
9970
9971
9972
9973
9974
9975
9976
9977
9978
9979
9980
9981
9982
9983
9984
9985
9986
9987
9988
9989
9991
11872
11873
11874
11875
11876
11877
11878
11879
11880
11881
11882
11883
11884
11885
11886
11887
11888
11889
11890
11891
11892
11893
11894
11895
11896
11897
11898
11899
11900
11901
11902
11903
11904
11905
11906
11907
11908
11909
11911
13791
13792
13793
13794
13795
13796
13797
13798
13799
13800
13801
13802
13803
13804
13805
13806
13807
13808
13809
13810
13811
13812
13813
13814
13815
13816
13817
13818
13819
13820
13821
13822
13823
13824
13825
13826
13827
13828
13830
15710
15711
15712
15713
15714
15715
15716
15717
15718
15719
15720
15721
15722
15723
15724
15725
15726
15727
15728
15729
15730
15731
15732
15733
15734
15735
15736
15737
15738
15739
15740
15741
15742
15743
15744
15745
15746
15747
15749
17629
17630
17631
17632
17633
17634
17635
17636
17637
17638
17639
17640
17641
17642
17643
17644
17645
17646
17647
17648
17649
17650
17651
17652
17653
17654
17655
17656
17657
17658
17659
17660
17661
17662
17663
17664
17665
17666
17668
19548
19549
19550
19551
19552
19553
19554
19555
19556
19557
19558
19559
19560
19561
19562
19563
19564
19565
19566
19567
19568
19569
19570
19571
19572
19573
19574
19575
19576
19577
19578
19579
19580
19581
19582
19583
19584
19585
19587
21467
21468
21469
21470
21471
21472
21473
21474
21475
21476
21477
21478
21479
21480
21481
21482
21483
21484
21485
21486
21487
21488
21489
21490
21491
21492
21493
21494
21495
21496
21497
21498
21499
21500
21501
21502
21503
21504
21506
23386
23387
23388
23389
23390
23391
23392
23393
23394
23395
23396
23397
23398
23399
23400
23401
23402
23403
23404
23405
23406
23407
23408
23409
23410
23411
23412
23413
23414
23415
23416
23417
23418
23419
23420
23421
23422
23423
23425
25305
25306
25307
25308
25309
25310
25311
25312
25313
25314
25315
25316
25317
25318
25319
25320
25321
25322
25323
25324
25325
25326
25327
25328
25329
25330
25331
25332
25333
25334
25335
25336
25337
25338
25339
25340
25341
25342
25344
27224
27225
27226
27227
27228
27229
27230
27231
27232
27233
27234
27235
27236
27237
27238
27239
27240
27241
27242
27243
27244
27245
27246
27247
27248
27249
27250
27251
27252
27253
27254
27255
27256
27257
27258
27259
27260
27261
27263
29143
29144
29145
29146
29147
29148
29149
29150
29151
29152
29153
29154
29155
29156
29157
29158
29159
29160
29161
29162
29163
29164
29165
29166
29167
29168
29169
29170
29171
29172
29173
29174
29175
29176
29177
29178
29179
29180
29182
31062
31063
31064
31065
31066
31067
31068
31069
31070
31071
31072
31073
31074
31075
31076
31077
31078
31079
31080
31081
31082
31083
31084
31085
31086
31087
31088
31089
31090
31091
31092
31093
31094
31095
31096
31097
31098
31099
31101
32981
32982
32983
32984
32985
32986
32987
32988
32989
32990
32991
32992
32993
32994
32995
32996
32997
32998
32999
33000
33001
33002
33003
33004
33005
33006
33007
33008
33009
33010
33011
33012
33013
33014
33015
33016
33017
33018
33020
34900
34901
34902
34903
34904
34905
34906
34907
34908
34909
34910
34911
34912
34913
34914
34915
34916
34917
34918
34919
34920
34921
34922
34923
34924
34925
34926
34927
34928
34929
34930
34931
34932
34933
34934
34935
34936
34937
34939
36819
36820
36821
36822
36823
36824
36825
36826
36827
36828
36829
36830
36831
36832
36833
36834
36835
36836
36837
36838
36839
36840
36841
36842
36843
36844
36845
36846
36847
36848
36849
36850
36851
36852
36853
36854
36855
36856
36858
38738
38739
38740
38741
38742
38743
38744
38745
38746
38747
38748
38749
38750
38751
38752
38753
38754
38755
38756
38757
38758
38759
38760
38761
38762
38763
38764
38765
38766
38767
38768
38769
38770
38771
38772
38773
38774
38775
38777
40657
40658
40659
40660
40661
40662
40663
40664
40665
40666
40667
40668
40669
40670
40671
40672
40673
40674
40675
40676
40677
40678
40679
40680
40681
40682
40683
40684
40685
40686
40687
40688
40689
40690
40691
40692
40693
40694
40696
42576
42577
42578
42579
42580
42581
42582
42583
42584
42585
42586
42587
42588
42589
42590
42591
42592
42593
42594
42595
42596
42597
42598
42599
42600
42601
42602
42603
42604
42605
42606
42607
42608
42609
42610
42611
42612
42613
42615
44495
44496
44497
44498
44499
44500
44501
44502
44503
44504
44505
44506
44507
44508
44509
44510
44511
44512
44513
44514
44515
44516
44517
44518
44519
44520
44521
44522
44523
44524
44525
44526
44527
44528
44529
44530
44531
44532
44534
46414
46415
46416
46417
46418
46419
46420
46421
46422
46423
46424
46425
46426
46427
46428
46429
46430
46431
46432
46433
46434
46435
46436
46437
46438
46439
46440
46441
46442
46443
46444
46445
46446
46447
46448
46449
46450
46451
46453
48333
48334
48335
48336
48337
48338
48339
48340
48341
48342
48343
48344
48345
48346
48347
48348
48349
48350
48351
48352
48353
48354
48355
48356
48357
48358
48359
48360
48361
48362
48363
48364
48365
48366
48367
48368
48369
48370
48372
50252
50253
50254
50255
50256
50257
50258
50259
50260
50261
50262
50263
50264
50265
50266
50267
50268
50269
50270
50271
50272
50273
50274
50275
50276
50277
50278
50279
50280
50281
50282
50283
50284
50285
50286
50287
50288
50289
50291
52171
52172
52173
52174
52175
52176
52177
52178
52179
52180
52181
52182
52183
52184
52185
52186
52187
52188
52189
52190
52191
52192
52193
52194
52195
52196
52197
52198
52199
52200
52201
52202
52203
52204
52205
52206
52207
52208
52210
54090
54091
54092
54093
54094
54095
54096
54097
54098
54099
54100
54101
54102
54103
54104
54105
54106
54107
54108
54109
54110
54111
54112
54113
54114
54115
54116
54117
54118
54119
54120
54121
54122
54123
54124
54125
54126
54127
54129
56009
56010
56011
56012
56013
56014
56015
56016
56017
56018
56019
56020
56021
56022
56023
56024
56025
56026
56027
56028
56029
56030
56031
56032
56033
56034
56035
56036
56037
56038
56039
56040
56041
56042
56043
56044
56045
56046
56048
57928
57929
57930
57931
57932
57933
57934
57935
57936
57937
57938
57939
57940
57941
57942
57943
57944
57945
57946
57947
57948
57949
57950
57951
57952
57953
57954
57955
57956
57957
57958
57959
57960
57961
57962
57963
57964
57965
57967
59847
59848
59849
59850
59851
59852
59853
59854
59855
59856
59857
59858
59859
59860
59861
59862
59863
59864
59865
59866
59867
59868
59869
59870
59871
59872
59873
59874
59875
59876
59877
59878
59879
59880
59881
59882
59883
59884
59886
61766
61767
61768
61769
61770
61771
61772
61773
61774
61775
61776
61777
61778
61779
61780
61781
61782
61783
61784
61785
61786
61787
61788
61789
61790
61791
61792
61793
61794
61795
61796
61797
61798
61799
61800
61801
61802
61803
61805
63685
63686
63687
63688
63689
63690
63691
63692
63693
63694
63695
63696
63697
63698
63699
63700
63701
63702
63703
63704
63705
63706
63707
63708
63709
63710
63711
63712
63713
63714
63715
63716
63717
63718
63719
63720
63721
63722
63724
65604
65605
65606
65607
65608
65609
65610
65611
65612
65613
65614
65615
65616
65617
65618
65619
65620
65621
65622
65623
65624
65625
65626
65627
65628
65629
65630
65631
65632
65633
65634
65635
65636
65637
65638
65639
65640
65641
65643
67523
67524
67525
67526
67527
67528
67529
67530
67531
67532
67533
67534
67535
67536
67537
67538
67539
67540
67541
67542
67543
67544
67545
67546
67547
67548
67549
67550
67551
67552
67553
67554
67555
67556
67557
67558
67559
67560
67562
69442
69443
69444
69445
69446
69447
69448
69449
69450
69451
69452
69453
69454
69455
69456
69457
69458
69459
69460
69461
69462
69463
69464
69465
69466
69467
69468
69469
69470
69471
69472
69473
69474
69475
69476
69477
69478
69479
69481
71361
71362
71363
71364
71365
71366
71367
71368
71369
71370
71371
71372
71373
71374
71375
71376
71377
71378
71379
71380
71381
71382
71383
71384
71385
71386
71387
71388
71389
71390
71391
71392
71393
71394
71395
71396
71397
71398
71400
73280
73281
73282
73283
73284
73285
73286
73287
73288
73289
73290
73291
73292
73293
73294
73295
73296
73297
73298
73299
73300
73301
73302
73303
73304
73305
73306
73307
73308
73309
73310
73311
73312
73313
73314
73315
73316
73317
73319
75200
75201
75202
75203
75204
75205
75206
75207
75208
75209
75210
75211
75212
75213
75214
75215
75216
75217
75218
75219
75220
75221
75222
75223
75224
75225
75226
75227
75228
75229
75230
75231
75232
75233
75234
75235
75236
75237
75239
77120
77121
77122
77123
77124
77125
77126
77127
77128
77129
77130
77131
77132
77133
77134
77135
77136
77137
77138
77139
77140
77141
77142
77143
77144
77145
77146
77147
77148
77149
77150
77151
77152
77153
77154
77155
77156
77157
77159
79040
79041
79042
79043
79044
79045
79046
79047
79048
79049
79050
79051
79052
79053
79054
79055
79056
79057
79058
79059
79060
79061
79062
79063
79064
79065
79066
79067
79068
79069
79070
79071
79072
79073
79074
79075
79076
79077
79079
80960
80961
80962
80963
80964
80965
80966
80967
80968
80969
80970
80971
80972
80973
80974
80975
80976
80977
80978
80979
80980
80981
80982
80983
80984
80985
80986
80987
80988
80989
80990
80991
80992
80993
80994
80995
80996
80997
80999
82880
82881
82882
82883
82884
82885
82886
82887
82888
82889
82890
82891
82892
82893
82894
82895
82896
82897
82898
82899
82900
82901
82902
82903
82904
82905
82906
82907
82908
82909
82910
82911
82912
82913
82914
82915
82916
82917
82919
84800
84801
84802
84803
84804
84805
84806
84807
84808
84809
84810
84811
84812
84813
84814
84815
84816
84817
84818
84819
84820
84821
84822
84823
84824
84825
84826
84827
84828
84829
84830
84831
84832
84833
84834
84835
84836
84837
84839
86720
86721
86722
86723
86724
86725
86726
86727
86728
86729
86730
86731
86732
86733
86734
86735
86736
86737
86738
86739
86740
86741
86742
86743
86744
86745
86746
86747
86748
86749
86750
86751
86752
86753
86754
86755
86756
86757
86759
88640
88641
88642
88643
88644
88645
88646
88647
88648
88649
88650
88651
88652
88653
88654
88655
88656
88657
88658
88659
88660
88661
88662
88663
88664
88665
88666
88667
88668
88669
88670
88671
88672
88673
88674
88675
88676
88677
88679
90560
90561
90562
90563
90564
90565
90566
90567
90568
90569
90570
90571
90572
90573
90574
90575
90576
90577
90578
90579
90580
90581
90582
90583
90584
90585
90586
90587
90588
90589
90590
90591
90592
90593
90594
90595
90596
90597
90599
92479
92480
92481
92482
92483
92484
92485
92486
92487
92488
92489
92490
92491
92492
92493
92494
92495
92496
92497
92498
92499
92500
92501
92502
92503
92504
92505
92506
92507
92508
92509
92510
92511
92512
92513
92514
92515
92516
92518
94398
94399
94400
94401
94402
94403
94404
94405
94406
94407
94408
94409
94410
94411
94412
94413
94414
94415
94416
94417
94418
94419
94420
94421
94422
94423
94424
94425
94426
94427
94428
94429
94430
94431
94432
94433
94434
94435
94437
96317
96318
96319
96320
96321
96322
96323
96324
96325
96326
96327
96328
96329
96330
96331
96332
96333
96334
96335
96336
96337
96338
96339
96340
96341
96342
96343
96344
96345
96346
96347
96348
96349
96350
96351
96352
96353
96354
96356
98234
98235
98236
98237
98238
98239
98240
98241
98242
98243
98244
98245
98246
98247
98248
98249
98250
98251
98252
98253
98254
98255
98256
98257
98258
98259
98260
98261
98262
98263
98264
98265
98266
98267
98268
98269
98270
98271
98272
98273
98275
100153
100154
100155
100156
100157
100158
100159
100160
100161
100162
100163
100164
100165
100166
100167
100168
100169
100170
100171
100172
100173
100174
100175
100176
100177
100178
100179
100180
100181
100182
100183
100184
100185
100186
100187
100188
100189
100190
100191
100192
100194
102072
102073
102074
102075
102076
102077
102078
102079
102080
102081
102082
102083
102084
102085
102086
102087
102088
102089
102090
102091
102092
102093
102094
102095
102096
102097
102098
102099
102100
102101
102102
102103
102104
102105
102106
102107
102108
102109
102110
102111
102113
103991
103992
103993
103994
103995
103996
103997
103998
103999
104000
104001
104002
104003
104004
104005
104006
104007
104008
104009
104010
104011
104012
104013
104014
104015
104016
104017
104018
104019
104020
104021
104022
104023
104024
104025
104026
104027
104028
104029
104030
104032
105910
105911
105912
105913
105914
105915
105916
105917
105918
105919
105920
105921
105922
105923
105924
105925
105926
105927
105928
105929
105930
105931
105932
105933
105934
105935
105936
105937
105938
105939
105940
105941
105942
105943
105944
105945
105946
105947
105948
105949
105951
107829
107830
107831
107832
107833
107834
107835
107836
107837
107838
107839
107840
107841
107842
107843
107844
107845
107846
107847
107848
107849
107850
107851
107852
107853
107854
107855
107856
107857
107858
107859
107860
107861
107862
107863
107864
107865
107866
107867
107868
107870
109748
109749
109750
109751
109752
109753
109754
109755
109756
109757
109758
109759
109760
109761
109762
109763
109764
109765
109766
109767
109768
109769
109770
109771
109772
109773
109774
109775
109776
109777
109778
109779
109780
109781
109782
109783
109784
109785
109786
109787
109789
111667
111668
111669
111670
111671
111672
111673
111674
111675
111676
111677
111678
111679
111680
111681
111682
111683
111684
111685
111686
111687
111688
111689
111690
111691
111692
111693
111694
111695
111696
111697
111698
111699
111700
111701
111702
111703
111704
111705
111706
111708
113586
113587
113588
113589
113590
113591
113592
113593
113594
113595
113596
113597
113598
113599
113600
113601
113602
113603
113604
113605
113606
113607
113608
113609
113610
113611
113612
113613
113614
113615
113616
113617
113618
113619
113620
113621
113622
113623
113624
113625
113627
115505
115506
115507
115508
115509
115510
115511
115512
115513
115514
115515
115516
115517
115518
115519
115520
115521
115522
115523
115524
115525
115526
115527
115528
115529
115530
115531
115532
115533
115534
115535
115536
115537
115538
115539
115540
115541
115542
115543
115544
115546
117424
117425
117426
117427
117428
117429
117430
117431
117432
117433
117434
117435
117436
117437
117438
117439
117440
117441
117442
117443
117444
117445
117446
117447
117448
117449
117450
117451
117452
117453
117454
117455
117456
117457
117458
117459
117460
117461
117462
117463
119343
119344
119345
119346
119347
119348
119349
119350
119351
119352
119353
119354
119355
119356
119357
119358
119359
119360
119361
119362
119363
119364
119365
119366
119367
119368
119369
119370
119371
119372
119373
119374
119375
119376
119377
119378
119379
119380
119382
121262
121263
121264
121265
121266
121267
121268
121269
121270
121271
121272
121273
121274
121275
121276
121277
121278
121279
121280
121281
121282
121283
121284
121285
121286
121287
121288
121289
121290
121291
121292
121293
121294
121295
121296
121297
121298
121299
121301
123181
123182
123183
123184
123185
123186
123187
123188
123189
123190
123191
123192
123193
123194
123195
123196
123197
123198
123199
123200
123201
123202
123203
123204
123205
123206
123207
123208
123209
123210
123211
123212
123213
123214
123215
123216
123217
123218
123220
125100
125101
125102
125103
125104
125105
125106
125107
125108
125109
125110
125111
125112
125113
125114
125115
125116
125117
125118
125119
125120
125121
125122
125123
125124
125125
125126
125127
125128
125129
125130
125131
125132
125133
125134
125135
125136
125137
125139
127019
127020
127021
127022
127023
127024
127025
127026
127027
127028
127029
127030
127031
127032
127033
127034
127035
127036
127037
127038
127039
127040
127041
127042
127043
127044
127045
127046
127047
127048
127049
127050
127051
127052
127053
127054
127055
127056
127058
128938
128939
128940
128941
128942
128943
128944
128945
128946
128947
128948
128949
128950
128951
128952
128953
128954
128955
128956
128957
128958
128959
128960
128961
128962
128963
128964
128965
128966
128967
128968
128969
128970
128971
128972
128973
128974
128975
128977
130857
130858
130859
130860
130861
130862
130863
130864
130865
130866
130867
130868
130869
130870
130871
130872
130873
130874
130875
130876
130877
130878
130879
130880
130881
130882
130883
130884
130885
130886
130887
130888
130889
130890
130891
130892
130893
130894
130896
132776
132777
132778
132779
132780
132781
132782
132783
132784
132785
132786
132787
132788
132789
132790
132791
132792
132793
132794
132795
132796
132797
132798
132799
132800
132801
132802
132803
132804
132805
132806
132807
132808
132809
132810
132811
132812
132813
132815
134695
134696
134697
134698
134699
134700
134701
134702
134703
134704
134705
134706
134707
134708
134709
134710
134711
134712
134713
134714
134715
134716
134717
134718
134719
134720
134721
134722
134723
134724
134725
134726
134727
134728
134729
134730
134731
134732
134734
136614
136615
136616
136617
136618
136619
136620
136621
136622
136623
136624
136625
136626
136627
136628
136629
136630
136631
136632
136633
136634
136635
136636
136637
136638
136639
136640
136641
136642
136643
136644
136645
136646
136647
136648
136649
136650
136651
136653
138533
138534
138535
138536
138537
138538
138539
138540
138541
138542
138543
138544
138545
138546
138547
138548
138549
138550
138551
138552
138553
138554
138555
138556
138557
138558
138559
138560
138561
138562
138563
138564
138565
138566
138567
138568
138569
138570
138572
140452
140453
140454
140455
140456
140457
140458
140459
140460
140461
140462
140463
140464
140465
140466
140467
140468
140469
140470
140471
140472
140473
140474
140475
140476
140477
140478
140479
140480
140481
140482
140483
140484
140485
140486
140487
140488
140489
140491
142371
142372
142373
142374
142375
142376
142377
142378
142379
142380
142381
142382
142383
142384
142385
142386
142387
142388
142389
142390
142391
142392
142393
142394
142395
142396
142397
142398
142399
142400
142401
142402
142403
142404
142405
142406
142407
142408
142410
144290
144291
144292
144293
144294
144295
144296
144297
144298
144299
144300
144301
144302
144303
144304
144305
144306
144307
144308
144309
144310
144311
144312
144313
144314
144315
144316
144317
144318
144319
144320
144321
144322
144323
144324
144325
144326
144327
144329
146209
146210
146211
146212
146213
146214
146215
146216
146217
146218
146219
146220
146221
146222
146223
146224
146225
146226
146227
146228
146229
146230
146231
146232
146233
146234
146235
146236
146237
146238
146239
146240
146241
146242
146243
146244
146245
146246
146248
148128
148129
148130
148131
148132
148133
148134
148135
148136
148137
148138
148139
148140
148141
148142
148143
148144
148145
148146
148147
148148
148149
148150
148151
148152
148153
148154
148155
148156
148157
148158
148159
148160
148161
148162
148163
148164
148165
148167
150047
150048
150049
150050
150051
150052
150053
150054
150055
150056
150057
150058
150059
150060
150061
150062
150063
150064
150065
150066
150067
150068
150069
150070
150071
150072
150073
150074
150075
150076
150077
150078
150079
150080
150081
150082
150083
150084
150086
151792
151793
151794
151795
151796
151797
151798
151799
151800
151801
151802
151803
151804
151805
151806
151807
151808
151809
151810
153837
153838
153839
153840
153841
153842
153843
153844
153845
153846
153847
153848
153849
153850
153851
153852
153853
153854
153855
153856
154797
154798
154799
154800
154801
154802
154803
154804
154805
154806
154807
154808
154809
154810
154811
154812
154813
154814
154815
154816
155757
155758
155759
155760
155761
155762
155763
155764
155765
155766
155767
155768
155769
155770
155771
155772
155773
155774
155775
155776
156717
156718
156719
156720
156721
156722
156723
156724
156725
156726
156727
156728
156729
156730
156731
156732
156733
156734
156735
156736
157677
157678
157679
157680
157681
157682
157683
157684
157685
157686
157687
157688
157689
157690
157691
157692
157693
157694
157695
157696
158637
158638
158639
158640
158641
158642
158643
158644
158645
158646
158647
158648
158649
158650
158651
158652
158653
158654
158655
158656
159597
159598
159599
159600
159601
159602
159603
159604
159605
159606
159607
159608
159609
159610
159611
159612
159613
159614
159615
159616
160557
160558
160559
160560
160561
160562
160563
160564
160565
160566
160567
160568
160569
160570
160571
160572
160573
160574
160575
160576
161517
161518
161519
161520
161521
161522
161523
161524
161525
161526
161527
161528
161529
161530
161531
161532
161533
161534
161535
161536
162477
162478
162479
162480
162481
162482
162483
162484
162485
162486
162487
162488
162489
162490
162491
162492
162493
162494
162495
162496
163437
163438
163439
163440
163441
163442
163443
163444
163445
163446
163447
163448
163449
163450
163451
163452
163453
163454
163455
163456
164397
164398
164399
164400
164401
164402
164403
164404
164405
164406
164407
164408
164409
164410
164411
164412
164413
164414
164415
164416
165357
165358
165359
165360
165361
165362
165363
165364
165365
165366
165367
165368
165369
165370
165371
165372
165373
165374
165375
165376
166317
166318
166319
166320
166321
166322
166323
166324
166325
166326
166327
166328
166329
166330
166331
166332
166333
166334
166335
166336
167277
167278
167279
167280
167281
167282
167283
167284
167285
167286
167287
167288
167289
167290
167291
167292
167293
167294
167295
167296
168237
168238
168239
168240
168241
168242
168243
168244
168245
168246
168247
168248
168249
168250
168251
168252
168253
168254
168255
168256
169197
169198
169199
169200
169201
169202
169203
169204
169205
169206
169207
169208
169209
169210
169211
169212
169213
169214
169215
169216
170157
170158
170159
170160
170161
170162
170163
170164
170165
170166
170167
170168
170169
170170
170171
170172
170173
170174
170175
170176
171117
171118
171119
171120
171121
171122
171123
171124
171125
171126
171127
171128
171129
171130
171131
171132
171133
171134
171135
171136
172077
172078
172079
172080
172081
172082
172083
172084
172085
172086
172087
172088
172089
172090
172091
172092
172093
172094
172095
172096
173037
173038
173039
173040
173041
173042
173043
173044
173045
173046
173047
173048
173049
173050
173051
173052
173053
173054
173055
173056
173997
173998
173999
174000
174001
174002
174003
174004
174005
174006
174007
174008
174009
174010
174011
174012
174013
174014
174015
174016
174957
174958
174959
174960
174961
174962
174963
174964
174965
174966
174967
174968
174969
174970
174971
174972
174973
174974
174975
174976
175917
175918
175919
175920
175921
175922
175923
175924
175925
175926
175927
175928
175929
175930
175931
175932
175933
175934
175935
175936
176877
176878
176879
176880
176881
176882
176883
176884
176885
176886
176887
176888
176889
176890
176891
176892
176893
176894
176895
176896
177837
177838
177839
177840
177841
177842
177843
177844
177845
177846
177847
177848
177849
177850
177851
177852
177853
177854
177855
177856
178797
178798
178799
178800
178801
178802
178803
178804
178805
178806
178807
178808
178809
178810
178811
178812
178813
178814
178815
178816
179757
179758
179759
179760
179761
179762
179763
179764
179765
179766
179767
179768
179769
179770
179771
179772
179773
179774
179775
179776
180717
180718
180719
180720
180721
180722
180723
180724
180725
180726
180727
180728
180729
180730
180731
180732
180733
180734
180735
180736
181677
181678
181679
181680
181681
181682
181683
181684
181685
181686
181687
181688
181689
181690
181691
181692
181693
181694
181695
181696
182637
182638
182639
182640
182641
182642
182643
182644
182645
182646
182647
182648
182649
182650
182651
182652
182653
182654
182655
182656
183597
183598
183599
183600
183601
183602
183603
183604
183605
183606
183607
183608
183609
183610
183611
183612
183613
183614
183615
183616
184557
184558
184559
184560
184561
184562
184563
184564
184565
184566
184567
184568
184569
184570
184571
184572
184573
184574
184575
184576
185517
185518
185519
185520
185521
185522
185523
185524
185525
185526
185527
185528
185529
185530
185531
185532
185533
185534
185535
185536
186477
186478
186479
186480
186481
186482
186483
186484
186485
186486
186487
186488
186489
186490
186491
186492
186493
186494
186495
186496
187437
187438
187439
187440
187441
187442
187443
187444
187445
187446
187447
187448
187449
187450
187451
187452
187453
187454
187455
187456
188397
188398
188399
188400
188401
188402
188403
188404
188405
188406
188407
188408
188409
188410
188411
188412
188413
188414
188415
188416
189357
189358
189359
189360
189361
189362
189363
189364
189365
189366
189367
189368
189369
189370
189371
189372
189373
189374
189375
189376
190317
190318
190319
190320
190321
190322
190323
190324
190325
190326
190327
190328
190329
190330
190331
190332
190333
190334
190335
190336
191277
191278
191279
191280
191281
191282
191283
191284
191285
191286
191287
191288
191289
191290
191291
191292
191293
191294
191295
191296
192237
192238
192239
192240
192241
192242
192243
192244
192245
192246
192247
192248
192249
192250
192251
192252
192253
192254
192255
192256
193197
193198
193199
193200
193201
193202
193203
193204
193205
193206
193207
193208
193209
193210
193211
193212
193213
193214
193215
193216
194157
194158
194159
194160
194161
194162
194163
194164
194165
194166
194167
194168
194169
194170
194171
194172
194173
194174
194175
194176
195117
195118
195119
195120
195121
195122
195123
195124
195125
195126
195127
195128
195129
195130
195131
195132
195133
195134
195135
195136
196077
196078
196079
196080
196081
196082
196083
196084
196085
196086
196087
196088
196089
196090
196091
196092
196093
196094
196095
196096
197037
197038
197039
197040
197041
197042
197043
197044
197045
197046
197047
197048
197049
197050
197051
197052
197053
197054
197055
197056
197997
197998
197999
198000
198001
198002
198003
198004
198005
198006
198007
198008
198009
198010
198011
198012
198013
198014
198015
198016
198957
198958
198959
198960
198961
198962
198963
198964
198965
198966
198967
198968
198969
198970
198971
198972
198973
198974
198975
198976
199917
199918
199919
199920
199921
199922
199923
199924
199925
199926
199927
199928
199929
199930
199931
199932
199933
199934
199935
199936
200877
200878
200879
200880
200881
200882
200883
200884
200885
200886
200887
200888
200889
200890
200891
200892
200893
200894
200895
200896
201837
201838
201839
201840
201841
201842
201843
201844
201845
201846
201847
201848
201849
201850
201851
201852
201853
201854
201855
201856
202796
202797
202798
202799
202800
202801
202802
202803
202804
202805
202806
202807
202808
202809
202810
202811
202812
202813
202814
202815
202816
203756
203757
203758
203759
203760
203761
203762
203763
203764
203765
203766
203767
203768
203769
203770
203771
203772
203773
203774
203775
203776
204716
204717
204718
204719
204720
204721
204722
204723
204724
204725
204726
204727
204728
204729
204730
204731
204732
204733
204734
204735
204736
205676
205677
205678
205679
205680
205681
205682
205683
205684
205685
205686
205687
205688
205689
205690
205691
205692
205693
205694
205695
205696
206636
206637
206638
206639
206640
206641
206642
206643
206644
206645
206646
206647
206648
206649
206650
206651
206652
206653
206654
206655
206656
207596
207597
207598
207599
207600
207601
207602
207603
207604
207605
207606
207607
207608
207609
207610
207611
207612
207613
207614
207615
207616
208556
208557
208558
208559
208560
208561
208562
208563
208564
208565
208566
208567
208568
208569
208570
208571
208572
208573
208574
208575
208576
209516
209517
209518
209519
209520
209521
209522
209523
209524
209525
209526
209527
209528
209529
209530
209531
209532
209533
209534
209535
209536
210476
210477
210478
210479
210480
210481
210482
210483
210484
210485
210486
210487
210488
210489
210490
210491
210492
210493
210494
210495
210496
211436
211437
211438
211439
211440
211441
211442
211443
211444
211445
211446
211447
211448
211449
211450
211451
211452
211453
211454
211455
211456
212396
212397
212398
212399
212400
212401
212402
212403
212404
212405
212406
212407
212408
212409
212410
212411
212412
212413
212414
212415
212416
213356
213357
213358
213359
213360
213361
213362
213363
213364
213365
213366
213367
213368
213369
213370
213371
213372
213373
213374
213375
214316
214317
214318
214319
214320
214321
214322
214323
214324
214325
214326
214327
214328
214329
214330
214331
214332
214333
214334
214335
215276
215277
215278
215279
215280
215281
215282
215283
215284
215285
215286
215287
215288
215289
215290
215291
215292
215293
215294
215295
216236
216237
216238
216239
216240
216241
216242
216243
216244
216245
216246
216247
216248
216249
216250
216251
216252
216253
216254
216255
217196
217197
217198
217199
217200
217201
217202
217203
217204
217205
217206
217207
217208
217209
217210
217211
217212
217213
217214
217215
218156
218157
218158
218159
218160
218161
218162
218163
218164
218165
218166
218167
218168
218169
218170
218171
218172
218173
218174
218175
219116
219117
219118
219119
219120
219121
219122
219123
219124
219125
219126
219127
219128
219129
219130
219131
219132
219133
219134
219135
220076
220077
220078
220079
220080
220081
220082
220083
220084
220085
220086
220087
220088
220089
220090
220091
220092
220093
220094
220095
221036
221037
221038
221039
221040
221041
221042
221043
221044
221045
221046
221047
221048
221049
221050
221051
221052
221053
221054
221055
221996
221997
221998
221999
222000
222001
222002
222003
222004
222005
222006
222007
222008
222009
222010
222011
222012
222013
222014
222015
222956
222957
222958
222959
222960
222961
222962
222963
222964
222965
222966
222967
222968
222969
222970
222971
222972
222973
222974
222975
223916
223917
223918
223919
223920
223921
223922
223923
223924
223925
223926
223927
223928
223929
223930
223931
223932
223933
223934
223935
224876
224877
224878
224879
224880
224881
224882
224883
224884
224885
224886
224887
224888
224889
224890
224891
224892
224893
224894
224895
225836
225837
225838
225839
225840
225841
225842
225843
225844
225845
225846
225847
225848
225849
225850
225851
225852
225853
225854
225855
226796
226797
226798
226799
226800
226801
226802
226803
226804
226805
226806
226807
226808
226809
226810
226811
226812
226813
226814
226815
227756
227757
227758
227759
227760
227761
227762
227763
227764
227765
227766
227767
227768
227769
227770
227771
227772
227773
227774
227775
228716
228717
228718
228719
228720
228721
228722
228723
228724
228725
228726
228727
228728
228729
228730
228731
228732
228733
228734
228735
229676
229677
229678
229679
229680
229681
229682
229683
229684
229685
229686
229687
229688
229689
229690
229691
229692
229693
229694
229695
231174
231175
231176
231177
231178
231179
231180
231181
231182
231183
231184
231185
231186
231187
231188
231189
231190
231191
231192
231193
232134
232135
232136
232137
232138
232139
232140
232141
232142
232143
232144
232145
232146
232147
232148
232149
232150
232151
232152
232153
233094
233095
233096
233097
233098
233099
233100
233101
233102
233103
233104
233105
233106
233107
233108
233109
233110
233111
233112
233113
234054
234055
234056
234057
234058
234059
234060
234061
234062
234063
234064
234065
234066
234067
234068
234069
234070
234071
234072
234073
235014
235015
235016
235017
235018
235019
235020
235021
235022
235023
235024
235025
235026
235027
235028
235029
235030
235031
235032
235033
235974
235975
235976
235977
235978
235979
235980
235981
235982
235983
235984
235985
235986
235987
235988
235989
235990
235991
235992
235993
236934
236935
236936
236937
236938
236939
236940
236941
236942
236943
236944
236945
236946
236947
236948
236949
236950
236951
236952
236953
237894
237895
237896
237897
237898
237899
237900
237901
237902
237903
237904
237905
237906
237907
237908
237909
237910
237911
237912
237913
238854
238855
238856
238857
238858
238859
238860
238861
238862
238863
238864
238865
238866
238867
238868
238869
238870
238871
238872
238873
239814
239815
239816
239817
239818
239819
239820
239821
239822
239823
239824
239825
239826
239827
239828
239829
239830
239831
239832
239833
240774
240775
240776
240777
240778
240779
240780
240781
240782
240783
240784
240785
240786
240787
240788
240789
240790
240791
240792
240793
241734
241735
241736
241737
241738
241739
241740
241741
241742
241743
241744
241745
241746
241747
241748
241749
241750
241751
241752
241753
242694
242695
242696
242697
242698
242699
242700
242701
242702
242703
242704
242705
242706
242707
242708
242709
242710
242711
242712
242713
243654
243655
243656
243657
243658
243659
243660
243661
243662
243663
243664
243665
243666
243667
243668
243669
243670
243671
243672
243673
244614
244615
244616
244617
244618
244619
244620
244621
244622
244623
244624
244625
244626
244627
244628
244629
244630
244631
244632
244633
245574
245575
245576
245577
245578
245579
245580
245581
245582
245583
245584
245585
245586
245587
245588
245589
245590
245591
245592
245593
246534
246535
246536
246537
246538
246539
246540
246541
246542
246543
246544
246545
246546
246547
246548
246549
246550
246551
246552
246553
247494
247495
247496
247497
247498
247499
247500
247501
247502
247503
247504
247505
247506
247507
247508
247509
247510
247511
247512
247513
248454
248455
248456
248457
248458
248459
248460
248461
248462
248463
248464
248465
248466
248467
248468
248469
248470
248471
248472
248473
249414
249415
249416
249417
249418
249419
249420
249421
249422
249423
249424
249425
249426
249427
249428
249429
249430
249431
249432
249433
250374
250375
250376
250377
250378
250379
250380
250381
250382
250383
250384
250385
250386
250387
250388
250389
250390
250391
250392
250393
251334
251335
251336
251337
251338
251339
251340
251341
251342
251343
251344
251345
251346
251347
251348
251349
251350
251351
251352
251353
252294
252295
252296
252297
252298
252299
252300
252301
252302
252303
252304
252305
252306
252307
252308
252309
252310
252311
252312
252313
253254
253255
253256
253257
253258
253259
253260
253261
253262
253263
253264
253265
253266
253267
253268
253269
253270
253271
253272
253273
254214
254215
254216
254217
254218
254219
254220
254221
254222
254223
254224
254225
254226
254227
254228
254229
254230
254231
254232
254233
255174
255175
255176
255177
255178
255179
255180
255181
255182
255183
255184
255185
255186
255187
255188
255189
255190
255191
255192
255193
256134
256135
256136
256137
256138
256139
256140
256141
256142
256143
256144
256145
256146
256147
256148
256149
256150
256151
256152
256153
257094
257095
257096
257097
257098
257099
257100
257101
257102
257103
257104
257105
257106
257107
257108
257109
257110
257111
257112
257113
258054
258055
258056
258057
258058
258059
258060
258061
258062
258063
258064
258065
258066
258067
258068
258069
258070
258071
258072
258073
259014
259015
259016
259017
259018
259019
259020
259021
259022
259023
259024
259025
259026
259027
259028
259029
259030
259031
259032
259033
259974
259975
259976
259977
259978
259979
259980
259981
259982
259983
259984
259985
259986
259987
259988
259989
259990
259991
259992
259993
260934
260935
260936
260937
260938
260939
260940
260941
260942
260943
260944
260945
260946
260947
260948
260949
260950
260951
260952
260953
261894
261895
261896
261897
261898
261899
261900
261901
261902
261903
261904
261905
261906
261907
261908
261909
261910
261911
261912
261913
262854
262855
262856
262857
262858
262859
262860
262861
262862
262863
262864
262865
262866
262867
262868
262869
262870
262871
262872
262873
263814
263815
263816
263817
263818
263819
263820
263821
263822
263823
263824
263825
263826
263827
263828
263829
263830
263831
263832
263833
264774
264775
264776
264777
264778
264779
264780
264781
264782
264783
264784
264785
264786
264787
264788
264789
264790
264791
264792
264793
265734
265735
265736
265737
265738
265739
265740
265741
265742
265743
265744
265745
265746
265747
265748
265749
265750
265751
265752
265753
266694
266695
266696
266697
266698
266699
266700
266701
266702
266703
266704
266705
266706
266707
266708
266709
266710
266711
266712
266713
267654
267655
267656
267657
267658
267659
267660
267661
267662
267663
267664
267665
267666
267667
267668
267669
267670
267671
267672
267673
268614
268615
268616
268617
268618
268619
268620
268621
268622
268623
268624
268625
268626
268627
268628
268629
268630
268631
268632
268633
269574
269575
269576
269577
269578
269579
269580
269581
269582
269583
269584
269585
269586
269587
269588
269589
269590
269591
269592
269593
270534
270535
270536
270537
270538
270539
270540
270541
270542
270543
270544
270545
270546
270547
270548
270549
270550
270551
270552
270553
271494
271495
271496
271497
271498
271499
271500
271501
271502
271503
271504
271505
271506
271507
271508
271509
271510
271511
271512
271513
272454
272455
272456
272457
272458
272459
272460
272461
272462
272463
272464
272465
272466
272467
272468
272469
272470
272471
272472
272473
273414
273415
273416
273417
273418
273419
273420
273421
273422
273423
273424
273425
273426
273427
273428
273429
273430
273431
273432
273433
274374
274375
274376
274377
274378
274379
274380
274381
274382
274383
274384
274385
274386
274387
274388
274389
274390
274391
274392
274393
275334
275335
275336
275337
275338
275339
275340
275341
275342
275343
275344
275345
275346
275347
275348
275349
275350
275351
275352
275353
276294
276295
276296
276297
276298
276299
276300
276301
276302
276303
276304
276305
276306
276307
276308
276309
276310
276311
276312
276313
277254
277255
277256
277257
277258
277259
277260
277261
277262
277263
277264
277265
277266
277267
277268
277269
277270
277271
277272
277273
278214
278215
278216
278217
278218
278219
278220
278221
278222
278223
278224
278225
278226
278227
278228
278229
278230
278231
278232
278233
279174
279175
279176
279177
279178
279179
279180
279181
279182
279183
279184
279185
279186
279187
279188
279189
279190
279191
279192
279193
280133
280134
280135
280136
280137
280138
280139
280140
280141
280142
280143
280144
280145
280146
280147
280148
280149
280150
280151
280152
280153
281093
281094
281095
281096
281097
281098
281099
281100
281101
281102
281103
281104
281105
281106
281107
281108
281109
281110
281111
281112
281113
282053
282054
282055
282056
282057
282058
282059
282060
282061
282062
282063
282064
282065
282066
282067
282068
282069
282070
282071
282072
282073
283013
283014
283015
283016
283017
283018
283019
283020
283021
283022
283023
283024
283025
283026
283027
283028
283029
283030
283031
283032
283033
283973
283974
283975
283976
283977
283978
283979
283980
283981
283982
283983
283984
283985
283986
283987
283988
283989
283990
283991
283992
283993
284933
284934
284935
284936
284937
284938
284939
284940
284941
284942
284943
284944
284945
284946
284947
284948
284949
284950
284951
284952
284953
285893
285894
285895
285896
285897
285898
285899
285900
285901
285902
285903
285904
285905
285906
285907
285908
285909
285910
285911
285912
285913
286853
286854
286855
286856
286857
286858
286859
286860
286861
286862
286863
286864
286865
286866
286867
286868
286869
286870
286871
286872
286873
287813
287814
287815
287816
287817
287818
287819
287820
287821
287822
287823
287824
287825
287826
287827
287828
287829
287830
287831
287832
287833
288773
288774
288775
288776
288777
288778
288779
288780
288781
288782
288783
288784
288785
288786
288787
288788
288789
288790
288791
288792
288793
289733
289734
289735
289736
289737
289738
289739
289740
289741
289742
289743
289744
289745
289746
289747
289748
289749
289750
289751
289752
289753
290693
290694
290695
290696
290697
290698
290699
290700
290701
290702
290703
290704
290705
290706
290707
290708
290709
290710
290711
290712
291653
291654
291655
291656
291657
291658
291659
291660
291661
291662
291663
291664
291665
291666
291667
291668
291669
291670
291671
291672
292613
292614
292615
292616
292617
292618
292619
292620
292621
292622
292623
292624
292625
292626
292627
292628
292629
292630
292631
292632
293573
293574
293575
293576
293577
293578
293579
293580
293581
293582
293583
293584
293585
293586
293587
293588
293589
293590
293591
293592
294533
294534
294535
294536
294537
294538
294539
294540
294541
294542
294543
294544
294545
294546
294547
294548
294549
294550
294551
294552
295493
295494
295495
295496
295497
295498
295499
295500
295501
295502
295503
295504
295505
295506
295507
295508
295509
295510
295511
295512
296453
296454
296455
296456
296457
296458
296459
296460
296461
296462
296463
296464
296465
296466
296467
296468
296469
296470
296471
296472
297413
297414
297415
297416
297417
297418
297419
297420
297421
297422
297423
297424
297425
297426
297427
297428
297429
297430
297431
297432
298373
298374
298375
298376
298377
298378
298379
298380
298381
298382
298383
298384
298385
298386
298387
298388
298389
298390
298391
298392
299333
299334
299335
299336
299337
299338
299339
299340
299341
299342
299343
299344
299345
299346
299347
299348
299349
299350
299351
299352
300293
300294
300295
300296
300297
300298
300299
300300
300301
300302
300303
300304
300305
300306
300307
300308
300309
300310
300311
300312
301253
301254
301255
301256
301257
301258
301259
301260
301261
301262
301263
301264
301265
301266
301267
301268
301269
301270
301271
301272
302213
302214
302215
302216
302217
302218
302219
302220
302221
302222
302223
302224
302225
302226
302227
302228
302229
302230
302231
302232
303173
303174
303175
303176
303177
303178
303179
303180
303181
303182
303183
303184
303185
303186
303187
303188
303189
303190
303191
303192
304133
304134
304135
304136
304137
304138
304139
304140
304141
304142
304143
304144
304145
304146
304147
304148
304149
304150
304151
304152
305093
305094
305095
305096
305097
305098
305099
305100
305101
305102
305103
305104
305105
305106
305107
305108
305109
305110
305111
305112
306053
306054
306055
306056
306057
306058
306059
306060
306061
306062
306063
306064
306065
306066
306067
306068
306069
306070
306071
306072
307013
307014
307015
307016
307017
307018
307019
307020
307021
307022
307023
307024
307025
307026
307027
307028
307029
307030
307031
307032
308670
308671
308672
308673
308674
308675
308676
308677
308678
308679
308680
308681
308682
308683
308684
308685
308686
308687
308688
308689
-350
-2270
-4190
-6110
-8030
-9950
-11870
-13789
-15708
-17627
-19546
-21465
-23384
-25303
-27222
-29141
-31060
-32979
-34898
-36817
-38736
-40655
-42574
-44493
-46412
-48331
-50250
-52169
-54088
-56007
-57926
-59845
-61764
-63683
-65602
-67521
-69440
-71359
-73278
-75198
-77118
-79038
-80958
-82878
-84798
-86718
-88638
-90558
-92477
-94396
-96315
-96316
-98232
-100151
-102070
-103989
-105908
-107827
-109746
-111665
-113584
-115503
-117422
-119341
-121260
-123179
-125098
-127017
-128936
-130855
-132774
-134693
-136612
-138531
-140450
-142369
-144288
-146207
-148126
-150045
-151791
390
2310
4230
6150
8070
9990
11910
13829
15748
17667
19586
21505
23424
25343
27262
29181
31100
33019
34938
36857
38776
40695
42614
44533
46452
48371
50290
52209
54128
56047
57966
59885
61804
63723
65642
67561
69480
71399
73318
75238
77158
79078
80998
82918
84838
86758
88678
90598
92517
94436
96355
98274
100193
102112
104031
105950
107869
109788
111707
113626
115545
117464
117465
119381
121300
123219
125138
127057
128976
130895
132814
134733
136652
138571
140490
142409
144328
146247
148166
150085
151811
)


// ************************************************************************* //
