/*--------------------------------*- C++ -*----------------------------------*\
| =========                 |                                                 |
| \\      /  F ield         | OpenFOAM: The Open Source CFD Toolbox           |
|  \\    /   O peration     | Version:  2.3.0                                 |
|   \\  /    A nd           | Web:      www.OpenFOAM.org                      |
|    \\/     M anipulation  |                                                 |
\*---------------------------------------------------------------------------*/
FoamFile
{
    version     2.0;
    format      ascii;
    class       labelList;
    location    "constant/polyMesh";
    object      pointProcAddressing;
}
// * * * * * * * * * * * * * * * * * * * * * * * * * * * * * * * * * * * * * //


3405
(
175
176
177
178
179
180
181
182
183
184
185
186
187
188
189
190
191
192
193
194
195
1136
1137
1138
1139
1140
1141
1142
1143
1144
1145
1146
1147
1148
1149
1150
1151
1152
1153
1154
1155
1156
2097
2098
2099
2100
2101
2102
2103
2104
2105
2106
2107
2108
2109
2110
2111
2112
2113
2114
2115
2116
2117
3058
3059
3060
3061
3062
3063
3064
3065
3066
3067
3068
3069
3070
3071
3072
3073
3074
3075
3076
3077
3078
4019
4020
4021
4022
4023
4024
4025
4026
4027
4028
4029
4030
4031
4032
4033
4034
4035
4036
4037
4038
4039
4980
4981
4982
4983
4984
4985
4986
4987
4988
4989
4990
4991
4992
4993
4994
4995
4996
4997
4998
4999
5000
5941
5942
5943
5944
5945
5946
5947
5948
5949
5950
5951
5952
5953
5954
5955
5956
5957
5958
5959
5960
5961
6902
6903
6904
6905
6906
6907
6908
6909
6910
6911
6912
6913
6914
6915
6916
6917
6918
6919
6920
6921
6922
7863
7864
7865
7866
7867
7868
7869
7870
7871
7872
7873
7874
7875
7876
7877
7878
7879
7880
7881
7882
7883
8824
8825
8826
8827
8828
8829
8830
8831
8832
8833
8834
8835
8836
8837
8838
8839
8840
8841
8842
8843
8844
9785
9786
9787
9788
9789
9790
9791
9792
9793
9794
9795
9796
9797
9798
9799
9800
9801
9802
9803
9804
9805
10746
10747
10748
10749
10750
10751
10752
10753
10754
10755
10756
10757
10758
10759
10760
10761
10762
10763
10764
10765
10766
11707
11708
11709
11710
11711
11712
11713
11714
11715
11716
11717
11718
11719
11720
11721
11722
11723
11724
11725
11726
11727
12668
12669
12670
12671
12672
12673
12674
12675
12676
12677
12678
12679
12680
12681
12682
12683
12684
12685
12686
12687
12688
13629
13630
13631
13632
13633
13634
13635
13636
13637
13638
13639
13640
13641
13642
13643
13644
13645
13646
13647
13648
13649
14590
14591
14592
14593
14594
14595
14596
14597
14598
14599
14600
14601
14602
14603
14604
14605
14606
14607
14608
14609
14610
15551
15552
15553
15554
15555
15556
15557
15558
15559
15560
15561
15562
15563
15564
15565
15566
15567
15568
15569
15570
15571
16512
16513
16514
16515
16516
16517
16518
16519
16520
16521
16522
16523
16524
16525
16526
16527
16528
16529
16530
16531
16532
17473
17474
17475
17476
17477
17478
17479
17480
17481
17482
17483
17484
17485
17486
17487
17488
17489
17490
17491
17492
17493
18434
18435
18436
18437
18438
18439
18440
18441
18442
18443
18444
18445
18446
18447
18448
18449
18450
18451
18452
18453
18454
19395
19396
19397
19398
19399
19400
19401
19402
19403
19404
19405
19406
19407
19408
19409
19410
19411
19412
19413
19414
19415
20356
20357
20358
20359
20360
20361
20362
20363
20364
20365
20366
20367
20368
20369
20370
20371
20372
20373
20374
20375
20376
21317
21318
21319
21320
21321
21322
21323
21324
21325
21326
21327
21328
21329
21330
21331
21332
21333
21334
21335
21336
21337
22278
22279
22280
22281
22282
22283
22284
22285
22286
22287
22288
22289
22290
22291
22292
22293
22294
22295
22296
22297
22298
23239
23240
23241
23242
23243
23244
23245
23246
23247
23248
23249
23250
23251
23252
23253
23254
23255
23256
23257
23258
23259
24200
24201
24202
24203
24204
24205
24206
24207
24208
24209
24210
24211
24212
24213
24214
24215
24216
24217
24218
24219
24220
25161
25162
25163
25164
25165
25166
25167
25168
25169
25170
25171
25172
25173
25174
25175
25176
25177
25178
25179
25180
25181
26122
26123
26124
26125
26126
26127
26128
26129
26130
26131
26132
26133
26134
26135
26136
26137
26138
26139
26140
26141
26142
27083
27084
27085
27086
27087
27088
27089
27090
27091
27092
27093
27094
27095
27096
27097
27098
27099
27100
27101
27102
27103
28044
28045
28046
28047
28048
28049
28050
28051
28052
28053
28054
28055
28056
28057
28058
28059
28060
28061
28062
28063
28064
29005
29006
29007
29008
29009
29010
29011
29012
29013
29014
29015
29016
29017
29018
29019
29020
29021
29022
29023
29024
29025
29966
29967
29968
29969
29970
29971
29972
29973
29974
29975
29976
29977
29978
29979
29980
29981
29982
29983
29984
29985
29986
30927
30928
30929
30930
30931
30932
30933
30934
30935
30936
30937
30938
30939
30940
30941
30942
30943
30944
30945
30946
30947
31888
31889
31890
31891
31892
31893
31894
31895
31896
31897
31898
31899
31900
31901
31902
31903
31904
31905
31906
31907
31908
32849
32850
32851
32852
32853
32854
32855
32856
32857
32858
32859
32860
32861
32862
32863
32864
32865
32866
32867
32868
32869
33810
33811
33812
33813
33814
33815
33816
33817
33818
33819
33820
33821
33822
33823
33824
33825
33826
33827
33828
33829
33830
34771
34772
34773
34774
34775
34776
34777
34778
34779
34780
34781
34782
34783
34784
34785
34786
34787
34788
34789
34790
34791
35732
35733
35734
35735
35736
35737
35738
35739
35740
35741
35742
35743
35744
35745
35746
35747
35748
35749
35750
35751
35752
36693
36694
36695
36696
36697
36698
36699
36700
36701
36702
36703
36704
36705
36706
36707
36708
36709
36710
36711
36712
36713
37654
37655
37656
37657
37658
37659
37660
37661
37662
37663
37664
37665
37666
37667
37668
37669
37670
37671
37672
37673
37674
38615
38616
38617
38618
38619
38620
38621
38622
38623
38624
38625
38626
38627
38628
38629
38630
38631
38632
38633
38634
38635
39576
39577
39578
39579
39580
39581
39582
39583
39584
39585
39586
39587
39588
39589
39590
39591
39592
39593
39594
39595
39596
40537
40538
40539
40540
40541
40542
40543
40544
40545
40546
40547
40548
40549
40550
40551
40552
40553
40554
40555
40556
40557
41498
41499
41500
41501
41502
41503
41504
41505
41506
41507
41508
41509
41510
41511
41512
41513
41514
41515
41516
41517
41518
42459
42460
42461
42462
42463
42464
42465
42466
42467
42468
42469
42470
42471
42472
42473
42474
42475
42476
42477
42478
42479
43420
43421
43422
43423
43424
43425
43426
43427
43428
43429
43430
43431
43432
43433
43434
43435
43436
43437
43438
43439
43440
44381
44382
44383
44384
44385
44386
44387
44388
44389
44390
44391
44392
44393
44394
44395
44396
44397
44398
44399
44400
44401
45342
45343
45344
45345
45346
45347
45348
45349
45350
45351
45352
45353
45354
45355
45356
45357
45358
45359
45360
45361
45362
46303
46304
46305
46306
46307
46308
46309
46310
46311
46312
46313
46314
46315
46316
46317
46318
46319
46320
46321
46322
46323
47264
47265
47266
47267
47268
47269
47270
47271
47272
47273
47274
47275
47276
47277
47278
47279
47280
47281
47282
47283
47284
48224
48225
48226
48227
48228
48229
48230
48231
48232
48233
48234
48235
48236
48237
48238
48239
48240
48241
48242
48243
48244
48245
49185
49186
49187
49188
49189
49190
49191
49192
49193
49194
49195
49196
49197
49198
49199
49200
49201
49202
49203
49204
49205
49206
50146
50147
50148
50149
50150
50151
50152
50153
50154
50155
50156
50157
50158
50159
50160
50161
50162
50163
50164
50165
50166
50167
51107
51108
51109
51110
51111
51112
51113
51114
51115
51116
51117
51118
51119
51120
51121
51122
51123
51124
51125
51126
51127
51128
52068
52069
52070
52071
52072
52073
52074
52075
52076
52077
52078
52079
52080
52081
52082
52083
52084
52085
52086
52087
52088
52089
53029
53030
53031
53032
53033
53034
53035
53036
53037
53038
53039
53040
53041
53042
53043
53044
53045
53046
53047
53048
53049
53050
53990
53991
53992
53993
53994
53995
53996
53997
53998
53999
54000
54001
54002
54003
54004
54005
54006
54007
54008
54009
54010
54011
54951
54952
54953
54954
54955
54956
54957
54958
54959
54960
54961
54962
54963
54964
54965
54966
54967
54968
54969
54970
54971
54972
55912
55913
55914
55915
55916
55917
55918
55919
55920
55921
55922
55923
55924
55925
55926
55927
55928
55929
55930
55931
55932
55933
56873
56874
56875
56876
56877
56878
56879
56880
56881
56882
56883
56884
56885
56886
56887
56888
56889
56890
56891
56892
56893
56894
57834
57835
57836
57837
57838
57839
57840
57841
57842
57843
57844
57845
57846
57847
57848
57849
57850
57851
57852
57853
57854
57855
58795
58796
58797
58798
58799
58800
58801
58802
58803
58804
58805
58806
58807
58808
58809
58810
58811
58812
58813
58814
58815
58816
59756
59757
59758
59759
59760
59761
59762
59763
59764
59765
59766
59767
59768
59769
59770
59771
59772
59773
59774
59775
59776
60717
60718
60719
60720
60721
60722
60723
60724
60725
60726
60727
60728
60729
60730
60731
60732
60733
60734
60735
60736
60737
61678
61679
61680
61681
61682
61683
61684
61685
61686
61687
61688
61689
61690
61691
61692
61693
61694
61695
61696
61697
61698
62639
62640
62641
62642
62643
62644
62645
62646
62647
62648
62649
62650
62651
62652
62653
62654
62655
62656
62657
62658
62659
63600
63601
63602
63603
63604
63605
63606
63607
63608
63609
63610
63611
63612
63613
63614
63615
63616
63617
63618
63619
63620
64561
64562
64563
64564
64565
64566
64567
64568
64569
64570
64571
64572
64573
64574
64575
64576
64577
64578
64579
64580
64581
65522
65523
65524
65525
65526
65527
65528
65529
65530
65531
65532
65533
65534
65535
65536
65537
65538
65539
65540
65541
65542
66483
66484
66485
66486
66487
66488
66489
66490
66491
66492
66493
66494
66495
66496
66497
66498
66499
66500
66501
66502
66503
67444
67445
67446
67447
67448
67449
67450
67451
67452
67453
67454
67455
67456
67457
67458
67459
67460
67461
67462
67463
67464
68405
68406
68407
68408
68409
68410
68411
68412
68413
68414
68415
68416
68417
68418
68419
68420
68421
68422
68423
68424
68425
69366
69367
69368
69369
69370
69371
69372
69373
69374
69375
69376
69377
69378
69379
69380
69381
69382
69383
69384
69385
69386
70327
70328
70329
70330
70331
70332
70333
70334
70335
70336
70337
70338
70339
70340
70341
70342
70343
70344
70345
70346
70347
71288
71289
71290
71291
71292
71293
71294
71295
71296
71297
71298
71299
71300
71301
71302
71303
71304
71305
71306
71307
71308
72249
72250
72251
72252
72253
72254
72255
72256
72257
72258
72259
72260
72261
72262
72263
72264
72265
72266
72267
72268
72269
73210
73211
73212
73213
73214
73215
73216
73217
73218
73219
73220
73221
73222
73223
73224
73225
73226
73227
73228
73229
73230
74171
74172
74173
74174
74175
74176
74177
74178
74179
74180
74181
74182
74183
74184
74185
74186
74187
74188
74189
74190
74191
75132
75133
75134
75135
75136
75137
75138
75139
75140
75141
75142
75143
75144
75145
75146
75147
75148
75149
75150
75151
75152
76093
76094
76095
76096
76097
76098
76099
76100
76101
76102
76103
76104
76105
76106
76107
76108
76109
76110
76111
76112
76113
77619
77620
77621
77622
77623
77624
77625
77626
77627
77628
77629
77630
77631
77632
77633
77634
77635
77636
77637
77638
77639
78580
78581
78582
78583
78584
78585
78586
78587
78588
78589
78590
78591
78592
78593
78594
78595
78596
78597
78598
78599
78600
79541
79542
79543
79544
79545
79546
79547
79548
79549
79550
79551
79552
79553
79554
79555
79556
79557
79558
79559
79560
79561
80502
80503
80504
80505
80506
80507
80508
80509
80510
80511
80512
80513
80514
80515
80516
80517
80518
80519
80520
80521
80522
81463
81464
81465
81466
81467
81468
81469
81470
81471
81472
81473
81474
81475
81476
81477
81478
81479
81480
81481
81482
81483
82424
82425
82426
82427
82428
82429
82430
82431
82432
82433
82434
82435
82436
82437
82438
82439
82440
82441
82442
82443
82444
83385
83386
83387
83388
83389
83390
83391
83392
83393
83394
83395
83396
83397
83398
83399
83400
83401
83402
83403
83404
83405
84346
84347
84348
84349
84350
84351
84352
84353
84354
84355
84356
84357
84358
84359
84360
84361
84362
84363
84364
84365
84366
85307
85308
85309
85310
85311
85312
85313
85314
85315
85316
85317
85318
85319
85320
85321
85322
85323
85324
85325
85326
85327
86268
86269
86270
86271
86272
86273
86274
86275
86276
86277
86278
86279
86280
86281
86282
86283
86284
86285
86286
86287
86288
87229
87230
87231
87232
87233
87234
87235
87236
87237
87238
87239
87240
87241
87242
87243
87244
87245
87246
87247
87248
87249
88190
88191
88192
88193
88194
88195
88196
88197
88198
88199
88200
88201
88202
88203
88204
88205
88206
88207
88208
88209
88210
89151
89152
89153
89154
89155
89156
89157
89158
89159
89160
89161
89162
89163
89164
89165
89166
89167
89168
89169
89170
89171
90112
90113
90114
90115
90116
90117
90118
90119
90120
90121
90122
90123
90124
90125
90126
90127
90128
90129
90130
90131
90132
91073
91074
91075
91076
91077
91078
91079
91080
91081
91082
91083
91084
91085
91086
91087
91088
91089
91090
91091
91092
91093
92034
92035
92036
92037
92038
92039
92040
92041
92042
92043
92044
92045
92046
92047
92048
92049
92050
92051
92052
92053
92054
92995
92996
92997
92998
92999
93000
93001
93002
93003
93004
93005
93006
93007
93008
93009
93010
93011
93012
93013
93014
93015
93956
93957
93958
93959
93960
93961
93962
93963
93964
93965
93966
93967
93968
93969
93970
93971
93972
93973
93974
93975
93976
94917
94918
94919
94920
94921
94922
94923
94924
94925
94926
94927
94928
94929
94930
94931
94932
94933
94934
94935
94936
94937
95878
95879
95880
95881
95882
95883
95884
95885
95886
95887
95888
95889
95890
95891
95892
95893
95894
95895
95896
95897
95898
96839
96840
96841
96842
96843
96844
96845
96846
96847
96848
96849
96850
96851
96852
96853
96854
96855
96856
96857
96858
96859
97800
97801
97802
97803
97804
97805
97806
97807
97808
97809
97810
97811
97812
97813
97814
97815
97816
97817
97818
97819
97820
98761
98762
98763
98764
98765
98766
98767
98768
98769
98770
98771
98772
98773
98774
98775
98776
98777
98778
98779
98780
98781
99722
99723
99724
99725
99726
99727
99728
99729
99730
99731
99732
99733
99734
99735
99736
99737
99738
99739
99740
99741
99742
100683
100684
100685
100686
100687
100688
100689
100690
100691
100692
100693
100694
100695
100696
100697
100698
100699
100700
100701
100702
100703
101644
101645
101646
101647
101648
101649
101650
101651
101652
101653
101654
101655
101656
101657
101658
101659
101660
101661
101662
101663
101664
102605
102606
102607
102608
102609
102610
102611
102612
102613
102614
102615
102616
102617
102618
102619
102620
102621
102622
102623
102624
102625
103566
103567
103568
103569
103570
103571
103572
103573
103574
103575
103576
103577
103578
103579
103580
103581
103582
103583
103584
103585
103586
104527
104528
104529
104530
104531
104532
104533
104534
104535
104536
104537
104538
104539
104540
104541
104542
104543
104544
104545
104546
104547
105488
105489
105490
105491
105492
105493
105494
105495
105496
105497
105498
105499
105500
105501
105502
105503
105504
105505
105506
105507
105508
106449
106450
106451
106452
106453
106454
106455
106456
106457
106458
106459
106460
106461
106462
106463
106464
106465
106466
106467
106468
106469
107410
107411
107412
107413
107414
107415
107416
107417
107418
107419
107420
107421
107422
107423
107424
107425
107426
107427
107428
107429
107430
108371
108372
108373
108374
108375
108376
108377
108378
108379
108380
108381
108382
108383
108384
108385
108386
108387
108388
108389
108390
108391
109332
109333
109334
109335
109336
109337
109338
109339
109340
109341
109342
109343
109344
109345
109346
109347
109348
109349
109350
109351
109352
110293
110294
110295
110296
110297
110298
110299
110300
110301
110302
110303
110304
110305
110306
110307
110308
110309
110310
110311
110312
110313
111254
111255
111256
111257
111258
111259
111260
111261
111262
111263
111264
111265
111266
111267
111268
111269
111270
111271
111272
111273
111274
112215
112216
112217
112218
112219
112220
112221
112222
112223
112224
112225
112226
112227
112228
112229
112230
112231
112232
112233
112234
112235
113176
113177
113178
113179
113180
113181
113182
113183
113184
113185
113186
113187
113188
113189
113190
113191
113192
113193
113194
113195
113196
114137
114138
114139
114140
114141
114142
114143
114144
114145
114146
114147
114148
114149
114150
114151
114152
114153
114154
114155
114156
114157
115098
115099
115100
115101
115102
115103
115104
115105
115106
115107
115108
115109
115110
115111
115112
115113
115114
115115
115116
115117
115118
116059
116060
116061
116062
116063
116064
116065
116066
116067
116068
116069
116070
116071
116072
116073
116074
116075
116076
116077
116078
116079
117020
117021
117022
117023
117024
117025
117026
117027
117028
117029
117030
117031
117032
117033
117034
117035
117036
117037
117038
117039
117040
117981
117982
117983
117984
117985
117986
117987
117988
117989
117990
117991
117992
117993
117994
117995
117996
117997
117998
117999
118000
118001
118942
118943
118944
118945
118946
118947
118948
118949
118950
118951
118952
118953
118954
118955
118956
118957
118958
118959
118960
118961
118962
119903
119904
119905
119906
119907
119908
119909
119910
119911
119912
119913
119914
119915
119916
119917
119918
119919
119920
119921
119922
119923
120864
120865
120866
120867
120868
120869
120870
120871
120872
120873
120874
120875
120876
120877
120878
120879
120880
120881
120882
120883
120884
121825
121826
121827
121828
121829
121830
121831
121832
121833
121834
121835
121836
121837
121838
121839
121840
121841
121842
121843
121844
121845
122786
122787
122788
122789
122790
122791
122792
122793
122794
122795
122796
122797
122798
122799
122800
122801
122802
122803
122804
122805
122806
123747
123748
123749
123750
123751
123752
123753
123754
123755
123756
123757
123758
123759
123760
123761
123762
123763
123764
123765
123766
123767
124708
124709
124710
124711
124712
124713
124714
124715
124716
124717
124718
124719
124720
124721
124722
124723
124724
124725
124726
124727
124728
125668
125669
125670
125671
125672
125673
125674
125675
125676
125677
125678
125679
125680
125681
125682
125683
125684
125685
125686
125687
125688
125689
126629
126630
126631
126632
126633
126634
126635
126636
126637
126638
126639
126640
126641
126642
126643
126644
126645
126646
126647
126648
126649
126650
127590
127591
127592
127593
127594
127595
127596
127597
127598
127599
127600
127601
127602
127603
127604
127605
127606
127607
127608
127609
127610
127611
128551
128552
128553
128554
128555
128556
128557
128558
128559
128560
128561
128562
128563
128564
128565
128566
128567
128568
128569
128570
128571
128572
129512
129513
129514
129515
129516
129517
129518
129519
129520
129521
129522
129523
129524
129525
129526
129527
129528
129529
129530
129531
129532
129533
130473
130474
130475
130476
130477
130478
130479
130480
130481
130482
130483
130484
130485
130486
130487
130488
130489
130490
130491
130492
130493
130494
131434
131435
131436
131437
131438
131439
131440
131441
131442
131443
131444
131445
131446
131447
131448
131449
131450
131451
131452
131453
131454
131455
132395
132396
132397
132398
132399
132400
132401
132402
132403
132404
132405
132406
132407
132408
132409
132410
132411
132412
132413
132414
132415
132416
133356
133357
133358
133359
133360
133361
133362
133363
133364
133365
133366
133367
133368
133369
133370
133371
133372
133373
133374
133375
133376
133377
134317
134318
134319
134320
134321
134322
134323
134324
134325
134326
134327
134328
134329
134330
134331
134332
134333
134334
134335
134336
134337
134338
135278
135279
135280
135281
135282
135283
135284
135285
135286
135287
135288
135289
135290
135291
135292
135293
135294
135295
135296
135297
135298
135299
136239
136240
136241
136242
136243
136244
136245
136246
136247
136248
136249
136250
136251
136252
136253
136254
136255
136256
136257
136258
136259
136260
137200
137201
137202
137203
137204
137205
137206
137207
137208
137209
137210
137211
137212
137213
137214
137215
137216
137217
137218
137219
137220
138161
138162
138163
138164
138165
138166
138167
138168
138169
138170
138171
138172
138173
138174
138175
138176
138177
138178
138179
138180
138181
139122
139123
139124
139125
139126
139127
139128
139129
139130
139131
139132
139133
139134
139135
139136
139137
139138
139139
139140
139141
139142
140083
140084
140085
140086
140087
140088
140089
140090
140091
140092
140093
140094
140095
140096
140097
140098
140099
140100
140101
140102
140103
141044
141045
141046
141047
141048
141049
141050
141051
141052
141053
141054
141055
141056
141057
141058
141059
141060
141061
141062
141063
141064
142005
142006
142007
142008
142009
142010
142011
142012
142013
142014
142015
142016
142017
142018
142019
142020
142021
142022
142023
142024
142025
142966
142967
142968
142969
142970
142971
142972
142973
142974
142975
142976
142977
142978
142979
142980
142981
142982
142983
142984
142985
142986
143927
143928
143929
143930
143931
143932
143933
143934
143935
143936
143937
143938
143939
143940
143941
143942
143943
143944
143945
143946
143947
144888
144889
144890
144891
144892
144893
144894
144895
144896
144897
144898
144899
144900
144901
144902
144903
144904
144905
144906
144907
144908
145849
145850
145851
145852
145853
145854
145855
145856
145857
145858
145859
145860
145861
145862
145863
145864
145865
145866
145867
145868
145869
146810
146811
146812
146813
146814
146815
146816
146817
146818
146819
146820
146821
146822
146823
146824
146825
146826
146827
146828
146829
146830
147771
147772
147773
147774
147775
147776
147777
147778
147779
147780
147781
147782
147783
147784
147785
147786
147787
147788
147789
147790
147791
148732
148733
148734
148735
148736
148737
148738
148739
148740
148741
148742
148743
148744
148745
148746
148747
148748
148749
148750
148751
148752
149693
149694
149695
149696
149697
149698
149699
149700
149701
149702
149703
149704
149705
149706
149707
149708
149709
149710
149711
149712
149713
150654
150655
150656
150657
150658
150659
150660
150661
150662
150663
150664
150665
150666
150667
150668
150669
150670
150671
150672
150673
150674
151615
151616
151617
151618
151619
151620
151621
151622
151623
151624
151625
151626
151627
151628
151629
151630
151631
151632
151633
151634
151635
152576
152577
152578
152579
152580
152581
152582
152583
152584
152585
152586
152587
152588
152589
152590
152591
152592
152593
152594
152595
152596
153537
153538
153539
153540
153541
153542
153543
153544
153545
153546
153547
153548
153549
153550
153551
153552
153553
153554
153555
153556
153557
155105
155106
155107
155108
155109
155110
155111
155112
155113
155114
155115
155116
155117
155118
155119
155120
155121
155122
155123
155124
155125
)


// ************************************************************************* //
