/*--------------------------------*- C++ -*----------------------------------*\
| =========                 |                                                 |
| \\      /  F ield         | OpenFOAM: The Open Source CFD Toolbox           |
|  \\    /   O peration     | Version:  2.3.0                                 |
|   \\  /    A nd           | Web:      www.OpenFOAM.org                      |
|    \\/     M anipulation  |                                                 |
\*---------------------------------------------------------------------------*/
FoamFile
{
    version     2.0;
    format      ascii;
    class       labelList;
    location    "constant/polyMesh";
    object      faceProcAddressing;
}
// * * * * * * * * * * * * * * * * * * * * * * * * * * * * * * * * * * * * * //


6525
(
1360
1361
1362
1363
1364
1365
1366
1367
1368
1369
1370
1371
1372
1373
1374
1375
1376
1377
1378
1379
1380
1381
1382
1383
1384
1385
1386
1387
1388
1389
1390
1391
1392
1393
1394
1395
1396
1397
1399
3280
3281
3282
3283
3284
3285
3286
3287
3288
3289
3290
3291
3292
3293
3294
3295
3296
3297
3298
3299
3300
3301
3302
3303
3304
3305
3306
3307
3308
3309
3310
3311
3312
3313
3314
3315
3316
3317
3319
5200
5201
5202
5203
5204
5205
5206
5207
5208
5209
5210
5211
5212
5213
5214
5215
5216
5217
5218
5219
5220
5221
5222
5223
5224
5225
5226
5227
5228
5229
5230
5231
5232
5233
5234
5235
5236
5237
5239
7120
7121
7122
7123
7124
7125
7126
7127
7128
7129
7130
7131
7132
7133
7134
7135
7136
7137
7138
7139
7140
7141
7142
7143
7144
7145
7146
7147
7148
7149
7150
7151
7152
7153
7154
7155
7156
7157
7159
9040
9041
9042
9043
9044
9045
9046
9047
9048
9049
9050
9051
9052
9053
9054
9055
9056
9057
9058
9059
9060
9061
9062
9063
9064
9065
9066
9067
9068
9069
9070
9071
9072
9073
9074
9075
9076
9077
9079
10960
10961
10962
10963
10964
10965
10966
10967
10968
10969
10970
10971
10972
10973
10974
10975
10976
10977
10978
10979
10980
10981
10982
10983
10984
10985
10986
10987
10988
10989
10990
10991
10992
10993
10994
10995
10996
10997
10999
12878
12879
12880
12881
12882
12883
12884
12885
12886
12887
12888
12889
12890
12891
12892
12893
12894
12895
12896
12897
12898
12899
12900
12901
12902
12903
12904
12905
12906
12907
12908
12909
12910
12911
12912
12913
12914
12915
12916
12917
12919
14797
14798
14799
14800
14801
14802
14803
14804
14805
14806
14807
14808
14809
14810
14811
14812
14813
14814
14815
14816
14817
14818
14819
14820
14821
14822
14823
14824
14825
14826
14827
14828
14829
14830
14831
14832
14833
14834
14835
14836
14838
16716
16717
16718
16719
16720
16721
16722
16723
16724
16725
16726
16727
16728
16729
16730
16731
16732
16733
16734
16735
16736
16737
16738
16739
16740
16741
16742
16743
16744
16745
16746
16747
16748
16749
16750
16751
16752
16753
16754
16755
16757
18635
18636
18637
18638
18639
18640
18641
18642
18643
18644
18645
18646
18647
18648
18649
18650
18651
18652
18653
18654
18655
18656
18657
18658
18659
18660
18661
18662
18663
18664
18665
18666
18667
18668
18669
18670
18671
18672
18673
18674
18676
20554
20555
20556
20557
20558
20559
20560
20561
20562
20563
20564
20565
20566
20567
20568
20569
20570
20571
20572
20573
20574
20575
20576
20577
20578
20579
20580
20581
20582
20583
20584
20585
20586
20587
20588
20589
20590
20591
20592
20593
20595
22473
22474
22475
22476
22477
22478
22479
22480
22481
22482
22483
22484
22485
22486
22487
22488
22489
22490
22491
22492
22493
22494
22495
22496
22497
22498
22499
22500
22501
22502
22503
22504
22505
22506
22507
22508
22509
22510
22511
22512
22514
24392
24393
24394
24395
24396
24397
24398
24399
24400
24401
24402
24403
24404
24405
24406
24407
24408
24409
24410
24411
24412
24413
24414
24415
24416
24417
24418
24419
24420
24421
24422
24423
24424
24425
24426
24427
24428
24429
24430
24431
24433
26311
26312
26313
26314
26315
26316
26317
26318
26319
26320
26321
26322
26323
26324
26325
26326
26327
26328
26329
26330
26331
26332
26333
26334
26335
26336
26337
26338
26339
26340
26341
26342
26343
26344
26345
26346
26347
26348
26349
26350
26352
28230
28231
28232
28233
28234
28235
28236
28237
28238
28239
28240
28241
28242
28243
28244
28245
28246
28247
28248
28249
28250
28251
28252
28253
28254
28255
28256
28257
28258
28259
28260
28261
28262
28263
28264
28265
28266
28267
28268
28269
28271
30149
30150
30151
30152
30153
30154
30155
30156
30157
30158
30159
30160
30161
30162
30163
30164
30165
30166
30167
30168
30169
30170
30171
30172
30173
30174
30175
30176
30177
30178
30179
30180
30181
30182
30183
30184
30185
30186
30187
30188
30190
32068
32069
32070
32071
32072
32073
32074
32075
32076
32077
32078
32079
32080
32081
32082
32083
32084
32085
32086
32087
32088
32089
32090
32091
32092
32093
32094
32095
32096
32097
32098
32099
32100
32101
32102
32103
32104
32105
32106
32107
33987
33988
33989
33990
33991
33992
33993
33994
33995
33996
33997
33998
33999
34000
34001
34002
34003
34004
34005
34006
34007
34008
34009
34010
34011
34012
34013
34014
34015
34016
34017
34018
34019
34020
34021
34022
34023
34024
34026
35906
35907
35908
35909
35910
35911
35912
35913
35914
35915
35916
35917
35918
35919
35920
35921
35922
35923
35924
35925
35926
35927
35928
35929
35930
35931
35932
35933
35934
35935
35936
35937
35938
35939
35940
35941
35942
35943
35945
37825
37826
37827
37828
37829
37830
37831
37832
37833
37834
37835
37836
37837
37838
37839
37840
37841
37842
37843
37844
37845
37846
37847
37848
37849
37850
37851
37852
37853
37854
37855
37856
37857
37858
37859
37860
37861
37862
37864
39744
39745
39746
39747
39748
39749
39750
39751
39752
39753
39754
39755
39756
39757
39758
39759
39760
39761
39762
39763
39764
39765
39766
39767
39768
39769
39770
39771
39772
39773
39774
39775
39776
39777
39778
39779
39780
39781
39783
41663
41664
41665
41666
41667
41668
41669
41670
41671
41672
41673
41674
41675
41676
41677
41678
41679
41680
41681
41682
41683
41684
41685
41686
41687
41688
41689
41690
41691
41692
41693
41694
41695
41696
41697
41698
41699
41700
41702
43582
43583
43584
43585
43586
43587
43588
43589
43590
43591
43592
43593
43594
43595
43596
43597
43598
43599
43600
43601
43602
43603
43604
43605
43606
43607
43608
43609
43610
43611
43612
43613
43614
43615
43616
43617
43618
43619
43621
45501
45502
45503
45504
45505
45506
45507
45508
45509
45510
45511
45512
45513
45514
45515
45516
45517
45518
45519
45520
45521
45522
45523
45524
45525
45526
45527
45528
45529
45530
45531
45532
45533
45534
45535
45536
45537
45538
45540
47420
47421
47422
47423
47424
47425
47426
47427
47428
47429
47430
47431
47432
47433
47434
47435
47436
47437
47438
47439
47440
47441
47442
47443
47444
47445
47446
47447
47448
47449
47450
47451
47452
47453
47454
47455
47456
47457
47459
49339
49340
49341
49342
49343
49344
49345
49346
49347
49348
49349
49350
49351
49352
49353
49354
49355
49356
49357
49358
49359
49360
49361
49362
49363
49364
49365
49366
49367
49368
49369
49370
49371
49372
49373
49374
49375
49376
49378
51258
51259
51260
51261
51262
51263
51264
51265
51266
51267
51268
51269
51270
51271
51272
51273
51274
51275
51276
51277
51278
51279
51280
51281
51282
51283
51284
51285
51286
51287
51288
51289
51290
51291
51292
51293
51294
51295
51297
53177
53178
53179
53180
53181
53182
53183
53184
53185
53186
53187
53188
53189
53190
53191
53192
53193
53194
53195
53196
53197
53198
53199
53200
53201
53202
53203
53204
53205
53206
53207
53208
53209
53210
53211
53212
53213
53214
53216
55096
55097
55098
55099
55100
55101
55102
55103
55104
55105
55106
55107
55108
55109
55110
55111
55112
55113
55114
55115
55116
55117
55118
55119
55120
55121
55122
55123
55124
55125
55126
55127
55128
55129
55130
55131
55132
55133
55135
57015
57016
57017
57018
57019
57020
57021
57022
57023
57024
57025
57026
57027
57028
57029
57030
57031
57032
57033
57034
57035
57036
57037
57038
57039
57040
57041
57042
57043
57044
57045
57046
57047
57048
57049
57050
57051
57052
57054
58934
58935
58936
58937
58938
58939
58940
58941
58942
58943
58944
58945
58946
58947
58948
58949
58950
58951
58952
58953
58954
58955
58956
58957
58958
58959
58960
58961
58962
58963
58964
58965
58966
58967
58968
58969
58970
58971
58973
60853
60854
60855
60856
60857
60858
60859
60860
60861
60862
60863
60864
60865
60866
60867
60868
60869
60870
60871
60872
60873
60874
60875
60876
60877
60878
60879
60880
60881
60882
60883
60884
60885
60886
60887
60888
60889
60890
60892
62772
62773
62774
62775
62776
62777
62778
62779
62780
62781
62782
62783
62784
62785
62786
62787
62788
62789
62790
62791
62792
62793
62794
62795
62796
62797
62798
62799
62800
62801
62802
62803
62804
62805
62806
62807
62808
62809
62811
64691
64692
64693
64694
64695
64696
64697
64698
64699
64700
64701
64702
64703
64704
64705
64706
64707
64708
64709
64710
64711
64712
64713
64714
64715
64716
64717
64718
64719
64720
64721
64722
64723
64724
64725
64726
64727
64728
64730
66610
66611
66612
66613
66614
66615
66616
66617
66618
66619
66620
66621
66622
66623
66624
66625
66626
66627
66628
66629
66630
66631
66632
66633
66634
66635
66636
66637
66638
66639
66640
66641
66642
66643
66644
66645
66646
66647
66649
68529
68530
68531
68532
68533
68534
68535
68536
68537
68538
68539
68540
68541
68542
68543
68544
68545
68546
68547
68548
68549
68550
68551
68552
68553
68554
68555
68556
68557
68558
68559
68560
68561
68562
68563
68564
68565
68566
68568
70448
70449
70450
70451
70452
70453
70454
70455
70456
70457
70458
70459
70460
70461
70462
70463
70464
70465
70466
70467
70468
70469
70470
70471
70472
70473
70474
70475
70476
70477
70478
70479
70480
70481
70482
70483
70484
70485
70487
72367
72368
72369
72370
72371
72372
72373
72374
72375
72376
72377
72378
72379
72380
72381
72382
72383
72384
72385
72386
72387
72388
72389
72390
72391
72392
72393
72394
72395
72396
72397
72398
72399
72400
72401
72402
72403
72404
72406
74286
74287
74288
74289
74290
74291
74292
74293
74294
74295
74296
74297
74298
74299
74300
74301
74302
74303
74304
74305
74306
74307
74308
74309
74310
74311
74312
74313
74314
74315
74316
74317
74318
74319
74320
74321
74322
74323
74325
76206
76207
76208
76209
76210
76211
76212
76213
76214
76215
76216
76217
76218
76219
76220
76221
76222
76223
76224
76225
76226
76227
76228
76229
76230
76231
76232
76233
76234
76235
76236
76237
76238
76239
76240
76241
76242
76243
76245
78126
78127
78128
78129
78130
78131
78132
78133
78134
78135
78136
78137
78138
78139
78140
78141
78142
78143
78144
78145
78146
78147
78148
78149
78150
78151
78152
78153
78154
78155
78156
78157
78158
78159
78160
78161
78162
78163
78165
80046
80047
80048
80049
80050
80051
80052
80053
80054
80055
80056
80057
80058
80059
80060
80061
80062
80063
80064
80065
80066
80067
80068
80069
80070
80071
80072
80073
80074
80075
80076
80077
80078
80079
80080
80081
80082
80083
80085
81966
81967
81968
81969
81970
81971
81972
81973
81974
81975
81976
81977
81978
81979
81980
81981
81982
81983
81984
81985
81986
81987
81988
81989
81990
81991
81992
81993
81994
81995
81996
81997
81998
81999
82000
82001
82002
82003
82005
83886
83887
83888
83889
83890
83891
83892
83893
83894
83895
83896
83897
83898
83899
83900
83901
83902
83903
83904
83905
83906
83907
83908
83909
83910
83911
83912
83913
83914
83915
83916
83917
83918
83919
83920
83921
83922
83923
83925
85806
85807
85808
85809
85810
85811
85812
85813
85814
85815
85816
85817
85818
85819
85820
85821
85822
85823
85824
85825
85826
85827
85828
85829
85830
85831
85832
85833
85834
85835
85836
85837
85838
85839
85840
85841
85842
85843
85845
87726
87727
87728
87729
87730
87731
87732
87733
87734
87735
87736
87737
87738
87739
87740
87741
87742
87743
87744
87745
87746
87747
87748
87749
87750
87751
87752
87753
87754
87755
87756
87757
87758
87759
87760
87761
87762
87763
87765
89646
89647
89648
89649
89650
89651
89652
89653
89654
89655
89656
89657
89658
89659
89660
89661
89662
89663
89664
89665
89666
89667
89668
89669
89670
89671
89672
89673
89674
89675
89676
89677
89678
89679
89680
89681
89682
89683
89685
91566
91567
91568
91569
91570
91571
91572
91573
91574
91575
91576
91577
91578
91579
91580
91581
91582
91583
91584
91585
91586
91587
91588
91589
91590
91591
91592
91593
91594
91595
91596
91597
91598
91599
91600
91601
91602
91603
91605
93485
93486
93487
93488
93489
93490
93491
93492
93493
93494
93495
93496
93497
93498
93499
93500
93501
93502
93503
93504
93505
93506
93507
93508
93509
93510
93511
93512
93513
93514
93515
93516
93517
93518
93519
93520
93521
93522
93524
95404
95405
95406
95407
95408
95409
95410
95411
95412
95413
95414
95415
95416
95417
95418
95419
95420
95421
95422
95423
95424
95425
95426
95427
95428
95429
95430
95431
95432
95433
95434
95435
95436
95437
95438
95439
95440
95441
95443
97323
97324
97325
97326
97327
97328
97329
97330
97331
97332
97333
97334
97335
97336
97337
97338
97339
97340
97341
97342
97343
97344
97345
97346
97347
97348
97349
97350
97351
97352
97353
97354
97355
97356
97357
97358
97359
97360
97362
99242
99243
99244
99245
99246
99247
99248
99249
99250
99251
99252
99253
99254
99255
99256
99257
99258
99259
99260
99261
99262
99263
99264
99265
99266
99267
99268
99269
99270
99271
99272
99273
99274
99275
99276
99277
99278
99279
99281
101161
101162
101163
101164
101165
101166
101167
101168
101169
101170
101171
101172
101173
101174
101175
101176
101177
101178
101179
101180
101181
101182
101183
101184
101185
101186
101187
101188
101189
101190
101191
101192
101193
101194
101195
101196
101197
101198
101200
103080
103081
103082
103083
103084
103085
103086
103087
103088
103089
103090
103091
103092
103093
103094
103095
103096
103097
103098
103099
103100
103101
103102
103103
103104
103105
103106
103107
103108
103109
103110
103111
103112
103113
103114
103115
103116
103117
103119
104999
105000
105001
105002
105003
105004
105005
105006
105007
105008
105009
105010
105011
105012
105013
105014
105015
105016
105017
105018
105019
105020
105021
105022
105023
105024
105025
105026
105027
105028
105029
105030
105031
105032
105033
105034
105035
105036
105038
106918
106919
106920
106921
106922
106923
106924
106925
106926
106927
106928
106929
106930
106931
106932
106933
106934
106935
106936
106937
106938
106939
106940
106941
106942
106943
106944
106945
106946
106947
106948
106949
106950
106951
106952
106953
106954
106955
106957
108837
108838
108839
108840
108841
108842
108843
108844
108845
108846
108847
108848
108849
108850
108851
108852
108853
108854
108855
108856
108857
108858
108859
108860
108861
108862
108863
108864
108865
108866
108867
108868
108869
108870
108871
108872
108873
108874
108876
110756
110757
110758
110759
110760
110761
110762
110763
110764
110765
110766
110767
110768
110769
110770
110771
110772
110773
110774
110775
110776
110777
110778
110779
110780
110781
110782
110783
110784
110785
110786
110787
110788
110789
110790
110791
110792
110793
110795
112675
112676
112677
112678
112679
112680
112681
112682
112683
112684
112685
112686
112687
112688
112689
112690
112691
112692
112693
112694
112695
112696
112697
112698
112699
112700
112701
112702
112703
112704
112705
112706
112707
112708
112709
112710
112711
112712
112714
114594
114595
114596
114597
114598
114599
114600
114601
114602
114603
114604
114605
114606
114607
114608
114609
114610
114611
114612
114613
114614
114615
114616
114617
114618
114619
114620
114621
114622
114623
114624
114625
114626
114627
114628
114629
114630
114631
114633
116513
116514
116515
116516
116517
116518
116519
116520
116521
116522
116523
116524
116525
116526
116527
116528
116529
116530
116531
116532
116533
116534
116535
116536
116537
116538
116539
116540
116541
116542
116543
116544
116545
116546
116547
116548
116549
116550
116552
118432
118433
118434
118435
118436
118437
118438
118439
118440
118441
118442
118443
118444
118445
118446
118447
118448
118449
118450
118451
118452
118453
118454
118455
118456
118457
118458
118459
118460
118461
118462
118463
118464
118465
118466
118467
118468
118469
118471
120351
120352
120353
120354
120355
120356
120357
120358
120359
120360
120361
120362
120363
120364
120365
120366
120367
120368
120369
120370
120371
120372
120373
120374
120375
120376
120377
120378
120379
120380
120381
120382
120383
120384
120385
120386
120387
120388
120390
122270
122271
122272
122273
122274
122275
122276
122277
122278
122279
122280
122281
122282
122283
122284
122285
122286
122287
122288
122289
122290
122291
122292
122293
122294
122295
122296
122297
122298
122299
122300
122301
122302
122303
122304
122305
122306
122307
122309
124189
124190
124191
124192
124193
124194
124195
124196
124197
124198
124199
124200
124201
124202
124203
124204
124205
124206
124207
124208
124209
124210
124211
124212
124213
124214
124215
124216
124217
124218
124219
124220
124221
124222
124223
124224
124225
124226
124228
126108
126109
126110
126111
126112
126113
126114
126115
126116
126117
126118
126119
126120
126121
126122
126123
126124
126125
126126
126127
126128
126129
126130
126131
126132
126133
126134
126135
126136
126137
126138
126139
126140
126141
126142
126143
126144
126145
126147
128027
128028
128029
128030
128031
128032
128033
128034
128035
128036
128037
128038
128039
128040
128041
128042
128043
128044
128045
128046
128047
128048
128049
128050
128051
128052
128053
128054
128055
128056
128057
128058
128059
128060
128061
128062
128063
128064
128066
129946
129947
129948
129949
129950
129951
129952
129953
129954
129955
129956
129957
129958
129959
129960
129961
129962
129963
129964
129965
129966
129967
129968
129969
129970
129971
129972
129973
129974
129975
129976
129977
129978
129979
129980
129981
129982
129983
129985
131865
131866
131867
131868
131869
131870
131871
131872
131873
131874
131875
131876
131877
131878
131879
131880
131881
131882
131883
131884
131885
131886
131887
131888
131889
131890
131891
131892
131893
131894
131895
131896
131897
131898
131899
131900
131901
131902
131904
133784
133785
133786
133787
133788
133789
133790
133791
133792
133793
133794
133795
133796
133797
133798
133799
133800
133801
133802
133803
133804
133805
133806
133807
133808
133809
133810
133811
133812
133813
133814
133815
133816
133817
133818
133819
133820
133821
133823
135703
135704
135705
135706
135707
135708
135709
135710
135711
135712
135713
135714
135715
135716
135717
135718
135719
135720
135721
135722
135723
135724
135725
135726
135727
135728
135729
135730
135731
135732
135733
135734
135735
135736
135737
135738
135739
135740
135742
137622
137623
137624
137625
137626
137627
137628
137629
137630
137631
137632
137633
137634
137635
137636
137637
137638
137639
137640
137641
137642
137643
137644
137645
137646
137647
137648
137649
137650
137651
137652
137653
137654
137655
137656
137657
137658
137659
137661
139541
139542
139543
139544
139545
139546
139547
139548
139549
139550
139551
139552
139553
139554
139555
139556
139557
139558
139559
139560
139561
139562
139563
139564
139565
139566
139567
139568
139569
139570
139571
139572
139573
139574
139575
139576
139577
139578
139580
141460
141461
141462
141463
141464
141465
141466
141467
141468
141469
141470
141471
141472
141473
141474
141475
141476
141477
141478
141479
141480
141481
141482
141483
141484
141485
141486
141487
141488
141489
141490
141491
141492
141493
141494
141495
141496
141497
141499
143379
143380
143381
143382
143383
143384
143385
143386
143387
143388
143389
143390
143391
143392
143393
143394
143395
143396
143397
143398
143399
143400
143401
143402
143403
143404
143405
143406
143407
143408
143409
143410
143411
143412
143413
143414
143415
143416
143418
145298
145299
145300
145301
145302
145303
145304
145305
145306
145307
145308
145309
145310
145311
145312
145313
145314
145315
145316
145317
145318
145319
145320
145321
145322
145323
145324
145325
145326
145327
145328
145329
145330
145331
145332
145333
145334
145335
145337
147217
147218
147219
147220
147221
147222
147223
147224
147225
147226
147227
147228
147229
147230
147231
147232
147233
147234
147235
147236
147237
147238
147239
147240
147241
147242
147243
147244
147245
147246
147247
147248
147249
147250
147251
147252
147253
147254
147256
149136
149137
149138
149139
149140
149141
149142
149143
149144
149145
149146
149147
149148
149149
149150
149151
149152
149153
149154
149155
149156
149157
149158
149159
149160
149161
149162
149163
149164
149165
149166
149167
149168
149169
149170
149171
149172
149173
149175
151055
151056
151057
151058
151059
151060
151061
151062
151063
151064
151065
151066
151067
151068
151069
151070
151071
151072
151073
151074
151075
151076
151077
151078
151079
151080
151081
151082
151083
151084
151085
151086
151087
151088
151089
151090
151091
151092
151094
152296
152297
152298
152299
152300
152301
152302
152303
152304
152305
152306
152307
152308
152309
152310
152311
152312
152313
152314
154341
154342
154343
154344
154345
154346
154347
154348
154349
154350
154351
154352
154353
154354
154355
154356
154357
154358
154359
154360
155301
155302
155303
155304
155305
155306
155307
155308
155309
155310
155311
155312
155313
155314
155315
155316
155317
155318
155319
155320
156261
156262
156263
156264
156265
156266
156267
156268
156269
156270
156271
156272
156273
156274
156275
156276
156277
156278
156279
156280
157221
157222
157223
157224
157225
157226
157227
157228
157229
157230
157231
157232
157233
157234
157235
157236
157237
157238
157239
157240
158181
158182
158183
158184
158185
158186
158187
158188
158189
158190
158191
158192
158193
158194
158195
158196
158197
158198
158199
158200
159141
159142
159143
159144
159145
159146
159147
159148
159149
159150
159151
159152
159153
159154
159155
159156
159157
159158
159159
159160
160100
160101
160102
160103
160104
160105
160106
160107
160108
160109
160110
160111
160112
160113
160114
160115
160116
160117
160118
160119
160120
161060
161061
161062
161063
161064
161065
161066
161067
161068
161069
161070
161071
161072
161073
161074
161075
161076
161077
161078
161079
161080
162020
162021
162022
162023
162024
162025
162026
162027
162028
162029
162030
162031
162032
162033
162034
162035
162036
162037
162038
162039
162040
162980
162981
162982
162983
162984
162985
162986
162987
162988
162989
162990
162991
162992
162993
162994
162995
162996
162997
162998
162999
163000
163940
163941
163942
163943
163944
163945
163946
163947
163948
163949
163950
163951
163952
163953
163954
163955
163956
163957
163958
163959
163960
164900
164901
164902
164903
164904
164905
164906
164907
164908
164909
164910
164911
164912
164913
164914
164915
164916
164917
164918
164919
164920
165860
165861
165862
165863
165864
165865
165866
165867
165868
165869
165870
165871
165872
165873
165874
165875
165876
165877
165878
165879
165880
166820
166821
166822
166823
166824
166825
166826
166827
166828
166829
166830
166831
166832
166833
166834
166835
166836
166837
166838
166839
166840
167780
167781
167782
167783
167784
167785
167786
167787
167788
167789
167790
167791
167792
167793
167794
167795
167796
167797
167798
167799
167800
168740
168741
168742
168743
168744
168745
168746
168747
168748
168749
168750
168751
168752
168753
168754
168755
168756
168757
168758
168759
168760
169700
169701
169702
169703
169704
169705
169706
169707
169708
169709
169710
169711
169712
169713
169714
169715
169716
169717
169718
169719
169720
170660
170661
170662
170663
170664
170665
170666
170667
170668
170669
170670
170671
170672
170673
170674
170675
170676
170677
170678
170679
171620
171621
171622
171623
171624
171625
171626
171627
171628
171629
171630
171631
171632
171633
171634
171635
171636
171637
171638
171639
172580
172581
172582
172583
172584
172585
172586
172587
172588
172589
172590
172591
172592
172593
172594
172595
172596
172597
172598
172599
173540
173541
173542
173543
173544
173545
173546
173547
173548
173549
173550
173551
173552
173553
173554
173555
173556
173557
173558
173559
174500
174501
174502
174503
174504
174505
174506
174507
174508
174509
174510
174511
174512
174513
174514
174515
174516
174517
174518
174519
175460
175461
175462
175463
175464
175465
175466
175467
175468
175469
175470
175471
175472
175473
175474
175475
175476
175477
175478
175479
176420
176421
176422
176423
176424
176425
176426
176427
176428
176429
176430
176431
176432
176433
176434
176435
176436
176437
176438
176439
177380
177381
177382
177383
177384
177385
177386
177387
177388
177389
177390
177391
177392
177393
177394
177395
177396
177397
177398
177399
178340
178341
178342
178343
178344
178345
178346
178347
178348
178349
178350
178351
178352
178353
178354
178355
178356
178357
178358
178359
179300
179301
179302
179303
179304
179305
179306
179307
179308
179309
179310
179311
179312
179313
179314
179315
179316
179317
179318
179319
180260
180261
180262
180263
180264
180265
180266
180267
180268
180269
180270
180271
180272
180273
180274
180275
180276
180277
180278
180279
181220
181221
181222
181223
181224
181225
181226
181227
181228
181229
181230
181231
181232
181233
181234
181235
181236
181237
181238
181239
182180
182181
182182
182183
182184
182185
182186
182187
182188
182189
182190
182191
182192
182193
182194
182195
182196
182197
182198
182199
183140
183141
183142
183143
183144
183145
183146
183147
183148
183149
183150
183151
183152
183153
183154
183155
183156
183157
183158
183159
184100
184101
184102
184103
184104
184105
184106
184107
184108
184109
184110
184111
184112
184113
184114
184115
184116
184117
184118
184119
185060
185061
185062
185063
185064
185065
185066
185067
185068
185069
185070
185071
185072
185073
185074
185075
185076
185077
185078
185079
186020
186021
186022
186023
186024
186025
186026
186027
186028
186029
186030
186031
186032
186033
186034
186035
186036
186037
186038
186039
186980
186981
186982
186983
186984
186985
186986
186987
186988
186989
186990
186991
186992
186993
186994
186995
186996
186997
186998
186999
187940
187941
187942
187943
187944
187945
187946
187947
187948
187949
187950
187951
187952
187953
187954
187955
187956
187957
187958
187959
188900
188901
188902
188903
188904
188905
188906
188907
188908
188909
188910
188911
188912
188913
188914
188915
188916
188917
188918
188919
189860
189861
189862
189863
189864
189865
189866
189867
189868
189869
189870
189871
189872
189873
189874
189875
189876
189877
189878
189879
190820
190821
190822
190823
190824
190825
190826
190827
190828
190829
190830
190831
190832
190833
190834
190835
190836
190837
190838
190839
191780
191781
191782
191783
191784
191785
191786
191787
191788
191789
191790
191791
191792
191793
191794
191795
191796
191797
191798
191799
192740
192741
192742
192743
192744
192745
192746
192747
192748
192749
192750
192751
192752
192753
192754
192755
192756
192757
192758
192759
193700
193701
193702
193703
193704
193705
193706
193707
193708
193709
193710
193711
193712
193713
193714
193715
193716
193717
193718
193719
194660
194661
194662
194663
194664
194665
194666
194667
194668
194669
194670
194671
194672
194673
194674
194675
194676
194677
194678
194679
195620
195621
195622
195623
195624
195625
195626
195627
195628
195629
195630
195631
195632
195633
195634
195635
195636
195637
195638
195639
196580
196581
196582
196583
196584
196585
196586
196587
196588
196589
196590
196591
196592
196593
196594
196595
196596
196597
196598
196599
197540
197541
197542
197543
197544
197545
197546
197547
197548
197549
197550
197551
197552
197553
197554
197555
197556
197557
197558
197559
198500
198501
198502
198503
198504
198505
198506
198507
198508
198509
198510
198511
198512
198513
198514
198515
198516
198517
198518
198519
199460
199461
199462
199463
199464
199465
199466
199467
199468
199469
199470
199471
199472
199473
199474
199475
199476
199477
199478
199479
200420
200421
200422
200423
200424
200425
200426
200427
200428
200429
200430
200431
200432
200433
200434
200435
200436
200437
200438
200439
201380
201381
201382
201383
201384
201385
201386
201387
201388
201389
201390
201391
201392
201393
201394
201395
201396
201397
201398
201399
202340
202341
202342
202343
202344
202345
202346
202347
202348
202349
202350
202351
202352
202353
202354
202355
202356
202357
202358
202359
203300
203301
203302
203303
203304
203305
203306
203307
203308
203309
203310
203311
203312
203313
203314
203315
203316
203317
203318
203319
204260
204261
204262
204263
204264
204265
204266
204267
204268
204269
204270
204271
204272
204273
204274
204275
204276
204277
204278
204279
205220
205221
205222
205223
205224
205225
205226
205227
205228
205229
205230
205231
205232
205233
205234
205235
205236
205237
205238
205239
206180
206181
206182
206183
206184
206185
206186
206187
206188
206189
206190
206191
206192
206193
206194
206195
206196
206197
206198
206199
207140
207141
207142
207143
207144
207145
207146
207147
207148
207149
207150
207151
207152
207153
207154
207155
207156
207157
207158
207159
208100
208101
208102
208103
208104
208105
208106
208107
208108
208109
208110
208111
208112
208113
208114
208115
208116
208117
208118
208119
209060
209061
209062
209063
209064
209065
209066
209067
209068
209069
209070
209071
209072
209073
209074
209075
209076
209077
209078
209079
210020
210021
210022
210023
210024
210025
210026
210027
210028
210029
210030
210031
210032
210033
210034
210035
210036
210037
210038
210039
210980
210981
210982
210983
210984
210985
210986
210987
210988
210989
210990
210991
210992
210993
210994
210995
210996
210997
210998
210999
211940
211941
211942
211943
211944
211945
211946
211947
211948
211949
211950
211951
211952
211953
211954
211955
211956
211957
211958
211959
212900
212901
212902
212903
212904
212905
212906
212907
212908
212909
212910
212911
212912
212913
212914
212915
212916
212917
212918
212919
213860
213861
213862
213863
213864
213865
213866
213867
213868
213869
213870
213871
213872
213873
213874
213875
213876
213877
213878
213879
214820
214821
214822
214823
214824
214825
214826
214827
214828
214829
214830
214831
214832
214833
214834
214835
214836
214837
214838
214839
215780
215781
215782
215783
215784
215785
215786
215787
215788
215789
215790
215791
215792
215793
215794
215795
215796
215797
215798
215799
216740
216741
216742
216743
216744
216745
216746
216747
216748
216749
216750
216751
216752
216753
216754
216755
216756
216757
216758
216759
217700
217701
217702
217703
217704
217705
217706
217707
217708
217709
217710
217711
217712
217713
217714
217715
217716
217717
217718
217719
218660
218661
218662
218663
218664
218665
218666
218667
218668
218669
218670
218671
218672
218673
218674
218675
218676
218677
218678
218679
219620
219621
219622
219623
219624
219625
219626
219627
219628
219629
219630
219631
219632
219633
219634
219635
219636
219637
219638
219639
220580
220581
220582
220583
220584
220585
220586
220587
220588
220589
220590
220591
220592
220593
220594
220595
220596
220597
220598
220599
221540
221541
221542
221543
221544
221545
221546
221547
221548
221549
221550
221551
221552
221553
221554
221555
221556
221557
221558
221559
222500
222501
222502
222503
222504
222505
222506
222507
222508
222509
222510
222511
222512
222513
222514
222515
222516
222517
222518
222519
223460
223461
223462
223463
223464
223465
223466
223467
223468
223469
223470
223471
223472
223473
223474
223475
223476
223477
223478
223479
224420
224421
224422
224423
224424
224425
224426
224427
224428
224429
224430
224431
224432
224433
224434
224435
224436
224437
224438
224439
225380
225381
225382
225383
225384
225385
225386
225387
225388
225389
225390
225391
225392
225393
225394
225395
225396
225397
225398
225399
226340
226341
226342
226343
226344
226345
226346
226347
226348
226349
226350
226351
226352
226353
226354
226355
226356
226357
226358
226359
227300
227301
227302
227303
227304
227305
227306
227307
227308
227309
227310
227311
227312
227313
227314
227315
227316
227317
227318
227319
228260
228261
228262
228263
228264
228265
228266
228267
228268
228269
228270
228271
228272
228273
228274
228275
228276
228277
228278
228279
229220
229221
229222
229223
229224
229225
229226
229227
229228
229229
229230
229231
229232
229233
229234
229235
229236
229237
229238
229239
230180
230181
230182
230183
230184
230185
230186
230187
230188
230189
230190
230191
230192
230193
230194
230195
230196
230197
230198
230199
231678
231679
231680
231681
231682
231683
231684
231685
231686
231687
231688
231689
231690
231691
231692
231693
231694
231695
231696
231697
232638
232639
232640
232641
232642
232643
232644
232645
232646
232647
232648
232649
232650
232651
232652
232653
232654
232655
232656
232657
233598
233599
233600
233601
233602
233603
233604
233605
233606
233607
233608
233609
233610
233611
233612
233613
233614
233615
233616
233617
234558
234559
234560
234561
234562
234563
234564
234565
234566
234567
234568
234569
234570
234571
234572
234573
234574
234575
234576
234577
235518
235519
235520
235521
235522
235523
235524
235525
235526
235527
235528
235529
235530
235531
235532
235533
235534
235535
235536
235537
236478
236479
236480
236481
236482
236483
236484
236485
236486
236487
236488
236489
236490
236491
236492
236493
236494
236495
236496
236497
237437
237438
237439
237440
237441
237442
237443
237444
237445
237446
237447
237448
237449
237450
237451
237452
237453
237454
237455
237456
237457
238397
238398
238399
238400
238401
238402
238403
238404
238405
238406
238407
238408
238409
238410
238411
238412
238413
238414
238415
238416
238417
239357
239358
239359
239360
239361
239362
239363
239364
239365
239366
239367
239368
239369
239370
239371
239372
239373
239374
239375
239376
239377
240317
240318
240319
240320
240321
240322
240323
240324
240325
240326
240327
240328
240329
240330
240331
240332
240333
240334
240335
240336
240337
241277
241278
241279
241280
241281
241282
241283
241284
241285
241286
241287
241288
241289
241290
241291
241292
241293
241294
241295
241296
241297
242237
242238
242239
242240
242241
242242
242243
242244
242245
242246
242247
242248
242249
242250
242251
242252
242253
242254
242255
242256
242257
243197
243198
243199
243200
243201
243202
243203
243204
243205
243206
243207
243208
243209
243210
243211
243212
243213
243214
243215
243216
243217
244157
244158
244159
244160
244161
244162
244163
244164
244165
244166
244167
244168
244169
244170
244171
244172
244173
244174
244175
244176
244177
245117
245118
245119
245120
245121
245122
245123
245124
245125
245126
245127
245128
245129
245130
245131
245132
245133
245134
245135
245136
245137
246077
246078
246079
246080
246081
246082
246083
246084
246085
246086
246087
246088
246089
246090
246091
246092
246093
246094
246095
246096
246097
247037
247038
247039
247040
247041
247042
247043
247044
247045
247046
247047
247048
247049
247050
247051
247052
247053
247054
247055
247056
247057
247997
247998
247999
248000
248001
248002
248003
248004
248005
248006
248007
248008
248009
248010
248011
248012
248013
248014
248015
248016
248957
248958
248959
248960
248961
248962
248963
248964
248965
248966
248967
248968
248969
248970
248971
248972
248973
248974
248975
248976
249917
249918
249919
249920
249921
249922
249923
249924
249925
249926
249927
249928
249929
249930
249931
249932
249933
249934
249935
249936
250877
250878
250879
250880
250881
250882
250883
250884
250885
250886
250887
250888
250889
250890
250891
250892
250893
250894
250895
250896
251837
251838
251839
251840
251841
251842
251843
251844
251845
251846
251847
251848
251849
251850
251851
251852
251853
251854
251855
251856
252797
252798
252799
252800
252801
252802
252803
252804
252805
252806
252807
252808
252809
252810
252811
252812
252813
252814
252815
252816
253757
253758
253759
253760
253761
253762
253763
253764
253765
253766
253767
253768
253769
253770
253771
253772
253773
253774
253775
253776
254717
254718
254719
254720
254721
254722
254723
254724
254725
254726
254727
254728
254729
254730
254731
254732
254733
254734
254735
254736
255677
255678
255679
255680
255681
255682
255683
255684
255685
255686
255687
255688
255689
255690
255691
255692
255693
255694
255695
255696
256637
256638
256639
256640
256641
256642
256643
256644
256645
256646
256647
256648
256649
256650
256651
256652
256653
256654
256655
256656
257597
257598
257599
257600
257601
257602
257603
257604
257605
257606
257607
257608
257609
257610
257611
257612
257613
257614
257615
257616
258557
258558
258559
258560
258561
258562
258563
258564
258565
258566
258567
258568
258569
258570
258571
258572
258573
258574
258575
258576
259517
259518
259519
259520
259521
259522
259523
259524
259525
259526
259527
259528
259529
259530
259531
259532
259533
259534
259535
259536
260477
260478
260479
260480
260481
260482
260483
260484
260485
260486
260487
260488
260489
260490
260491
260492
260493
260494
260495
260496
261437
261438
261439
261440
261441
261442
261443
261444
261445
261446
261447
261448
261449
261450
261451
261452
261453
261454
261455
261456
262397
262398
262399
262400
262401
262402
262403
262404
262405
262406
262407
262408
262409
262410
262411
262412
262413
262414
262415
262416
263357
263358
263359
263360
263361
263362
263363
263364
263365
263366
263367
263368
263369
263370
263371
263372
263373
263374
263375
263376
264317
264318
264319
264320
264321
264322
264323
264324
264325
264326
264327
264328
264329
264330
264331
264332
264333
264334
264335
264336
265277
265278
265279
265280
265281
265282
265283
265284
265285
265286
265287
265288
265289
265290
265291
265292
265293
265294
265295
265296
266237
266238
266239
266240
266241
266242
266243
266244
266245
266246
266247
266248
266249
266250
266251
266252
266253
266254
266255
266256
267197
267198
267199
267200
267201
267202
267203
267204
267205
267206
267207
267208
267209
267210
267211
267212
267213
267214
267215
267216
268157
268158
268159
268160
268161
268162
268163
268164
268165
268166
268167
268168
268169
268170
268171
268172
268173
268174
268175
268176
269117
269118
269119
269120
269121
269122
269123
269124
269125
269126
269127
269128
269129
269130
269131
269132
269133
269134
269135
269136
270077
270078
270079
270080
270081
270082
270083
270084
270085
270086
270087
270088
270089
270090
270091
270092
270093
270094
270095
270096
271037
271038
271039
271040
271041
271042
271043
271044
271045
271046
271047
271048
271049
271050
271051
271052
271053
271054
271055
271056
271997
271998
271999
272000
272001
272002
272003
272004
272005
272006
272007
272008
272009
272010
272011
272012
272013
272014
272015
272016
272957
272958
272959
272960
272961
272962
272963
272964
272965
272966
272967
272968
272969
272970
272971
272972
272973
272974
272975
272976
273917
273918
273919
273920
273921
273922
273923
273924
273925
273926
273927
273928
273929
273930
273931
273932
273933
273934
273935
273936
274877
274878
274879
274880
274881
274882
274883
274884
274885
274886
274887
274888
274889
274890
274891
274892
274893
274894
274895
274896
275837
275838
275839
275840
275841
275842
275843
275844
275845
275846
275847
275848
275849
275850
275851
275852
275853
275854
275855
275856
276797
276798
276799
276800
276801
276802
276803
276804
276805
276806
276807
276808
276809
276810
276811
276812
276813
276814
276815
276816
277757
277758
277759
277760
277761
277762
277763
277764
277765
277766
277767
277768
277769
277770
277771
277772
277773
277774
277775
277776
278717
278718
278719
278720
278721
278722
278723
278724
278725
278726
278727
278728
278729
278730
278731
278732
278733
278734
278735
278736
279677
279678
279679
279680
279681
279682
279683
279684
279685
279686
279687
279688
279689
279690
279691
279692
279693
279694
279695
279696
280637
280638
280639
280640
280641
280642
280643
280644
280645
280646
280647
280648
280649
280650
280651
280652
280653
280654
280655
280656
281597
281598
281599
281600
281601
281602
281603
281604
281605
281606
281607
281608
281609
281610
281611
281612
281613
281614
281615
281616
282557
282558
282559
282560
282561
282562
282563
282564
282565
282566
282567
282568
282569
282570
282571
282572
282573
282574
282575
282576
283517
283518
283519
283520
283521
283522
283523
283524
283525
283526
283527
283528
283529
283530
283531
283532
283533
283534
283535
283536
284477
284478
284479
284480
284481
284482
284483
284484
284485
284486
284487
284488
284489
284490
284491
284492
284493
284494
284495
284496
285437
285438
285439
285440
285441
285442
285443
285444
285445
285446
285447
285448
285449
285450
285451
285452
285453
285454
285455
285456
286397
286398
286399
286400
286401
286402
286403
286404
286405
286406
286407
286408
286409
286410
286411
286412
286413
286414
286415
286416
287357
287358
287359
287360
287361
287362
287363
287364
287365
287366
287367
287368
287369
287370
287371
287372
287373
287374
287375
287376
288317
288318
288319
288320
288321
288322
288323
288324
288325
288326
288327
288328
288329
288330
288331
288332
288333
288334
288335
288336
289277
289278
289279
289280
289281
289282
289283
289284
289285
289286
289287
289288
289289
289290
289291
289292
289293
289294
289295
289296
290237
290238
290239
290240
290241
290242
290243
290244
290245
290246
290247
290248
290249
290250
290251
290252
290253
290254
290255
290256
291197
291198
291199
291200
291201
291202
291203
291204
291205
291206
291207
291208
291209
291210
291211
291212
291213
291214
291215
291216
292157
292158
292159
292160
292161
292162
292163
292164
292165
292166
292167
292168
292169
292170
292171
292172
292173
292174
292175
292176
293117
293118
293119
293120
293121
293122
293123
293124
293125
293126
293127
293128
293129
293130
293131
293132
293133
293134
293135
293136
294077
294078
294079
294080
294081
294082
294083
294084
294085
294086
294087
294088
294089
294090
294091
294092
294093
294094
294095
294096
295037
295038
295039
295040
295041
295042
295043
295044
295045
295046
295047
295048
295049
295050
295051
295052
295053
295054
295055
295056
295997
295998
295999
296000
296001
296002
296003
296004
296005
296006
296007
296008
296009
296010
296011
296012
296013
296014
296015
296016
296957
296958
296959
296960
296961
296962
296963
296964
296965
296966
296967
296968
296969
296970
296971
296972
296973
296974
296975
296976
297917
297918
297919
297920
297921
297922
297923
297924
297925
297926
297927
297928
297929
297930
297931
297932
297933
297934
297935
297936
298877
298878
298879
298880
298881
298882
298883
298884
298885
298886
298887
298888
298889
298890
298891
298892
298893
298894
298895
298896
299837
299838
299839
299840
299841
299842
299843
299844
299845
299846
299847
299848
299849
299850
299851
299852
299853
299854
299855
299856
300797
300798
300799
300800
300801
300802
300803
300804
300805
300806
300807
300808
300809
300810
300811
300812
300813
300814
300815
300816
301757
301758
301759
301760
301761
301762
301763
301764
301765
301766
301767
301768
301769
301770
301771
301772
301773
301774
301775
301776
302717
302718
302719
302720
302721
302722
302723
302724
302725
302726
302727
302728
302729
302730
302731
302732
302733
302734
302735
302736
303677
303678
303679
303680
303681
303682
303683
303684
303685
303686
303687
303688
303689
303690
303691
303692
303693
303694
303695
303696
304637
304638
304639
304640
304641
304642
304643
304644
304645
304646
304647
304648
304649
304650
304651
304652
304653
304654
304655
304656
305597
305598
305599
305600
305601
305602
305603
305604
305605
305606
305607
305608
305609
305610
305611
305612
305613
305614
305615
305616
306557
306558
306559
306560
306561
306562
306563
306564
306565
306566
306567
306568
306569
306570
306571
306572
306573
306574
306575
306576
307517
307518
307519
307520
307521
307522
307523
307524
307525
307526
307527
307528
307529
307530
307531
307532
307533
307534
307535
307536
309174
309175
309176
309177
309178
309179
309180
309181
309182
309183
309184
309185
309186
309187
309188
309189
309190
309191
309192
309193
-1358
-3278
-5198
-7118
-9038
-10958
-10959
-12876
-14795
-16714
-18633
-20552
-22471
-24390
-26309
-28228
-30147
-32066
-33985
-35904
-37823
-39742
-41661
-43580
-45499
-47418
-49337
-51256
-53175
-55094
-57013
-58932
-60851
-62770
-64689
-66608
-68527
-70446
-72365
-74284
-76204
-78124
-80044
-81964
-83884
-85804
-87724
-89644
-91564
-93483
-95402
-97321
-99240
-101159
-103078
-104997
-106916
-108835
-110754
-112673
-114592
-116511
-118430
-120349
-122268
-124187
-126106
-128025
-129944
-131863
-133782
-135701
-137620
-139539
-141458
-143377
-145296
-147215
-149134
-151053
-152295
1398
3318
5238
7158
9078
10998
12918
14837
16756
18675
20594
22513
24432
26351
28270
30189
32108
32109
34025
35944
37863
39782
41701
43620
45539
47458
49377
51296
53215
55134
57053
58972
60891
62810
64729
66648
68567
70486
72405
74324
76244
78164
80084
82004
83924
85844
87764
89684
91604
93523
95442
97361
99280
101199
103118
105037
106956
108875
110794
112713
114632
116551
118470
120389
122308
124227
126146
128065
129984
131903
133822
135741
137660
139579
141498
143417
145336
147255
149174
151093
152315
)


// ************************************************************************* //
