/*--------------------------------*- C++ -*----------------------------------*\
| =========                 |                                                 |
| \\      /  F ield         | OpenFOAM: The Open Source CFD Toolbox           |
|  \\    /   O peration     | Version:  2.3.0                                 |
|   \\  /    A nd           | Web:      www.OpenFOAM.org                      |
|    \\/     M anipulation  |                                                 |
\*---------------------------------------------------------------------------*/
FoamFile
{
    version     2.0;
    format      ascii;
    class       labelList;
    location    "constant/polyMesh";
    object      faceProcAddressing;
}
// * * * * * * * * * * * * * * * * * * * * * * * * * * * * * * * * * * * * * //


6525
(
1238
1239
1240
1241
1242
1243
1244
1245
1246
1247
1248
1249
1250
1251
1252
1253
1254
1255
1256
1257
1258
1259
1260
1261
1262
1263
1264
1265
1266
1267
1268
1269
1270
1271
1272
1273
1274
1275
1277
3158
3159
3160
3161
3162
3163
3164
3165
3166
3167
3168
3169
3170
3171
3172
3173
3174
3175
3176
3177
3178
3179
3180
3181
3182
3183
3184
3185
3186
3187
3188
3189
3190
3191
3192
3193
3194
3195
3197
5078
5079
5080
5081
5082
5083
5084
5085
5086
5087
5088
5089
5090
5091
5092
5093
5094
5095
5096
5097
5098
5099
5100
5101
5102
5103
5104
5105
5106
5107
5108
5109
5110
5111
5112
5113
5114
5115
5117
6998
6999
7000
7001
7002
7003
7004
7005
7006
7007
7008
7009
7010
7011
7012
7013
7014
7015
7016
7017
7018
7019
7020
7021
7022
7023
7024
7025
7026
7027
7028
7029
7030
7031
7032
7033
7034
7035
7037
8918
8919
8920
8921
8922
8923
8924
8925
8926
8927
8928
8929
8930
8931
8932
8933
8934
8935
8936
8937
8938
8939
8940
8941
8942
8943
8944
8945
8946
8947
8948
8949
8950
8951
8952
8953
8954
8955
8957
10838
10839
10840
10841
10842
10843
10844
10845
10846
10847
10848
10849
10850
10851
10852
10853
10854
10855
10856
10857
10858
10859
10860
10861
10862
10863
10864
10865
10866
10867
10868
10869
10870
10871
10872
10873
10874
10875
10877
12758
12759
12760
12761
12762
12763
12764
12765
12766
12767
12768
12769
12770
12771
12772
12773
12774
12775
12776
12777
12778
12779
12780
12781
12782
12783
12784
12785
12786
12787
12788
12789
12790
12791
12792
12793
12794
12795
12797
14677
14678
14679
14680
14681
14682
14683
14684
14685
14686
14687
14688
14689
14690
14691
14692
14693
14694
14695
14696
14697
14698
14699
14700
14701
14702
14703
14704
14705
14706
14707
14708
14709
14710
14711
14712
14713
14714
14716
16596
16597
16598
16599
16600
16601
16602
16603
16604
16605
16606
16607
16608
16609
16610
16611
16612
16613
16614
16615
16616
16617
16618
16619
16620
16621
16622
16623
16624
16625
16626
16627
16628
16629
16630
16631
16632
16633
16635
18515
18516
18517
18518
18519
18520
18521
18522
18523
18524
18525
18526
18527
18528
18529
18530
18531
18532
18533
18534
18535
18536
18537
18538
18539
18540
18541
18542
18543
18544
18545
18546
18547
18548
18549
18550
18551
18552
18554
20434
20435
20436
20437
20438
20439
20440
20441
20442
20443
20444
20445
20446
20447
20448
20449
20450
20451
20452
20453
20454
20455
20456
20457
20458
20459
20460
20461
20462
20463
20464
20465
20466
20467
20468
20469
20470
20471
20473
22353
22354
22355
22356
22357
22358
22359
22360
22361
22362
22363
22364
22365
22366
22367
22368
22369
22370
22371
22372
22373
22374
22375
22376
22377
22378
22379
22380
22381
22382
22383
22384
22385
22386
22387
22388
22389
22390
22392
24272
24273
24274
24275
24276
24277
24278
24279
24280
24281
24282
24283
24284
24285
24286
24287
24288
24289
24290
24291
24292
24293
24294
24295
24296
24297
24298
24299
24300
24301
24302
24303
24304
24305
24306
24307
24308
24309
24311
26191
26192
26193
26194
26195
26196
26197
26198
26199
26200
26201
26202
26203
26204
26205
26206
26207
26208
26209
26210
26211
26212
26213
26214
26215
26216
26217
26218
26219
26220
26221
26222
26223
26224
26225
26226
26227
26228
26230
28110
28111
28112
28113
28114
28115
28116
28117
28118
28119
28120
28121
28122
28123
28124
28125
28126
28127
28128
28129
28130
28131
28132
28133
28134
28135
28136
28137
28138
28139
28140
28141
28142
28143
28144
28145
28146
28147
28149
30029
30030
30031
30032
30033
30034
30035
30036
30037
30038
30039
30040
30041
30042
30043
30044
30045
30046
30047
30048
30049
30050
30051
30052
30053
30054
30055
30056
30057
30058
30059
30060
30061
30062
30063
30064
30065
30066
30068
31948
31949
31950
31951
31952
31953
31954
31955
31956
31957
31958
31959
31960
31961
31962
31963
31964
31965
31966
31967
31968
31969
31970
31971
31972
31973
31974
31975
31976
31977
31978
31979
31980
31981
31982
31983
31984
31985
31987
33867
33868
33869
33870
33871
33872
33873
33874
33875
33876
33877
33878
33879
33880
33881
33882
33883
33884
33885
33886
33887
33888
33889
33890
33891
33892
33893
33894
33895
33896
33897
33898
33899
33900
33901
33902
33903
33904
33906
35786
35787
35788
35789
35790
35791
35792
35793
35794
35795
35796
35797
35798
35799
35800
35801
35802
35803
35804
35805
35806
35807
35808
35809
35810
35811
35812
35813
35814
35815
35816
35817
35818
35819
35820
35821
35822
35823
35825
37705
37706
37707
37708
37709
37710
37711
37712
37713
37714
37715
37716
37717
37718
37719
37720
37721
37722
37723
37724
37725
37726
37727
37728
37729
37730
37731
37732
37733
37734
37735
37736
37737
37738
37739
37740
37741
37742
37744
39624
39625
39626
39627
39628
39629
39630
39631
39632
39633
39634
39635
39636
39637
39638
39639
39640
39641
39642
39643
39644
39645
39646
39647
39648
39649
39650
39651
39652
39653
39654
39655
39656
39657
39658
39659
39660
39661
39663
41543
41544
41545
41546
41547
41548
41549
41550
41551
41552
41553
41554
41555
41556
41557
41558
41559
41560
41561
41562
41563
41564
41565
41566
41567
41568
41569
41570
41571
41572
41573
41574
41575
41576
41577
41578
41579
41580
41582
43462
43463
43464
43465
43466
43467
43468
43469
43470
43471
43472
43473
43474
43475
43476
43477
43478
43479
43480
43481
43482
43483
43484
43485
43486
43487
43488
43489
43490
43491
43492
43493
43494
43495
43496
43497
43498
43499
43501
45381
45382
45383
45384
45385
45386
45387
45388
45389
45390
45391
45392
45393
45394
45395
45396
45397
45398
45399
45400
45401
45402
45403
45404
45405
45406
45407
45408
45409
45410
45411
45412
45413
45414
45415
45416
45417
45418
45420
47300
47301
47302
47303
47304
47305
47306
47307
47308
47309
47310
47311
47312
47313
47314
47315
47316
47317
47318
47319
47320
47321
47322
47323
47324
47325
47326
47327
47328
47329
47330
47331
47332
47333
47334
47335
47336
47337
47339
49219
49220
49221
49222
49223
49224
49225
49226
49227
49228
49229
49230
49231
49232
49233
49234
49235
49236
49237
49238
49239
49240
49241
49242
49243
49244
49245
49246
49247
49248
49249
49250
49251
49252
49253
49254
49255
49256
49258
51138
51139
51140
51141
51142
51143
51144
51145
51146
51147
51148
51149
51150
51151
51152
51153
51154
51155
51156
51157
51158
51159
51160
51161
51162
51163
51164
51165
51166
51167
51168
51169
51170
51171
51172
51173
51174
51175
51177
53057
53058
53059
53060
53061
53062
53063
53064
53065
53066
53067
53068
53069
53070
53071
53072
53073
53074
53075
53076
53077
53078
53079
53080
53081
53082
53083
53084
53085
53086
53087
53088
53089
53090
53091
53092
53093
53094
53096
54976
54977
54978
54979
54980
54981
54982
54983
54984
54985
54986
54987
54988
54989
54990
54991
54992
54993
54994
54995
54996
54997
54998
54999
55000
55001
55002
55003
55004
55005
55006
55007
55008
55009
55010
55011
55012
55013
55015
56895
56896
56897
56898
56899
56900
56901
56902
56903
56904
56905
56906
56907
56908
56909
56910
56911
56912
56913
56914
56915
56916
56917
56918
56919
56920
56921
56922
56923
56924
56925
56926
56927
56928
56929
56930
56931
56932
56934
58814
58815
58816
58817
58818
58819
58820
58821
58822
58823
58824
58825
58826
58827
58828
58829
58830
58831
58832
58833
58834
58835
58836
58837
58838
58839
58840
58841
58842
58843
58844
58845
58846
58847
58848
58849
58850
58851
58853
60733
60734
60735
60736
60737
60738
60739
60740
60741
60742
60743
60744
60745
60746
60747
60748
60749
60750
60751
60752
60753
60754
60755
60756
60757
60758
60759
60760
60761
60762
60763
60764
60765
60766
60767
60768
60769
60770
60772
62652
62653
62654
62655
62656
62657
62658
62659
62660
62661
62662
62663
62664
62665
62666
62667
62668
62669
62670
62671
62672
62673
62674
62675
62676
62677
62678
62679
62680
62681
62682
62683
62684
62685
62686
62687
62688
62689
62691
64571
64572
64573
64574
64575
64576
64577
64578
64579
64580
64581
64582
64583
64584
64585
64586
64587
64588
64589
64590
64591
64592
64593
64594
64595
64596
64597
64598
64599
64600
64601
64602
64603
64604
64605
64606
64607
64608
64610
66490
66491
66492
66493
66494
66495
66496
66497
66498
66499
66500
66501
66502
66503
66504
66505
66506
66507
66508
66509
66510
66511
66512
66513
66514
66515
66516
66517
66518
66519
66520
66521
66522
66523
66524
66525
66526
66527
66529
68409
68410
68411
68412
68413
68414
68415
68416
68417
68418
68419
68420
68421
68422
68423
68424
68425
68426
68427
68428
68429
68430
68431
68432
68433
68434
68435
68436
68437
68438
68439
68440
68441
68442
68443
68444
68445
68446
68448
70328
70329
70330
70331
70332
70333
70334
70335
70336
70337
70338
70339
70340
70341
70342
70343
70344
70345
70346
70347
70348
70349
70350
70351
70352
70353
70354
70355
70356
70357
70358
70359
70360
70361
70362
70363
70364
70365
70367
72247
72248
72249
72250
72251
72252
72253
72254
72255
72256
72257
72258
72259
72260
72261
72262
72263
72264
72265
72266
72267
72268
72269
72270
72271
72272
72273
72274
72275
72276
72277
72278
72279
72280
72281
72282
72283
72284
72286
74166
74167
74168
74169
74170
74171
74172
74173
74174
74175
74176
74177
74178
74179
74180
74181
74182
74183
74184
74185
74186
74187
74188
74189
74190
74191
74192
74193
74194
74195
74196
74197
74198
74199
74200
74201
74202
74203
74205
76086
76087
76088
76089
76090
76091
76092
76093
76094
76095
76096
76097
76098
76099
76100
76101
76102
76103
76104
76105
76106
76107
76108
76109
76110
76111
76112
76113
76114
76115
76116
76117
76118
76119
76120
76121
76122
76123
76125
78006
78007
78008
78009
78010
78011
78012
78013
78014
78015
78016
78017
78018
78019
78020
78021
78022
78023
78024
78025
78026
78027
78028
78029
78030
78031
78032
78033
78034
78035
78036
78037
78038
78039
78040
78041
78042
78043
78045
79926
79927
79928
79929
79930
79931
79932
79933
79934
79935
79936
79937
79938
79939
79940
79941
79942
79943
79944
79945
79946
79947
79948
79949
79950
79951
79952
79953
79954
79955
79956
79957
79958
79959
79960
79961
79962
79963
79965
81846
81847
81848
81849
81850
81851
81852
81853
81854
81855
81856
81857
81858
81859
81860
81861
81862
81863
81864
81865
81866
81867
81868
81869
81870
81871
81872
81873
81874
81875
81876
81877
81878
81879
81880
81881
81882
81883
81885
83766
83767
83768
83769
83770
83771
83772
83773
83774
83775
83776
83777
83778
83779
83780
83781
83782
83783
83784
83785
83786
83787
83788
83789
83790
83791
83792
83793
83794
83795
83796
83797
83798
83799
83800
83801
83802
83803
83805
85686
85687
85688
85689
85690
85691
85692
85693
85694
85695
85696
85697
85698
85699
85700
85701
85702
85703
85704
85705
85706
85707
85708
85709
85710
85711
85712
85713
85714
85715
85716
85717
85718
85719
85720
85721
85722
85723
85725
87606
87607
87608
87609
87610
87611
87612
87613
87614
87615
87616
87617
87618
87619
87620
87621
87622
87623
87624
87625
87626
87627
87628
87629
87630
87631
87632
87633
87634
87635
87636
87637
87638
87639
87640
87641
87642
87643
87645
89526
89527
89528
89529
89530
89531
89532
89533
89534
89535
89536
89537
89538
89539
89540
89541
89542
89543
89544
89545
89546
89547
89548
89549
89550
89551
89552
89553
89554
89555
89556
89557
89558
89559
89560
89561
89562
89563
89565
91446
91447
91448
91449
91450
91451
91452
91453
91454
91455
91456
91457
91458
91459
91460
91461
91462
91463
91464
91465
91466
91467
91468
91469
91470
91471
91472
91473
91474
91475
91476
91477
91478
91479
91480
91481
91482
91483
91485
93365
93366
93367
93368
93369
93370
93371
93372
93373
93374
93375
93376
93377
93378
93379
93380
93381
93382
93383
93384
93385
93386
93387
93388
93389
93390
93391
93392
93393
93394
93395
93396
93397
93398
93399
93400
93401
93402
93404
95284
95285
95286
95287
95288
95289
95290
95291
95292
95293
95294
95295
95296
95297
95298
95299
95300
95301
95302
95303
95304
95305
95306
95307
95308
95309
95310
95311
95312
95313
95314
95315
95316
95317
95318
95319
95320
95321
95323
97203
97204
97205
97206
97207
97208
97209
97210
97211
97212
97213
97214
97215
97216
97217
97218
97219
97220
97221
97222
97223
97224
97225
97226
97227
97228
97229
97230
97231
97232
97233
97234
97235
97236
97237
97238
97239
97240
97242
99122
99123
99124
99125
99126
99127
99128
99129
99130
99131
99132
99133
99134
99135
99136
99137
99138
99139
99140
99141
99142
99143
99144
99145
99146
99147
99148
99149
99150
99151
99152
99153
99154
99155
99156
99157
99158
99159
99161
101041
101042
101043
101044
101045
101046
101047
101048
101049
101050
101051
101052
101053
101054
101055
101056
101057
101058
101059
101060
101061
101062
101063
101064
101065
101066
101067
101068
101069
101070
101071
101072
101073
101074
101075
101076
101077
101078
101080
102958
102959
102960
102961
102962
102963
102964
102965
102966
102967
102968
102969
102970
102971
102972
102973
102974
102975
102976
102977
102978
102979
102980
102981
102982
102983
102984
102985
102986
102987
102988
102989
102990
102991
102992
102993
102994
102995
102996
102997
102999
104877
104878
104879
104880
104881
104882
104883
104884
104885
104886
104887
104888
104889
104890
104891
104892
104893
104894
104895
104896
104897
104898
104899
104900
104901
104902
104903
104904
104905
104906
104907
104908
104909
104910
104911
104912
104913
104914
104915
104916
104918
106796
106797
106798
106799
106800
106801
106802
106803
106804
106805
106806
106807
106808
106809
106810
106811
106812
106813
106814
106815
106816
106817
106818
106819
106820
106821
106822
106823
106824
106825
106826
106827
106828
106829
106830
106831
106832
106833
106834
106835
106837
108715
108716
108717
108718
108719
108720
108721
108722
108723
108724
108725
108726
108727
108728
108729
108730
108731
108732
108733
108734
108735
108736
108737
108738
108739
108740
108741
108742
108743
108744
108745
108746
108747
108748
108749
108750
108751
108752
108753
108754
108756
110634
110635
110636
110637
110638
110639
110640
110641
110642
110643
110644
110645
110646
110647
110648
110649
110650
110651
110652
110653
110654
110655
110656
110657
110658
110659
110660
110661
110662
110663
110664
110665
110666
110667
110668
110669
110670
110671
110672
110673
110675
112553
112554
112555
112556
112557
112558
112559
112560
112561
112562
112563
112564
112565
112566
112567
112568
112569
112570
112571
112572
112573
112574
112575
112576
112577
112578
112579
112580
112581
112582
112583
112584
112585
112586
112587
112588
112589
112590
112591
112592
112594
114472
114473
114474
114475
114476
114477
114478
114479
114480
114481
114482
114483
114484
114485
114486
114487
114488
114489
114490
114491
114492
114493
114494
114495
114496
114497
114498
114499
114500
114501
114502
114503
114504
114505
114506
114507
114508
114509
114510
114511
114513
116391
116392
116393
116394
116395
116396
116397
116398
116399
116400
116401
116402
116403
116404
116405
116406
116407
116408
116409
116410
116411
116412
116413
116414
116415
116416
116417
116418
116419
116420
116421
116422
116423
116424
116425
116426
116427
116428
116429
116430
116432
118310
118311
118312
118313
118314
118315
118316
118317
118318
118319
118320
118321
118322
118323
118324
118325
118326
118327
118328
118329
118330
118331
118332
118333
118334
118335
118336
118337
118338
118339
118340
118341
118342
118343
118344
118345
118346
118347
118348
118349
118351
120229
120230
120231
120232
120233
120234
120235
120236
120237
120238
120239
120240
120241
120242
120243
120244
120245
120246
120247
120248
120249
120250
120251
120252
120253
120254
120255
120256
120257
120258
120259
120260
120261
120262
120263
120264
120265
120266
120267
120268
120270
122148
122149
122150
122151
122152
122153
122154
122155
122156
122157
122158
122159
122160
122161
122162
122163
122164
122165
122166
122167
122168
122169
122170
122171
122172
122173
122174
122175
122176
122177
122178
122179
122180
122181
122182
122183
122184
122185
122186
122187
124067
124068
124069
124070
124071
124072
124073
124074
124075
124076
124077
124078
124079
124080
124081
124082
124083
124084
124085
124086
124087
124088
124089
124090
124091
124092
124093
124094
124095
124096
124097
124098
124099
124100
124101
124102
124103
124104
124106
125986
125987
125988
125989
125990
125991
125992
125993
125994
125995
125996
125997
125998
125999
126000
126001
126002
126003
126004
126005
126006
126007
126008
126009
126010
126011
126012
126013
126014
126015
126016
126017
126018
126019
126020
126021
126022
126023
126025
127905
127906
127907
127908
127909
127910
127911
127912
127913
127914
127915
127916
127917
127918
127919
127920
127921
127922
127923
127924
127925
127926
127927
127928
127929
127930
127931
127932
127933
127934
127935
127936
127937
127938
127939
127940
127941
127942
127944
129824
129825
129826
129827
129828
129829
129830
129831
129832
129833
129834
129835
129836
129837
129838
129839
129840
129841
129842
129843
129844
129845
129846
129847
129848
129849
129850
129851
129852
129853
129854
129855
129856
129857
129858
129859
129860
129861
129863
131743
131744
131745
131746
131747
131748
131749
131750
131751
131752
131753
131754
131755
131756
131757
131758
131759
131760
131761
131762
131763
131764
131765
131766
131767
131768
131769
131770
131771
131772
131773
131774
131775
131776
131777
131778
131779
131780
131782
133662
133663
133664
133665
133666
133667
133668
133669
133670
133671
133672
133673
133674
133675
133676
133677
133678
133679
133680
133681
133682
133683
133684
133685
133686
133687
133688
133689
133690
133691
133692
133693
133694
133695
133696
133697
133698
133699
133701
135581
135582
135583
135584
135585
135586
135587
135588
135589
135590
135591
135592
135593
135594
135595
135596
135597
135598
135599
135600
135601
135602
135603
135604
135605
135606
135607
135608
135609
135610
135611
135612
135613
135614
135615
135616
135617
135618
135620
137500
137501
137502
137503
137504
137505
137506
137507
137508
137509
137510
137511
137512
137513
137514
137515
137516
137517
137518
137519
137520
137521
137522
137523
137524
137525
137526
137527
137528
137529
137530
137531
137532
137533
137534
137535
137536
137537
137539
139419
139420
139421
139422
139423
139424
139425
139426
139427
139428
139429
139430
139431
139432
139433
139434
139435
139436
139437
139438
139439
139440
139441
139442
139443
139444
139445
139446
139447
139448
139449
139450
139451
139452
139453
139454
139455
139456
139458
141338
141339
141340
141341
141342
141343
141344
141345
141346
141347
141348
141349
141350
141351
141352
141353
141354
141355
141356
141357
141358
141359
141360
141361
141362
141363
141364
141365
141366
141367
141368
141369
141370
141371
141372
141373
141374
141375
141377
143257
143258
143259
143260
143261
143262
143263
143264
143265
143266
143267
143268
143269
143270
143271
143272
143273
143274
143275
143276
143277
143278
143279
143280
143281
143282
143283
143284
143285
143286
143287
143288
143289
143290
143291
143292
143293
143294
143296
145176
145177
145178
145179
145180
145181
145182
145183
145184
145185
145186
145187
145188
145189
145190
145191
145192
145193
145194
145195
145196
145197
145198
145199
145200
145201
145202
145203
145204
145205
145206
145207
145208
145209
145210
145211
145212
145213
145215
147095
147096
147097
147098
147099
147100
147101
147102
147103
147104
147105
147106
147107
147108
147109
147110
147111
147112
147113
147114
147115
147116
147117
147118
147119
147120
147121
147122
147123
147124
147125
147126
147127
147128
147129
147130
147131
147132
147134
149014
149015
149016
149017
149018
149019
149020
149021
149022
149023
149024
149025
149026
149027
149028
149029
149030
149031
149032
149033
149034
149035
149036
149037
149038
149039
149040
149041
149042
149043
149044
149045
149046
149047
149048
149049
149050
149051
149053
150933
150934
150935
150936
150937
150938
150939
150940
150941
150942
150943
150944
150945
150946
150947
150948
150949
150950
150951
150952
150953
150954
150955
150956
150957
150958
150959
150960
150961
150962
150963
150964
150965
150966
150967
150968
150969
150970
150972
152235
152236
152237
152238
152239
152240
152241
152242
152243
152244
152245
152246
152247
152248
152249
152250
152251
152252
152253
154280
154281
154282
154283
154284
154285
154286
154287
154288
154289
154290
154291
154292
154293
154294
154295
154296
154297
154298
154299
155240
155241
155242
155243
155244
155245
155246
155247
155248
155249
155250
155251
155252
155253
155254
155255
155256
155257
155258
155259
156200
156201
156202
156203
156204
156205
156206
156207
156208
156209
156210
156211
156212
156213
156214
156215
156216
156217
156218
156219
157160
157161
157162
157163
157164
157165
157166
157167
157168
157169
157170
157171
157172
157173
157174
157175
157176
157177
157178
157179
158120
158121
158122
158123
158124
158125
158126
158127
158128
158129
158130
158131
158132
158133
158134
158135
158136
158137
158138
158139
159080
159081
159082
159083
159084
159085
159086
159087
159088
159089
159090
159091
159092
159093
159094
159095
159096
159097
159098
159099
160040
160041
160042
160043
160044
160045
160046
160047
160048
160049
160050
160051
160052
160053
160054
160055
160056
160057
160058
160059
161000
161001
161002
161003
161004
161005
161006
161007
161008
161009
161010
161011
161012
161013
161014
161015
161016
161017
161018
161019
161960
161961
161962
161963
161964
161965
161966
161967
161968
161969
161970
161971
161972
161973
161974
161975
161976
161977
161978
161979
162920
162921
162922
162923
162924
162925
162926
162927
162928
162929
162930
162931
162932
162933
162934
162935
162936
162937
162938
162939
163880
163881
163882
163883
163884
163885
163886
163887
163888
163889
163890
163891
163892
163893
163894
163895
163896
163897
163898
163899
164840
164841
164842
164843
164844
164845
164846
164847
164848
164849
164850
164851
164852
164853
164854
164855
164856
164857
164858
164859
165800
165801
165802
165803
165804
165805
165806
165807
165808
165809
165810
165811
165812
165813
165814
165815
165816
165817
165818
165819
166760
166761
166762
166763
166764
166765
166766
166767
166768
166769
166770
166771
166772
166773
166774
166775
166776
166777
166778
166779
167720
167721
167722
167723
167724
167725
167726
167727
167728
167729
167730
167731
167732
167733
167734
167735
167736
167737
167738
167739
168680
168681
168682
168683
168684
168685
168686
168687
168688
168689
168690
168691
168692
168693
168694
168695
168696
168697
168698
168699
169640
169641
169642
169643
169644
169645
169646
169647
169648
169649
169650
169651
169652
169653
169654
169655
169656
169657
169658
169659
170600
170601
170602
170603
170604
170605
170606
170607
170608
170609
170610
170611
170612
170613
170614
170615
170616
170617
170618
170619
171560
171561
171562
171563
171564
171565
171566
171567
171568
171569
171570
171571
171572
171573
171574
171575
171576
171577
171578
171579
172520
172521
172522
172523
172524
172525
172526
172527
172528
172529
172530
172531
172532
172533
172534
172535
172536
172537
172538
172539
173480
173481
173482
173483
173484
173485
173486
173487
173488
173489
173490
173491
173492
173493
173494
173495
173496
173497
173498
173499
174440
174441
174442
174443
174444
174445
174446
174447
174448
174449
174450
174451
174452
174453
174454
174455
174456
174457
174458
174459
175400
175401
175402
175403
175404
175405
175406
175407
175408
175409
175410
175411
175412
175413
175414
175415
175416
175417
175418
175419
176360
176361
176362
176363
176364
176365
176366
176367
176368
176369
176370
176371
176372
176373
176374
176375
176376
176377
176378
176379
177320
177321
177322
177323
177324
177325
177326
177327
177328
177329
177330
177331
177332
177333
177334
177335
177336
177337
177338
177339
178280
178281
178282
178283
178284
178285
178286
178287
178288
178289
178290
178291
178292
178293
178294
178295
178296
178297
178298
178299
179240
179241
179242
179243
179244
179245
179246
179247
179248
179249
179250
179251
179252
179253
179254
179255
179256
179257
179258
179259
180200
180201
180202
180203
180204
180205
180206
180207
180208
180209
180210
180211
180212
180213
180214
180215
180216
180217
180218
180219
181160
181161
181162
181163
181164
181165
181166
181167
181168
181169
181170
181171
181172
181173
181174
181175
181176
181177
181178
181179
182120
182121
182122
182123
182124
182125
182126
182127
182128
182129
182130
182131
182132
182133
182134
182135
182136
182137
182138
182139
183080
183081
183082
183083
183084
183085
183086
183087
183088
183089
183090
183091
183092
183093
183094
183095
183096
183097
183098
183099
184040
184041
184042
184043
184044
184045
184046
184047
184048
184049
184050
184051
184052
184053
184054
184055
184056
184057
184058
184059
185000
185001
185002
185003
185004
185005
185006
185007
185008
185009
185010
185011
185012
185013
185014
185015
185016
185017
185018
185019
185960
185961
185962
185963
185964
185965
185966
185967
185968
185969
185970
185971
185972
185973
185974
185975
185976
185977
185978
185979
186920
186921
186922
186923
186924
186925
186926
186927
186928
186929
186930
186931
186932
186933
186934
186935
186936
186937
186938
186939
187880
187881
187882
187883
187884
187885
187886
187887
187888
187889
187890
187891
187892
187893
187894
187895
187896
187897
187898
187899
188840
188841
188842
188843
188844
188845
188846
188847
188848
188849
188850
188851
188852
188853
188854
188855
188856
188857
188858
188859
189800
189801
189802
189803
189804
189805
189806
189807
189808
189809
189810
189811
189812
189813
189814
189815
189816
189817
189818
189819
190760
190761
190762
190763
190764
190765
190766
190767
190768
190769
190770
190771
190772
190773
190774
190775
190776
190777
190778
190779
191720
191721
191722
191723
191724
191725
191726
191727
191728
191729
191730
191731
191732
191733
191734
191735
191736
191737
191738
191739
192680
192681
192682
192683
192684
192685
192686
192687
192688
192689
192690
192691
192692
192693
192694
192695
192696
192697
192698
192699
193640
193641
193642
193643
193644
193645
193646
193647
193648
193649
193650
193651
193652
193653
193654
193655
193656
193657
193658
193659
194600
194601
194602
194603
194604
194605
194606
194607
194608
194609
194610
194611
194612
194613
194614
194615
194616
194617
194618
194619
195560
195561
195562
195563
195564
195565
195566
195567
195568
195569
195570
195571
195572
195573
195574
195575
195576
195577
195578
195579
196520
196521
196522
196523
196524
196525
196526
196527
196528
196529
196530
196531
196532
196533
196534
196535
196536
196537
196538
196539
197480
197481
197482
197483
197484
197485
197486
197487
197488
197489
197490
197491
197492
197493
197494
197495
197496
197497
197498
197499
198440
198441
198442
198443
198444
198445
198446
198447
198448
198449
198450
198451
198452
198453
198454
198455
198456
198457
198458
198459
199400
199401
199402
199403
199404
199405
199406
199407
199408
199409
199410
199411
199412
199413
199414
199415
199416
199417
199418
199419
200360
200361
200362
200363
200364
200365
200366
200367
200368
200369
200370
200371
200372
200373
200374
200375
200376
200377
200378
200379
201320
201321
201322
201323
201324
201325
201326
201327
201328
201329
201330
201331
201332
201333
201334
201335
201336
201337
201338
201339
202280
202281
202282
202283
202284
202285
202286
202287
202288
202289
202290
202291
202292
202293
202294
202295
202296
202297
202298
202299
203240
203241
203242
203243
203244
203245
203246
203247
203248
203249
203250
203251
203252
203253
203254
203255
203256
203257
203258
203259
204200
204201
204202
204203
204204
204205
204206
204207
204208
204209
204210
204211
204212
204213
204214
204215
204216
204217
204218
204219
205159
205160
205161
205162
205163
205164
205165
205166
205167
205168
205169
205170
205171
205172
205173
205174
205175
205176
205177
205178
205179
206119
206120
206121
206122
206123
206124
206125
206126
206127
206128
206129
206130
206131
206132
206133
206134
206135
206136
206137
206138
206139
207079
207080
207081
207082
207083
207084
207085
207086
207087
207088
207089
207090
207091
207092
207093
207094
207095
207096
207097
207098
207099
208039
208040
208041
208042
208043
208044
208045
208046
208047
208048
208049
208050
208051
208052
208053
208054
208055
208056
208057
208058
208059
208999
209000
209001
209002
209003
209004
209005
209006
209007
209008
209009
209010
209011
209012
209013
209014
209015
209016
209017
209018
209019
209959
209960
209961
209962
209963
209964
209965
209966
209967
209968
209969
209970
209971
209972
209973
209974
209975
209976
209977
209978
209979
210919
210920
210921
210922
210923
210924
210925
210926
210927
210928
210929
210930
210931
210932
210933
210934
210935
210936
210937
210938
210939
211879
211880
211881
211882
211883
211884
211885
211886
211887
211888
211889
211890
211891
211892
211893
211894
211895
211896
211897
211898
211899
212839
212840
212841
212842
212843
212844
212845
212846
212847
212848
212849
212850
212851
212852
212853
212854
212855
212856
212857
212858
212859
213799
213800
213801
213802
213803
213804
213805
213806
213807
213808
213809
213810
213811
213812
213813
213814
213815
213816
213817
213818
213819
214759
214760
214761
214762
214763
214764
214765
214766
214767
214768
214769
214770
214771
214772
214773
214774
214775
214776
214777
214778
214779
215719
215720
215721
215722
215723
215724
215725
215726
215727
215728
215729
215730
215731
215732
215733
215734
215735
215736
215737
215738
216679
216680
216681
216682
216683
216684
216685
216686
216687
216688
216689
216690
216691
216692
216693
216694
216695
216696
216697
216698
217639
217640
217641
217642
217643
217644
217645
217646
217647
217648
217649
217650
217651
217652
217653
217654
217655
217656
217657
217658
218599
218600
218601
218602
218603
218604
218605
218606
218607
218608
218609
218610
218611
218612
218613
218614
218615
218616
218617
218618
219559
219560
219561
219562
219563
219564
219565
219566
219567
219568
219569
219570
219571
219572
219573
219574
219575
219576
219577
219578
220519
220520
220521
220522
220523
220524
220525
220526
220527
220528
220529
220530
220531
220532
220533
220534
220535
220536
220537
220538
221479
221480
221481
221482
221483
221484
221485
221486
221487
221488
221489
221490
221491
221492
221493
221494
221495
221496
221497
221498
222439
222440
222441
222442
222443
222444
222445
222446
222447
222448
222449
222450
222451
222452
222453
222454
222455
222456
222457
222458
223399
223400
223401
223402
223403
223404
223405
223406
223407
223408
223409
223410
223411
223412
223413
223414
223415
223416
223417
223418
224359
224360
224361
224362
224363
224364
224365
224366
224367
224368
224369
224370
224371
224372
224373
224374
224375
224376
224377
224378
225319
225320
225321
225322
225323
225324
225325
225326
225327
225328
225329
225330
225331
225332
225333
225334
225335
225336
225337
225338
226279
226280
226281
226282
226283
226284
226285
226286
226287
226288
226289
226290
226291
226292
226293
226294
226295
226296
226297
226298
227239
227240
227241
227242
227243
227244
227245
227246
227247
227248
227249
227250
227251
227252
227253
227254
227255
227256
227257
227258
228199
228200
228201
228202
228203
228204
228205
228206
228207
228208
228209
228210
228211
228212
228213
228214
228215
228216
228217
228218
229159
229160
229161
229162
229163
229164
229165
229166
229167
229168
229169
229170
229171
229172
229173
229174
229175
229176
229177
229178
230119
230120
230121
230122
230123
230124
230125
230126
230127
230128
230129
230130
230131
230132
230133
230134
230135
230136
230137
230138
231617
231618
231619
231620
231621
231622
231623
231624
231625
231626
231627
231628
231629
231630
231631
231632
231633
231634
231635
231636
232577
232578
232579
232580
232581
232582
232583
232584
232585
232586
232587
232588
232589
232590
232591
232592
232593
232594
232595
232596
233537
233538
233539
233540
233541
233542
233543
233544
233545
233546
233547
233548
233549
233550
233551
233552
233553
233554
233555
233556
234497
234498
234499
234500
234501
234502
234503
234504
234505
234506
234507
234508
234509
234510
234511
234512
234513
234514
234515
234516
235457
235458
235459
235460
235461
235462
235463
235464
235465
235466
235467
235468
235469
235470
235471
235472
235473
235474
235475
235476
236417
236418
236419
236420
236421
236422
236423
236424
236425
236426
236427
236428
236429
236430
236431
236432
236433
236434
236435
236436
237377
237378
237379
237380
237381
237382
237383
237384
237385
237386
237387
237388
237389
237390
237391
237392
237393
237394
237395
237396
238337
238338
238339
238340
238341
238342
238343
238344
238345
238346
238347
238348
238349
238350
238351
238352
238353
238354
238355
238356
239297
239298
239299
239300
239301
239302
239303
239304
239305
239306
239307
239308
239309
239310
239311
239312
239313
239314
239315
239316
240257
240258
240259
240260
240261
240262
240263
240264
240265
240266
240267
240268
240269
240270
240271
240272
240273
240274
240275
240276
241217
241218
241219
241220
241221
241222
241223
241224
241225
241226
241227
241228
241229
241230
241231
241232
241233
241234
241235
241236
242177
242178
242179
242180
242181
242182
242183
242184
242185
242186
242187
242188
242189
242190
242191
242192
242193
242194
242195
242196
243137
243138
243139
243140
243141
243142
243143
243144
243145
243146
243147
243148
243149
243150
243151
243152
243153
243154
243155
243156
244097
244098
244099
244100
244101
244102
244103
244104
244105
244106
244107
244108
244109
244110
244111
244112
244113
244114
244115
244116
245057
245058
245059
245060
245061
245062
245063
245064
245065
245066
245067
245068
245069
245070
245071
245072
245073
245074
245075
245076
246017
246018
246019
246020
246021
246022
246023
246024
246025
246026
246027
246028
246029
246030
246031
246032
246033
246034
246035
246036
246977
246978
246979
246980
246981
246982
246983
246984
246985
246986
246987
246988
246989
246990
246991
246992
246993
246994
246995
246996
247937
247938
247939
247940
247941
247942
247943
247944
247945
247946
247947
247948
247949
247950
247951
247952
247953
247954
247955
247956
248897
248898
248899
248900
248901
248902
248903
248904
248905
248906
248907
248908
248909
248910
248911
248912
248913
248914
248915
248916
249857
249858
249859
249860
249861
249862
249863
249864
249865
249866
249867
249868
249869
249870
249871
249872
249873
249874
249875
249876
250817
250818
250819
250820
250821
250822
250823
250824
250825
250826
250827
250828
250829
250830
250831
250832
250833
250834
250835
250836
251777
251778
251779
251780
251781
251782
251783
251784
251785
251786
251787
251788
251789
251790
251791
251792
251793
251794
251795
251796
252737
252738
252739
252740
252741
252742
252743
252744
252745
252746
252747
252748
252749
252750
252751
252752
252753
252754
252755
252756
253697
253698
253699
253700
253701
253702
253703
253704
253705
253706
253707
253708
253709
253710
253711
253712
253713
253714
253715
253716
254657
254658
254659
254660
254661
254662
254663
254664
254665
254666
254667
254668
254669
254670
254671
254672
254673
254674
254675
254676
255617
255618
255619
255620
255621
255622
255623
255624
255625
255626
255627
255628
255629
255630
255631
255632
255633
255634
255635
255636
256577
256578
256579
256580
256581
256582
256583
256584
256585
256586
256587
256588
256589
256590
256591
256592
256593
256594
256595
256596
257537
257538
257539
257540
257541
257542
257543
257544
257545
257546
257547
257548
257549
257550
257551
257552
257553
257554
257555
257556
258497
258498
258499
258500
258501
258502
258503
258504
258505
258506
258507
258508
258509
258510
258511
258512
258513
258514
258515
258516
259457
259458
259459
259460
259461
259462
259463
259464
259465
259466
259467
259468
259469
259470
259471
259472
259473
259474
259475
259476
260417
260418
260419
260420
260421
260422
260423
260424
260425
260426
260427
260428
260429
260430
260431
260432
260433
260434
260435
260436
261377
261378
261379
261380
261381
261382
261383
261384
261385
261386
261387
261388
261389
261390
261391
261392
261393
261394
261395
261396
262337
262338
262339
262340
262341
262342
262343
262344
262345
262346
262347
262348
262349
262350
262351
262352
262353
262354
262355
262356
263297
263298
263299
263300
263301
263302
263303
263304
263305
263306
263307
263308
263309
263310
263311
263312
263313
263314
263315
263316
264257
264258
264259
264260
264261
264262
264263
264264
264265
264266
264267
264268
264269
264270
264271
264272
264273
264274
264275
264276
265217
265218
265219
265220
265221
265222
265223
265224
265225
265226
265227
265228
265229
265230
265231
265232
265233
265234
265235
265236
266177
266178
266179
266180
266181
266182
266183
266184
266185
266186
266187
266188
266189
266190
266191
266192
266193
266194
266195
266196
267137
267138
267139
267140
267141
267142
267143
267144
267145
267146
267147
267148
267149
267150
267151
267152
267153
267154
267155
267156
268097
268098
268099
268100
268101
268102
268103
268104
268105
268106
268107
268108
268109
268110
268111
268112
268113
268114
268115
268116
269057
269058
269059
269060
269061
269062
269063
269064
269065
269066
269067
269068
269069
269070
269071
269072
269073
269074
269075
269076
270017
270018
270019
270020
270021
270022
270023
270024
270025
270026
270027
270028
270029
270030
270031
270032
270033
270034
270035
270036
270977
270978
270979
270980
270981
270982
270983
270984
270985
270986
270987
270988
270989
270990
270991
270992
270993
270994
270995
270996
271937
271938
271939
271940
271941
271942
271943
271944
271945
271946
271947
271948
271949
271950
271951
271952
271953
271954
271955
271956
272897
272898
272899
272900
272901
272902
272903
272904
272905
272906
272907
272908
272909
272910
272911
272912
272913
272914
272915
272916
273857
273858
273859
273860
273861
273862
273863
273864
273865
273866
273867
273868
273869
273870
273871
273872
273873
273874
273875
273876
274817
274818
274819
274820
274821
274822
274823
274824
274825
274826
274827
274828
274829
274830
274831
274832
274833
274834
274835
274836
275777
275778
275779
275780
275781
275782
275783
275784
275785
275786
275787
275788
275789
275790
275791
275792
275793
275794
275795
275796
276737
276738
276739
276740
276741
276742
276743
276744
276745
276746
276747
276748
276749
276750
276751
276752
276753
276754
276755
276756
277697
277698
277699
277700
277701
277702
277703
277704
277705
277706
277707
277708
277709
277710
277711
277712
277713
277714
277715
277716
278657
278658
278659
278660
278661
278662
278663
278664
278665
278666
278667
278668
278669
278670
278671
278672
278673
278674
278675
278676
279617
279618
279619
279620
279621
279622
279623
279624
279625
279626
279627
279628
279629
279630
279631
279632
279633
279634
279635
279636
280577
280578
280579
280580
280581
280582
280583
280584
280585
280586
280587
280588
280589
280590
280591
280592
280593
280594
280595
280596
281537
281538
281539
281540
281541
281542
281543
281544
281545
281546
281547
281548
281549
281550
281551
281552
281553
281554
281555
281556
282496
282497
282498
282499
282500
282501
282502
282503
282504
282505
282506
282507
282508
282509
282510
282511
282512
282513
282514
282515
282516
283456
283457
283458
283459
283460
283461
283462
283463
283464
283465
283466
283467
283468
283469
283470
283471
283472
283473
283474
283475
283476
284416
284417
284418
284419
284420
284421
284422
284423
284424
284425
284426
284427
284428
284429
284430
284431
284432
284433
284434
284435
284436
285376
285377
285378
285379
285380
285381
285382
285383
285384
285385
285386
285387
285388
285389
285390
285391
285392
285393
285394
285395
285396
286336
286337
286338
286339
286340
286341
286342
286343
286344
286345
286346
286347
286348
286349
286350
286351
286352
286353
286354
286355
286356
287296
287297
287298
287299
287300
287301
287302
287303
287304
287305
287306
287307
287308
287309
287310
287311
287312
287313
287314
287315
287316
288256
288257
288258
288259
288260
288261
288262
288263
288264
288265
288266
288267
288268
288269
288270
288271
288272
288273
288274
288275
288276
289216
289217
289218
289219
289220
289221
289222
289223
289224
289225
289226
289227
289228
289229
289230
289231
289232
289233
289234
289235
289236
290176
290177
290178
290179
290180
290181
290182
290183
290184
290185
290186
290187
290188
290189
290190
290191
290192
290193
290194
290195
290196
291136
291137
291138
291139
291140
291141
291142
291143
291144
291145
291146
291147
291148
291149
291150
291151
291152
291153
291154
291155
291156
292096
292097
292098
292099
292100
292101
292102
292103
292104
292105
292106
292107
292108
292109
292110
292111
292112
292113
292114
292115
292116
293056
293057
293058
293059
293060
293061
293062
293063
293064
293065
293066
293067
293068
293069
293070
293071
293072
293073
293074
293075
294016
294017
294018
294019
294020
294021
294022
294023
294024
294025
294026
294027
294028
294029
294030
294031
294032
294033
294034
294035
294976
294977
294978
294979
294980
294981
294982
294983
294984
294985
294986
294987
294988
294989
294990
294991
294992
294993
294994
294995
295936
295937
295938
295939
295940
295941
295942
295943
295944
295945
295946
295947
295948
295949
295950
295951
295952
295953
295954
295955
296896
296897
296898
296899
296900
296901
296902
296903
296904
296905
296906
296907
296908
296909
296910
296911
296912
296913
296914
296915
297856
297857
297858
297859
297860
297861
297862
297863
297864
297865
297866
297867
297868
297869
297870
297871
297872
297873
297874
297875
298816
298817
298818
298819
298820
298821
298822
298823
298824
298825
298826
298827
298828
298829
298830
298831
298832
298833
298834
298835
299776
299777
299778
299779
299780
299781
299782
299783
299784
299785
299786
299787
299788
299789
299790
299791
299792
299793
299794
299795
300736
300737
300738
300739
300740
300741
300742
300743
300744
300745
300746
300747
300748
300749
300750
300751
300752
300753
300754
300755
301696
301697
301698
301699
301700
301701
301702
301703
301704
301705
301706
301707
301708
301709
301710
301711
301712
301713
301714
301715
302656
302657
302658
302659
302660
302661
302662
302663
302664
302665
302666
302667
302668
302669
302670
302671
302672
302673
302674
302675
303616
303617
303618
303619
303620
303621
303622
303623
303624
303625
303626
303627
303628
303629
303630
303631
303632
303633
303634
303635
304576
304577
304578
304579
304580
304581
304582
304583
304584
304585
304586
304587
304588
304589
304590
304591
304592
304593
304594
304595
305536
305537
305538
305539
305540
305541
305542
305543
305544
305545
305546
305547
305548
305549
305550
305551
305552
305553
305554
305555
306496
306497
306498
306499
306500
306501
306502
306503
306504
306505
306506
306507
306508
306509
306510
306511
306512
306513
306514
306515
307456
307457
307458
307459
307460
307461
307462
307463
307464
307465
307466
307467
307468
307469
307470
307471
307472
307473
307474
307475
309113
309114
309115
309116
309117
309118
309119
309120
309121
309122
309123
309124
309125
309126
309127
309128
309129
309130
309131
309132
-1236
-3156
-5076
-6996
-8916
-10836
-12756
-14675
-16594
-18513
-20432
-22351
-24270
-26189
-28108
-30027
-31946
-33865
-35784
-37703
-39622
-41541
-43460
-45379
-47298
-49217
-51136
-53055
-54974
-56893
-58812
-60731
-62650
-64569
-66488
-68407
-70326
-72245
-74164
-76084
-78004
-79924
-81844
-83764
-85684
-87604
-89524
-91444
-93363
-95282
-97201
-99120
-101039
-101040
-102956
-104875
-106794
-108713
-110632
-112551
-114470
-116389
-118308
-120227
-122146
-124065
-125984
-127903
-129822
-131741
-133660
-135579
-137498
-139417
-141336
-143255
-145174
-147093
-149012
-150931
-152234
1276
3196
5116
7036
8956
10876
12796
14715
16634
18553
20472
22391
24310
26229
28148
30067
31986
33905
35824
37743
39662
41581
43500
45419
47338
49257
51176
53095
55014
56933
58852
60771
62690
64609
66528
68447
70366
72285
74204
76124
78044
79964
81884
83804
85724
87644
89564
91484
93403
95322
97241
99160
101079
102998
104917
106836
108755
110674
112593
114512
116431
118350
120269
122188
122189
124105
126024
127943
129862
131781
133700
135619
137538
139457
141376
143295
145214
147133
149052
150971
152254
)


// ************************************************************************* //
