/*--------------------------------*- C++ -*----------------------------------*\
| =========                 |                                                 |
| \\      /  F ield         | OpenFOAM: The Open Source CFD Toolbox           |
|  \\    /   O peration     | Version:  2.3.0                                 |
|   \\  /    A nd           | Web:      www.OpenFOAM.org                      |
|    \\/     M anipulation  |                                                 |
\*---------------------------------------------------------------------------*/
FoamFile
{
    version     2.0;
    format      ascii;
    class       labelList;
    location    "constant/polyMesh";
    object      faceProcAddressing;
}
// * * * * * * * * * * * * * * * * * * * * * * * * * * * * * * * * * * * * * //


6525
(
876
877
878
879
880
881
882
883
884
885
886
887
888
889
890
891
892
893
894
895
896
897
898
899
900
901
902
903
904
905
906
907
908
909
910
911
912
913
915
2796
2797
2798
2799
2800
2801
2802
2803
2804
2805
2806
2807
2808
2809
2810
2811
2812
2813
2814
2815
2816
2817
2818
2819
2820
2821
2822
2823
2824
2825
2826
2827
2828
2829
2830
2831
2832
2833
2835
4716
4717
4718
4719
4720
4721
4722
4723
4724
4725
4726
4727
4728
4729
4730
4731
4732
4733
4734
4735
4736
4737
4738
4739
4740
4741
4742
4743
4744
4745
4746
4747
4748
4749
4750
4751
4752
4753
4755
6636
6637
6638
6639
6640
6641
6642
6643
6644
6645
6646
6647
6648
6649
6650
6651
6652
6653
6654
6655
6656
6657
6658
6659
6660
6661
6662
6663
6664
6665
6666
6667
6668
6669
6670
6671
6672
6673
6675
8556
8557
8558
8559
8560
8561
8562
8563
8564
8565
8566
8567
8568
8569
8570
8571
8572
8573
8574
8575
8576
8577
8578
8579
8580
8581
8582
8583
8584
8585
8586
8587
8588
8589
8590
8591
8592
8593
8595
10476
10477
10478
10479
10480
10481
10482
10483
10484
10485
10486
10487
10488
10489
10490
10491
10492
10493
10494
10495
10496
10497
10498
10499
10500
10501
10502
10503
10504
10505
10506
10507
10508
10509
10510
10511
10512
10513
10515
12396
12397
12398
12399
12400
12401
12402
12403
12404
12405
12406
12407
12408
12409
12410
12411
12412
12413
12414
12415
12416
12417
12418
12419
12420
12421
12422
12423
12424
12425
12426
12427
12428
12429
12430
12431
12432
12433
12435
14315
14316
14317
14318
14319
14320
14321
14322
14323
14324
14325
14326
14327
14328
14329
14330
14331
14332
14333
14334
14335
14336
14337
14338
14339
14340
14341
14342
14343
14344
14345
14346
14347
14348
14349
14350
14351
14352
14354
16234
16235
16236
16237
16238
16239
16240
16241
16242
16243
16244
16245
16246
16247
16248
16249
16250
16251
16252
16253
16254
16255
16256
16257
16258
16259
16260
16261
16262
16263
16264
16265
16266
16267
16268
16269
16270
16271
16273
18153
18154
18155
18156
18157
18158
18159
18160
18161
18162
18163
18164
18165
18166
18167
18168
18169
18170
18171
18172
18173
18174
18175
18176
18177
18178
18179
18180
18181
18182
18183
18184
18185
18186
18187
18188
18189
18190
18192
20072
20073
20074
20075
20076
20077
20078
20079
20080
20081
20082
20083
20084
20085
20086
20087
20088
20089
20090
20091
20092
20093
20094
20095
20096
20097
20098
20099
20100
20101
20102
20103
20104
20105
20106
20107
20108
20109
20111
21991
21992
21993
21994
21995
21996
21997
21998
21999
22000
22001
22002
22003
22004
22005
22006
22007
22008
22009
22010
22011
22012
22013
22014
22015
22016
22017
22018
22019
22020
22021
22022
22023
22024
22025
22026
22027
22028
22030
23910
23911
23912
23913
23914
23915
23916
23917
23918
23919
23920
23921
23922
23923
23924
23925
23926
23927
23928
23929
23930
23931
23932
23933
23934
23935
23936
23937
23938
23939
23940
23941
23942
23943
23944
23945
23946
23947
23949
25829
25830
25831
25832
25833
25834
25835
25836
25837
25838
25839
25840
25841
25842
25843
25844
25845
25846
25847
25848
25849
25850
25851
25852
25853
25854
25855
25856
25857
25858
25859
25860
25861
25862
25863
25864
25865
25866
25868
27748
27749
27750
27751
27752
27753
27754
27755
27756
27757
27758
27759
27760
27761
27762
27763
27764
27765
27766
27767
27768
27769
27770
27771
27772
27773
27774
27775
27776
27777
27778
27779
27780
27781
27782
27783
27784
27785
27787
29667
29668
29669
29670
29671
29672
29673
29674
29675
29676
29677
29678
29679
29680
29681
29682
29683
29684
29685
29686
29687
29688
29689
29690
29691
29692
29693
29694
29695
29696
29697
29698
29699
29700
29701
29702
29703
29704
29706
31586
31587
31588
31589
31590
31591
31592
31593
31594
31595
31596
31597
31598
31599
31600
31601
31602
31603
31604
31605
31606
31607
31608
31609
31610
31611
31612
31613
31614
31615
31616
31617
31618
31619
31620
31621
31622
31623
31625
33505
33506
33507
33508
33509
33510
33511
33512
33513
33514
33515
33516
33517
33518
33519
33520
33521
33522
33523
33524
33525
33526
33527
33528
33529
33530
33531
33532
33533
33534
33535
33536
33537
33538
33539
33540
33541
33542
33544
35424
35425
35426
35427
35428
35429
35430
35431
35432
35433
35434
35435
35436
35437
35438
35439
35440
35441
35442
35443
35444
35445
35446
35447
35448
35449
35450
35451
35452
35453
35454
35455
35456
35457
35458
35459
35460
35461
35463
37343
37344
37345
37346
37347
37348
37349
37350
37351
37352
37353
37354
37355
37356
37357
37358
37359
37360
37361
37362
37363
37364
37365
37366
37367
37368
37369
37370
37371
37372
37373
37374
37375
37376
37377
37378
37379
37380
37382
39262
39263
39264
39265
39266
39267
39268
39269
39270
39271
39272
39273
39274
39275
39276
39277
39278
39279
39280
39281
39282
39283
39284
39285
39286
39287
39288
39289
39290
39291
39292
39293
39294
39295
39296
39297
39298
39299
39301
41181
41182
41183
41184
41185
41186
41187
41188
41189
41190
41191
41192
41193
41194
41195
41196
41197
41198
41199
41200
41201
41202
41203
41204
41205
41206
41207
41208
41209
41210
41211
41212
41213
41214
41215
41216
41217
41218
41220
43100
43101
43102
43103
43104
43105
43106
43107
43108
43109
43110
43111
43112
43113
43114
43115
43116
43117
43118
43119
43120
43121
43122
43123
43124
43125
43126
43127
43128
43129
43130
43131
43132
43133
43134
43135
43136
43137
43139
45019
45020
45021
45022
45023
45024
45025
45026
45027
45028
45029
45030
45031
45032
45033
45034
45035
45036
45037
45038
45039
45040
45041
45042
45043
45044
45045
45046
45047
45048
45049
45050
45051
45052
45053
45054
45055
45056
45058
46938
46939
46940
46941
46942
46943
46944
46945
46946
46947
46948
46949
46950
46951
46952
46953
46954
46955
46956
46957
46958
46959
46960
46961
46962
46963
46964
46965
46966
46967
46968
46969
46970
46971
46972
46973
46974
46975
46977
48857
48858
48859
48860
48861
48862
48863
48864
48865
48866
48867
48868
48869
48870
48871
48872
48873
48874
48875
48876
48877
48878
48879
48880
48881
48882
48883
48884
48885
48886
48887
48888
48889
48890
48891
48892
48893
48894
48896
50776
50777
50778
50779
50780
50781
50782
50783
50784
50785
50786
50787
50788
50789
50790
50791
50792
50793
50794
50795
50796
50797
50798
50799
50800
50801
50802
50803
50804
50805
50806
50807
50808
50809
50810
50811
50812
50813
50815
52695
52696
52697
52698
52699
52700
52701
52702
52703
52704
52705
52706
52707
52708
52709
52710
52711
52712
52713
52714
52715
52716
52717
52718
52719
52720
52721
52722
52723
52724
52725
52726
52727
52728
52729
52730
52731
52732
52734
54614
54615
54616
54617
54618
54619
54620
54621
54622
54623
54624
54625
54626
54627
54628
54629
54630
54631
54632
54633
54634
54635
54636
54637
54638
54639
54640
54641
54642
54643
54644
54645
54646
54647
54648
54649
54650
54651
54653
56533
56534
56535
56536
56537
56538
56539
56540
56541
56542
56543
56544
56545
56546
56547
56548
56549
56550
56551
56552
56553
56554
56555
56556
56557
56558
56559
56560
56561
56562
56563
56564
56565
56566
56567
56568
56569
56570
56572
58452
58453
58454
58455
58456
58457
58458
58459
58460
58461
58462
58463
58464
58465
58466
58467
58468
58469
58470
58471
58472
58473
58474
58475
58476
58477
58478
58479
58480
58481
58482
58483
58484
58485
58486
58487
58488
58489
58491
60371
60372
60373
60374
60375
60376
60377
60378
60379
60380
60381
60382
60383
60384
60385
60386
60387
60388
60389
60390
60391
60392
60393
60394
60395
60396
60397
60398
60399
60400
60401
60402
60403
60404
60405
60406
60407
60408
60410
62290
62291
62292
62293
62294
62295
62296
62297
62298
62299
62300
62301
62302
62303
62304
62305
62306
62307
62308
62309
62310
62311
62312
62313
62314
62315
62316
62317
62318
62319
62320
62321
62322
62323
62324
62325
62326
62327
62329
64209
64210
64211
64212
64213
64214
64215
64216
64217
64218
64219
64220
64221
64222
64223
64224
64225
64226
64227
64228
64229
64230
64231
64232
64233
64234
64235
64236
64237
64238
64239
64240
64241
64242
64243
64244
64245
64246
64248
66126
66127
66128
66129
66130
66131
66132
66133
66134
66135
66136
66137
66138
66139
66140
66141
66142
66143
66144
66145
66146
66147
66148
66149
66150
66151
66152
66153
66154
66155
66156
66157
66158
66159
66160
66161
66162
66163
66164
66165
66167
68045
68046
68047
68048
68049
68050
68051
68052
68053
68054
68055
68056
68057
68058
68059
68060
68061
68062
68063
68064
68065
68066
68067
68068
68069
68070
68071
68072
68073
68074
68075
68076
68077
68078
68079
68080
68081
68082
68083
68084
68086
69964
69965
69966
69967
69968
69969
69970
69971
69972
69973
69974
69975
69976
69977
69978
69979
69980
69981
69982
69983
69984
69985
69986
69987
69988
69989
69990
69991
69992
69993
69994
69995
69996
69997
69998
69999
70000
70001
70002
70003
70005
71883
71884
71885
71886
71887
71888
71889
71890
71891
71892
71893
71894
71895
71896
71897
71898
71899
71900
71901
71902
71903
71904
71905
71906
71907
71908
71909
71910
71911
71912
71913
71914
71915
71916
71917
71918
71919
71920
71921
71922
71924
73802
73803
73804
73805
73806
73807
73808
73809
73810
73811
73812
73813
73814
73815
73816
73817
73818
73819
73820
73821
73822
73823
73824
73825
73826
73827
73828
73829
73830
73831
73832
73833
73834
73835
73836
73837
73838
73839
73840
73841
73843
75722
75723
75724
75725
75726
75727
75728
75729
75730
75731
75732
75733
75734
75735
75736
75737
75738
75739
75740
75741
75742
75743
75744
75745
75746
75747
75748
75749
75750
75751
75752
75753
75754
75755
75756
75757
75758
75759
75760
75761
75763
77642
77643
77644
77645
77646
77647
77648
77649
77650
77651
77652
77653
77654
77655
77656
77657
77658
77659
77660
77661
77662
77663
77664
77665
77666
77667
77668
77669
77670
77671
77672
77673
77674
77675
77676
77677
77678
77679
77680
77681
77683
79562
79563
79564
79565
79566
79567
79568
79569
79570
79571
79572
79573
79574
79575
79576
79577
79578
79579
79580
79581
79582
79583
79584
79585
79586
79587
79588
79589
79590
79591
79592
79593
79594
79595
79596
79597
79598
79599
79600
79601
79603
81482
81483
81484
81485
81486
81487
81488
81489
81490
81491
81492
81493
81494
81495
81496
81497
81498
81499
81500
81501
81502
81503
81504
81505
81506
81507
81508
81509
81510
81511
81512
81513
81514
81515
81516
81517
81518
81519
81520
81521
81523
83402
83403
83404
83405
83406
83407
83408
83409
83410
83411
83412
83413
83414
83415
83416
83417
83418
83419
83420
83421
83422
83423
83424
83425
83426
83427
83428
83429
83430
83431
83432
83433
83434
83435
83436
83437
83438
83439
83440
83441
83443
85322
85323
85324
85325
85326
85327
85328
85329
85330
85331
85332
85333
85334
85335
85336
85337
85338
85339
85340
85341
85342
85343
85344
85345
85346
85347
85348
85349
85350
85351
85352
85353
85354
85355
85356
85357
85358
85359
85360
85361
87242
87243
87244
87245
87246
87247
87248
87249
87250
87251
87252
87253
87254
87255
87256
87257
87258
87259
87260
87261
87262
87263
87264
87265
87266
87267
87268
87269
87270
87271
87272
87273
87274
87275
87276
87277
87278
87279
87281
89162
89163
89164
89165
89166
89167
89168
89169
89170
89171
89172
89173
89174
89175
89176
89177
89178
89179
89180
89181
89182
89183
89184
89185
89186
89187
89188
89189
89190
89191
89192
89193
89194
89195
89196
89197
89198
89199
89201
91082
91083
91084
91085
91086
91087
91088
91089
91090
91091
91092
91093
91094
91095
91096
91097
91098
91099
91100
91101
91102
91103
91104
91105
91106
91107
91108
91109
91110
91111
91112
91113
91114
91115
91116
91117
91118
91119
91121
93001
93002
93003
93004
93005
93006
93007
93008
93009
93010
93011
93012
93013
93014
93015
93016
93017
93018
93019
93020
93021
93022
93023
93024
93025
93026
93027
93028
93029
93030
93031
93032
93033
93034
93035
93036
93037
93038
93040
94920
94921
94922
94923
94924
94925
94926
94927
94928
94929
94930
94931
94932
94933
94934
94935
94936
94937
94938
94939
94940
94941
94942
94943
94944
94945
94946
94947
94948
94949
94950
94951
94952
94953
94954
94955
94956
94957
94959
96839
96840
96841
96842
96843
96844
96845
96846
96847
96848
96849
96850
96851
96852
96853
96854
96855
96856
96857
96858
96859
96860
96861
96862
96863
96864
96865
96866
96867
96868
96869
96870
96871
96872
96873
96874
96875
96876
96878
98758
98759
98760
98761
98762
98763
98764
98765
98766
98767
98768
98769
98770
98771
98772
98773
98774
98775
98776
98777
98778
98779
98780
98781
98782
98783
98784
98785
98786
98787
98788
98789
98790
98791
98792
98793
98794
98795
98797
100677
100678
100679
100680
100681
100682
100683
100684
100685
100686
100687
100688
100689
100690
100691
100692
100693
100694
100695
100696
100697
100698
100699
100700
100701
100702
100703
100704
100705
100706
100707
100708
100709
100710
100711
100712
100713
100714
100716
102596
102597
102598
102599
102600
102601
102602
102603
102604
102605
102606
102607
102608
102609
102610
102611
102612
102613
102614
102615
102616
102617
102618
102619
102620
102621
102622
102623
102624
102625
102626
102627
102628
102629
102630
102631
102632
102633
102635
104515
104516
104517
104518
104519
104520
104521
104522
104523
104524
104525
104526
104527
104528
104529
104530
104531
104532
104533
104534
104535
104536
104537
104538
104539
104540
104541
104542
104543
104544
104545
104546
104547
104548
104549
104550
104551
104552
104554
106434
106435
106436
106437
106438
106439
106440
106441
106442
106443
106444
106445
106446
106447
106448
106449
106450
106451
106452
106453
106454
106455
106456
106457
106458
106459
106460
106461
106462
106463
106464
106465
106466
106467
106468
106469
106470
106471
106473
108353
108354
108355
108356
108357
108358
108359
108360
108361
108362
108363
108364
108365
108366
108367
108368
108369
108370
108371
108372
108373
108374
108375
108376
108377
108378
108379
108380
108381
108382
108383
108384
108385
108386
108387
108388
108389
108390
108392
110272
110273
110274
110275
110276
110277
110278
110279
110280
110281
110282
110283
110284
110285
110286
110287
110288
110289
110290
110291
110292
110293
110294
110295
110296
110297
110298
110299
110300
110301
110302
110303
110304
110305
110306
110307
110308
110309
110311
112191
112192
112193
112194
112195
112196
112197
112198
112199
112200
112201
112202
112203
112204
112205
112206
112207
112208
112209
112210
112211
112212
112213
112214
112215
112216
112217
112218
112219
112220
112221
112222
112223
112224
112225
112226
112227
112228
112230
114110
114111
114112
114113
114114
114115
114116
114117
114118
114119
114120
114121
114122
114123
114124
114125
114126
114127
114128
114129
114130
114131
114132
114133
114134
114135
114136
114137
114138
114139
114140
114141
114142
114143
114144
114145
114146
114147
114149
116029
116030
116031
116032
116033
116034
116035
116036
116037
116038
116039
116040
116041
116042
116043
116044
116045
116046
116047
116048
116049
116050
116051
116052
116053
116054
116055
116056
116057
116058
116059
116060
116061
116062
116063
116064
116065
116066
116068
117948
117949
117950
117951
117952
117953
117954
117955
117956
117957
117958
117959
117960
117961
117962
117963
117964
117965
117966
117967
117968
117969
117970
117971
117972
117973
117974
117975
117976
117977
117978
117979
117980
117981
117982
117983
117984
117985
117987
119867
119868
119869
119870
119871
119872
119873
119874
119875
119876
119877
119878
119879
119880
119881
119882
119883
119884
119885
119886
119887
119888
119889
119890
119891
119892
119893
119894
119895
119896
119897
119898
119899
119900
119901
119902
119903
119904
119906
121786
121787
121788
121789
121790
121791
121792
121793
121794
121795
121796
121797
121798
121799
121800
121801
121802
121803
121804
121805
121806
121807
121808
121809
121810
121811
121812
121813
121814
121815
121816
121817
121818
121819
121820
121821
121822
121823
121825
123705
123706
123707
123708
123709
123710
123711
123712
123713
123714
123715
123716
123717
123718
123719
123720
123721
123722
123723
123724
123725
123726
123727
123728
123729
123730
123731
123732
123733
123734
123735
123736
123737
123738
123739
123740
123741
123742
123744
125624
125625
125626
125627
125628
125629
125630
125631
125632
125633
125634
125635
125636
125637
125638
125639
125640
125641
125642
125643
125644
125645
125646
125647
125648
125649
125650
125651
125652
125653
125654
125655
125656
125657
125658
125659
125660
125661
125663
127543
127544
127545
127546
127547
127548
127549
127550
127551
127552
127553
127554
127555
127556
127557
127558
127559
127560
127561
127562
127563
127564
127565
127566
127567
127568
127569
127570
127571
127572
127573
127574
127575
127576
127577
127578
127579
127580
127582
129462
129463
129464
129465
129466
129467
129468
129469
129470
129471
129472
129473
129474
129475
129476
129477
129478
129479
129480
129481
129482
129483
129484
129485
129486
129487
129488
129489
129490
129491
129492
129493
129494
129495
129496
129497
129498
129499
129501
131381
131382
131383
131384
131385
131386
131387
131388
131389
131390
131391
131392
131393
131394
131395
131396
131397
131398
131399
131400
131401
131402
131403
131404
131405
131406
131407
131408
131409
131410
131411
131412
131413
131414
131415
131416
131417
131418
131420
133300
133301
133302
133303
133304
133305
133306
133307
133308
133309
133310
133311
133312
133313
133314
133315
133316
133317
133318
133319
133320
133321
133322
133323
133324
133325
133326
133327
133328
133329
133330
133331
133332
133333
133334
133335
133336
133337
133339
135219
135220
135221
135222
135223
135224
135225
135226
135227
135228
135229
135230
135231
135232
135233
135234
135235
135236
135237
135238
135239
135240
135241
135242
135243
135244
135245
135246
135247
135248
135249
135250
135251
135252
135253
135254
135255
135256
135258
137138
137139
137140
137141
137142
137143
137144
137145
137146
137147
137148
137149
137150
137151
137152
137153
137154
137155
137156
137157
137158
137159
137160
137161
137162
137163
137164
137165
137166
137167
137168
137169
137170
137171
137172
137173
137174
137175
137177
139057
139058
139059
139060
139061
139062
139063
139064
139065
139066
139067
139068
139069
139070
139071
139072
139073
139074
139075
139076
139077
139078
139079
139080
139081
139082
139083
139084
139085
139086
139087
139088
139089
139090
139091
139092
139093
139094
139096
140976
140977
140978
140979
140980
140981
140982
140983
140984
140985
140986
140987
140988
140989
140990
140991
140992
140993
140994
140995
140996
140997
140998
140999
141000
141001
141002
141003
141004
141005
141006
141007
141008
141009
141010
141011
141012
141013
141015
142895
142896
142897
142898
142899
142900
142901
142902
142903
142904
142905
142906
142907
142908
142909
142910
142911
142912
142913
142914
142915
142916
142917
142918
142919
142920
142921
142922
142923
142924
142925
142926
142927
142928
142929
142930
142931
142932
142934
144814
144815
144816
144817
144818
144819
144820
144821
144822
144823
144824
144825
144826
144827
144828
144829
144830
144831
144832
144833
144834
144835
144836
144837
144838
144839
144840
144841
144842
144843
144844
144845
144846
144847
144848
144849
144850
144851
144853
146733
146734
146735
146736
146737
146738
146739
146740
146741
146742
146743
146744
146745
146746
146747
146748
146749
146750
146751
146752
146753
146754
146755
146756
146757
146758
146759
146760
146761
146762
146763
146764
146765
146766
146767
146768
146769
146770
146772
148652
148653
148654
148655
148656
148657
148658
148659
148660
148661
148662
148663
148664
148665
148666
148667
148668
148669
148670
148671
148672
148673
148674
148675
148676
148677
148678
148679
148680
148681
148682
148683
148684
148685
148686
148687
148688
148689
148691
150571
150572
150573
150574
150575
150576
150577
150578
150579
150580
150581
150582
150583
150584
150585
150586
150587
150588
150589
150590
150591
150592
150593
150594
150595
150596
150597
150598
150599
150600
150601
150602
150603
150604
150605
150606
150607
150608
150610
152054
152055
152056
152057
152058
152059
152060
152061
152062
152063
152064
152065
152066
152067
152068
152069
152070
152071
152072
154099
154100
154101
154102
154103
154104
154105
154106
154107
154108
154109
154110
154111
154112
154113
154114
154115
154116
154117
154118
155059
155060
155061
155062
155063
155064
155065
155066
155067
155068
155069
155070
155071
155072
155073
155074
155075
155076
155077
155078
156019
156020
156021
156022
156023
156024
156025
156026
156027
156028
156029
156030
156031
156032
156033
156034
156035
156036
156037
156038
156979
156980
156981
156982
156983
156984
156985
156986
156987
156988
156989
156990
156991
156992
156993
156994
156995
156996
156997
156998
157939
157940
157941
157942
157943
157944
157945
157946
157947
157948
157949
157950
157951
157952
157953
157954
157955
157956
157957
157958
158899
158900
158901
158902
158903
158904
158905
158906
158907
158908
158909
158910
158911
158912
158913
158914
158915
158916
158917
158918
159859
159860
159861
159862
159863
159864
159865
159866
159867
159868
159869
159870
159871
159872
159873
159874
159875
159876
159877
159878
160819
160820
160821
160822
160823
160824
160825
160826
160827
160828
160829
160830
160831
160832
160833
160834
160835
160836
160837
160838
161779
161780
161781
161782
161783
161784
161785
161786
161787
161788
161789
161790
161791
161792
161793
161794
161795
161796
161797
161798
162739
162740
162741
162742
162743
162744
162745
162746
162747
162748
162749
162750
162751
162752
162753
162754
162755
162756
162757
162758
163699
163700
163701
163702
163703
163704
163705
163706
163707
163708
163709
163710
163711
163712
163713
163714
163715
163716
163717
163718
164659
164660
164661
164662
164663
164664
164665
164666
164667
164668
164669
164670
164671
164672
164673
164674
164675
164676
164677
164678
165619
165620
165621
165622
165623
165624
165625
165626
165627
165628
165629
165630
165631
165632
165633
165634
165635
165636
165637
165638
166579
166580
166581
166582
166583
166584
166585
166586
166587
166588
166589
166590
166591
166592
166593
166594
166595
166596
166597
166598
167539
167540
167541
167542
167543
167544
167545
167546
167547
167548
167549
167550
167551
167552
167553
167554
167555
167556
167557
167558
168499
168500
168501
168502
168503
168504
168505
168506
168507
168508
168509
168510
168511
168512
168513
168514
168515
168516
168517
168518
169459
169460
169461
169462
169463
169464
169465
169466
169467
169468
169469
169470
169471
169472
169473
169474
169475
169476
169477
169478
170419
170420
170421
170422
170423
170424
170425
170426
170427
170428
170429
170430
170431
170432
170433
170434
170435
170436
170437
170438
171379
171380
171381
171382
171383
171384
171385
171386
171387
171388
171389
171390
171391
171392
171393
171394
171395
171396
171397
171398
172339
172340
172341
172342
172343
172344
172345
172346
172347
172348
172349
172350
172351
172352
172353
172354
172355
172356
172357
172358
173299
173300
173301
173302
173303
173304
173305
173306
173307
173308
173309
173310
173311
173312
173313
173314
173315
173316
173317
173318
174259
174260
174261
174262
174263
174264
174265
174266
174267
174268
174269
174270
174271
174272
174273
174274
174275
174276
174277
174278
175219
175220
175221
175222
175223
175224
175225
175226
175227
175228
175229
175230
175231
175232
175233
175234
175235
175236
175237
175238
176179
176180
176181
176182
176183
176184
176185
176186
176187
176188
176189
176190
176191
176192
176193
176194
176195
176196
176197
176198
177139
177140
177141
177142
177143
177144
177145
177146
177147
177148
177149
177150
177151
177152
177153
177154
177155
177156
177157
177158
178099
178100
178101
178102
178103
178104
178105
178106
178107
178108
178109
178110
178111
178112
178113
178114
178115
178116
178117
178118
179059
179060
179061
179062
179063
179064
179065
179066
179067
179068
179069
179070
179071
179072
179073
179074
179075
179076
179077
179078
180019
180020
180021
180022
180023
180024
180025
180026
180027
180028
180029
180030
180031
180032
180033
180034
180035
180036
180037
180038
180979
180980
180981
180982
180983
180984
180985
180986
180987
180988
180989
180990
180991
180992
180993
180994
180995
180996
180997
180998
181939
181940
181941
181942
181943
181944
181945
181946
181947
181948
181949
181950
181951
181952
181953
181954
181955
181956
181957
181958
182899
182900
182901
182902
182903
182904
182905
182906
182907
182908
182909
182910
182911
182912
182913
182914
182915
182916
182917
182918
183859
183860
183861
183862
183863
183864
183865
183866
183867
183868
183869
183870
183871
183872
183873
183874
183875
183876
183877
183878
184819
184820
184821
184822
184823
184824
184825
184826
184827
184828
184829
184830
184831
184832
184833
184834
184835
184836
184837
184838
185779
185780
185781
185782
185783
185784
185785
185786
185787
185788
185789
185790
185791
185792
185793
185794
185795
185796
185797
185798
186738
186739
186740
186741
186742
186743
186744
186745
186746
186747
186748
186749
186750
186751
186752
186753
186754
186755
186756
186757
186758
187698
187699
187700
187701
187702
187703
187704
187705
187706
187707
187708
187709
187710
187711
187712
187713
187714
187715
187716
187717
187718
188658
188659
188660
188661
188662
188663
188664
188665
188666
188667
188668
188669
188670
188671
188672
188673
188674
188675
188676
188677
188678
189618
189619
189620
189621
189622
189623
189624
189625
189626
189627
189628
189629
189630
189631
189632
189633
189634
189635
189636
189637
189638
190578
190579
190580
190581
190582
190583
190584
190585
190586
190587
190588
190589
190590
190591
190592
190593
190594
190595
190596
190597
190598
191538
191539
191540
191541
191542
191543
191544
191545
191546
191547
191548
191549
191550
191551
191552
191553
191554
191555
191556
191557
191558
192498
192499
192500
192501
192502
192503
192504
192505
192506
192507
192508
192509
192510
192511
192512
192513
192514
192515
192516
192517
192518
193458
193459
193460
193461
193462
193463
193464
193465
193466
193467
193468
193469
193470
193471
193472
193473
193474
193475
193476
193477
193478
194418
194419
194420
194421
194422
194423
194424
194425
194426
194427
194428
194429
194430
194431
194432
194433
194434
194435
194436
194437
194438
195378
195379
195380
195381
195382
195383
195384
195385
195386
195387
195388
195389
195390
195391
195392
195393
195394
195395
195396
195397
195398
196338
196339
196340
196341
196342
196343
196344
196345
196346
196347
196348
196349
196350
196351
196352
196353
196354
196355
196356
196357
196358
197298
197299
197300
197301
197302
197303
197304
197305
197306
197307
197308
197309
197310
197311
197312
197313
197314
197315
197316
197317
198258
198259
198260
198261
198262
198263
198264
198265
198266
198267
198268
198269
198270
198271
198272
198273
198274
198275
198276
198277
199218
199219
199220
199221
199222
199223
199224
199225
199226
199227
199228
199229
199230
199231
199232
199233
199234
199235
199236
199237
200178
200179
200180
200181
200182
200183
200184
200185
200186
200187
200188
200189
200190
200191
200192
200193
200194
200195
200196
200197
201138
201139
201140
201141
201142
201143
201144
201145
201146
201147
201148
201149
201150
201151
201152
201153
201154
201155
201156
201157
202098
202099
202100
202101
202102
202103
202104
202105
202106
202107
202108
202109
202110
202111
202112
202113
202114
202115
202116
202117
203058
203059
203060
203061
203062
203063
203064
203065
203066
203067
203068
203069
203070
203071
203072
203073
203074
203075
203076
203077
204018
204019
204020
204021
204022
204023
204024
204025
204026
204027
204028
204029
204030
204031
204032
204033
204034
204035
204036
204037
204978
204979
204980
204981
204982
204983
204984
204985
204986
204987
204988
204989
204990
204991
204992
204993
204994
204995
204996
204997
205938
205939
205940
205941
205942
205943
205944
205945
205946
205947
205948
205949
205950
205951
205952
205953
205954
205955
205956
205957
206898
206899
206900
206901
206902
206903
206904
206905
206906
206907
206908
206909
206910
206911
206912
206913
206914
206915
206916
206917
207858
207859
207860
207861
207862
207863
207864
207865
207866
207867
207868
207869
207870
207871
207872
207873
207874
207875
207876
207877
208818
208819
208820
208821
208822
208823
208824
208825
208826
208827
208828
208829
208830
208831
208832
208833
208834
208835
208836
208837
209778
209779
209780
209781
209782
209783
209784
209785
209786
209787
209788
209789
209790
209791
209792
209793
209794
209795
209796
209797
210738
210739
210740
210741
210742
210743
210744
210745
210746
210747
210748
210749
210750
210751
210752
210753
210754
210755
210756
210757
211698
211699
211700
211701
211702
211703
211704
211705
211706
211707
211708
211709
211710
211711
211712
211713
211714
211715
211716
211717
212658
212659
212660
212661
212662
212663
212664
212665
212666
212667
212668
212669
212670
212671
212672
212673
212674
212675
212676
212677
213618
213619
213620
213621
213622
213623
213624
213625
213626
213627
213628
213629
213630
213631
213632
213633
213634
213635
213636
213637
214578
214579
214580
214581
214582
214583
214584
214585
214586
214587
214588
214589
214590
214591
214592
214593
214594
214595
214596
214597
215538
215539
215540
215541
215542
215543
215544
215545
215546
215547
215548
215549
215550
215551
215552
215553
215554
215555
215556
215557
216498
216499
216500
216501
216502
216503
216504
216505
216506
216507
216508
216509
216510
216511
216512
216513
216514
216515
216516
216517
217458
217459
217460
217461
217462
217463
217464
217465
217466
217467
217468
217469
217470
217471
217472
217473
217474
217475
217476
217477
218418
218419
218420
218421
218422
218423
218424
218425
218426
218427
218428
218429
218430
218431
218432
218433
218434
218435
218436
218437
219378
219379
219380
219381
219382
219383
219384
219385
219386
219387
219388
219389
219390
219391
219392
219393
219394
219395
219396
219397
220338
220339
220340
220341
220342
220343
220344
220345
220346
220347
220348
220349
220350
220351
220352
220353
220354
220355
220356
220357
221298
221299
221300
221301
221302
221303
221304
221305
221306
221307
221308
221309
221310
221311
221312
221313
221314
221315
221316
221317
222258
222259
222260
222261
222262
222263
222264
222265
222266
222267
222268
222269
222270
222271
222272
222273
222274
222275
222276
222277
223218
223219
223220
223221
223222
223223
223224
223225
223226
223227
223228
223229
223230
223231
223232
223233
223234
223235
223236
223237
224178
224179
224180
224181
224182
224183
224184
224185
224186
224187
224188
224189
224190
224191
224192
224193
224194
224195
224196
224197
225138
225139
225140
225141
225142
225143
225144
225145
225146
225147
225148
225149
225150
225151
225152
225153
225154
225155
225156
225157
226098
226099
226100
226101
226102
226103
226104
226105
226106
226107
226108
226109
226110
226111
226112
226113
226114
226115
226116
226117
227058
227059
227060
227061
227062
227063
227064
227065
227066
227067
227068
227069
227070
227071
227072
227073
227074
227075
227076
227077
228018
228019
228020
228021
228022
228023
228024
228025
228026
228027
228028
228029
228030
228031
228032
228033
228034
228035
228036
228037
228978
228979
228980
228981
228982
228983
228984
228985
228986
228987
228988
228989
228990
228991
228992
228993
228994
228995
228996
228997
229938
229939
229940
229941
229942
229943
229944
229945
229946
229947
229948
229949
229950
229951
229952
229953
229954
229955
229956
229957
231436
231437
231438
231439
231440
231441
231442
231443
231444
231445
231446
231447
231448
231449
231450
231451
231452
231453
231454
231455
232396
232397
232398
232399
232400
232401
232402
232403
232404
232405
232406
232407
232408
232409
232410
232411
232412
232413
232414
232415
233356
233357
233358
233359
233360
233361
233362
233363
233364
233365
233366
233367
233368
233369
233370
233371
233372
233373
233374
233375
234316
234317
234318
234319
234320
234321
234322
234323
234324
234325
234326
234327
234328
234329
234330
234331
234332
234333
234334
234335
235276
235277
235278
235279
235280
235281
235282
235283
235284
235285
235286
235287
235288
235289
235290
235291
235292
235293
235294
235295
236236
236237
236238
236239
236240
236241
236242
236243
236244
236245
236246
236247
236248
236249
236250
236251
236252
236253
236254
236255
237196
237197
237198
237199
237200
237201
237202
237203
237204
237205
237206
237207
237208
237209
237210
237211
237212
237213
237214
237215
238156
238157
238158
238159
238160
238161
238162
238163
238164
238165
238166
238167
238168
238169
238170
238171
238172
238173
238174
238175
239116
239117
239118
239119
239120
239121
239122
239123
239124
239125
239126
239127
239128
239129
239130
239131
239132
239133
239134
239135
240076
240077
240078
240079
240080
240081
240082
240083
240084
240085
240086
240087
240088
240089
240090
240091
240092
240093
240094
240095
241036
241037
241038
241039
241040
241041
241042
241043
241044
241045
241046
241047
241048
241049
241050
241051
241052
241053
241054
241055
241996
241997
241998
241999
242000
242001
242002
242003
242004
242005
242006
242007
242008
242009
242010
242011
242012
242013
242014
242015
242956
242957
242958
242959
242960
242961
242962
242963
242964
242965
242966
242967
242968
242969
242970
242971
242972
242973
242974
242975
243916
243917
243918
243919
243920
243921
243922
243923
243924
243925
243926
243927
243928
243929
243930
243931
243932
243933
243934
243935
244876
244877
244878
244879
244880
244881
244882
244883
244884
244885
244886
244887
244888
244889
244890
244891
244892
244893
244894
244895
245836
245837
245838
245839
245840
245841
245842
245843
245844
245845
245846
245847
245848
245849
245850
245851
245852
245853
245854
245855
246796
246797
246798
246799
246800
246801
246802
246803
246804
246805
246806
246807
246808
246809
246810
246811
246812
246813
246814
246815
247756
247757
247758
247759
247760
247761
247762
247763
247764
247765
247766
247767
247768
247769
247770
247771
247772
247773
247774
247775
248716
248717
248718
248719
248720
248721
248722
248723
248724
248725
248726
248727
248728
248729
248730
248731
248732
248733
248734
248735
249676
249677
249678
249679
249680
249681
249682
249683
249684
249685
249686
249687
249688
249689
249690
249691
249692
249693
249694
249695
250636
250637
250638
250639
250640
250641
250642
250643
250644
250645
250646
250647
250648
250649
250650
250651
250652
250653
250654
250655
251596
251597
251598
251599
251600
251601
251602
251603
251604
251605
251606
251607
251608
251609
251610
251611
251612
251613
251614
251615
252556
252557
252558
252559
252560
252561
252562
252563
252564
252565
252566
252567
252568
252569
252570
252571
252572
252573
252574
252575
253516
253517
253518
253519
253520
253521
253522
253523
253524
253525
253526
253527
253528
253529
253530
253531
253532
253533
253534
253535
254476
254477
254478
254479
254480
254481
254482
254483
254484
254485
254486
254487
254488
254489
254490
254491
254492
254493
254494
254495
255436
255437
255438
255439
255440
255441
255442
255443
255444
255445
255446
255447
255448
255449
255450
255451
255452
255453
255454
255455
256396
256397
256398
256399
256400
256401
256402
256403
256404
256405
256406
256407
256408
256409
256410
256411
256412
256413
256414
256415
257356
257357
257358
257359
257360
257361
257362
257363
257364
257365
257366
257367
257368
257369
257370
257371
257372
257373
257374
257375
258316
258317
258318
258319
258320
258321
258322
258323
258324
258325
258326
258327
258328
258329
258330
258331
258332
258333
258334
258335
259276
259277
259278
259279
259280
259281
259282
259283
259284
259285
259286
259287
259288
259289
259290
259291
259292
259293
259294
259295
260236
260237
260238
260239
260240
260241
260242
260243
260244
260245
260246
260247
260248
260249
260250
260251
260252
260253
260254
260255
261196
261197
261198
261199
261200
261201
261202
261203
261204
261205
261206
261207
261208
261209
261210
261211
261212
261213
261214
261215
262156
262157
262158
262159
262160
262161
262162
262163
262164
262165
262166
262167
262168
262169
262170
262171
262172
262173
262174
262175
263116
263117
263118
263119
263120
263121
263122
263123
263124
263125
263126
263127
263128
263129
263130
263131
263132
263133
263134
263135
264075
264076
264077
264078
264079
264080
264081
264082
264083
264084
264085
264086
264087
264088
264089
264090
264091
264092
264093
264094
264095
265035
265036
265037
265038
265039
265040
265041
265042
265043
265044
265045
265046
265047
265048
265049
265050
265051
265052
265053
265054
265055
265995
265996
265997
265998
265999
266000
266001
266002
266003
266004
266005
266006
266007
266008
266009
266010
266011
266012
266013
266014
266015
266955
266956
266957
266958
266959
266960
266961
266962
266963
266964
266965
266966
266967
266968
266969
266970
266971
266972
266973
266974
266975
267915
267916
267917
267918
267919
267920
267921
267922
267923
267924
267925
267926
267927
267928
267929
267930
267931
267932
267933
267934
267935
268875
268876
268877
268878
268879
268880
268881
268882
268883
268884
268885
268886
268887
268888
268889
268890
268891
268892
268893
268894
268895
269835
269836
269837
269838
269839
269840
269841
269842
269843
269844
269845
269846
269847
269848
269849
269850
269851
269852
269853
269854
269855
270795
270796
270797
270798
270799
270800
270801
270802
270803
270804
270805
270806
270807
270808
270809
270810
270811
270812
270813
270814
270815
271755
271756
271757
271758
271759
271760
271761
271762
271763
271764
271765
271766
271767
271768
271769
271770
271771
271772
271773
271774
271775
272715
272716
272717
272718
272719
272720
272721
272722
272723
272724
272725
272726
272727
272728
272729
272730
272731
272732
272733
272734
272735
273675
273676
273677
273678
273679
273680
273681
273682
273683
273684
273685
273686
273687
273688
273689
273690
273691
273692
273693
273694
273695
274635
274636
274637
274638
274639
274640
274641
274642
274643
274644
274645
274646
274647
274648
274649
274650
274651
274652
274653
274654
275595
275596
275597
275598
275599
275600
275601
275602
275603
275604
275605
275606
275607
275608
275609
275610
275611
275612
275613
275614
276555
276556
276557
276558
276559
276560
276561
276562
276563
276564
276565
276566
276567
276568
276569
276570
276571
276572
276573
276574
277515
277516
277517
277518
277519
277520
277521
277522
277523
277524
277525
277526
277527
277528
277529
277530
277531
277532
277533
277534
278475
278476
278477
278478
278479
278480
278481
278482
278483
278484
278485
278486
278487
278488
278489
278490
278491
278492
278493
278494
279435
279436
279437
279438
279439
279440
279441
279442
279443
279444
279445
279446
279447
279448
279449
279450
279451
279452
279453
279454
280395
280396
280397
280398
280399
280400
280401
280402
280403
280404
280405
280406
280407
280408
280409
280410
280411
280412
280413
280414
281355
281356
281357
281358
281359
281360
281361
281362
281363
281364
281365
281366
281367
281368
281369
281370
281371
281372
281373
281374
282315
282316
282317
282318
282319
282320
282321
282322
282323
282324
282325
282326
282327
282328
282329
282330
282331
282332
282333
282334
283275
283276
283277
283278
283279
283280
283281
283282
283283
283284
283285
283286
283287
283288
283289
283290
283291
283292
283293
283294
284235
284236
284237
284238
284239
284240
284241
284242
284243
284244
284245
284246
284247
284248
284249
284250
284251
284252
284253
284254
285195
285196
285197
285198
285199
285200
285201
285202
285203
285204
285205
285206
285207
285208
285209
285210
285211
285212
285213
285214
286155
286156
286157
286158
286159
286160
286161
286162
286163
286164
286165
286166
286167
286168
286169
286170
286171
286172
286173
286174
287115
287116
287117
287118
287119
287120
287121
287122
287123
287124
287125
287126
287127
287128
287129
287130
287131
287132
287133
287134
288075
288076
288077
288078
288079
288080
288081
288082
288083
288084
288085
288086
288087
288088
288089
288090
288091
288092
288093
288094
289035
289036
289037
289038
289039
289040
289041
289042
289043
289044
289045
289046
289047
289048
289049
289050
289051
289052
289053
289054
289995
289996
289997
289998
289999
290000
290001
290002
290003
290004
290005
290006
290007
290008
290009
290010
290011
290012
290013
290014
290955
290956
290957
290958
290959
290960
290961
290962
290963
290964
290965
290966
290967
290968
290969
290970
290971
290972
290973
290974
291915
291916
291917
291918
291919
291920
291921
291922
291923
291924
291925
291926
291927
291928
291929
291930
291931
291932
291933
291934
292875
292876
292877
292878
292879
292880
292881
292882
292883
292884
292885
292886
292887
292888
292889
292890
292891
292892
292893
292894
293835
293836
293837
293838
293839
293840
293841
293842
293843
293844
293845
293846
293847
293848
293849
293850
293851
293852
293853
293854
294795
294796
294797
294798
294799
294800
294801
294802
294803
294804
294805
294806
294807
294808
294809
294810
294811
294812
294813
294814
295755
295756
295757
295758
295759
295760
295761
295762
295763
295764
295765
295766
295767
295768
295769
295770
295771
295772
295773
295774
296715
296716
296717
296718
296719
296720
296721
296722
296723
296724
296725
296726
296727
296728
296729
296730
296731
296732
296733
296734
297675
297676
297677
297678
297679
297680
297681
297682
297683
297684
297685
297686
297687
297688
297689
297690
297691
297692
297693
297694
298635
298636
298637
298638
298639
298640
298641
298642
298643
298644
298645
298646
298647
298648
298649
298650
298651
298652
298653
298654
299595
299596
299597
299598
299599
299600
299601
299602
299603
299604
299605
299606
299607
299608
299609
299610
299611
299612
299613
299614
300555
300556
300557
300558
300559
300560
300561
300562
300563
300564
300565
300566
300567
300568
300569
300570
300571
300572
300573
300574
301515
301516
301517
301518
301519
301520
301521
301522
301523
301524
301525
301526
301527
301528
301529
301530
301531
301532
301533
301534
302475
302476
302477
302478
302479
302480
302481
302482
302483
302484
302485
302486
302487
302488
302489
302490
302491
302492
302493
302494
303435
303436
303437
303438
303439
303440
303441
303442
303443
303444
303445
303446
303447
303448
303449
303450
303451
303452
303453
303454
304395
304396
304397
304398
304399
304400
304401
304402
304403
304404
304405
304406
304407
304408
304409
304410
304411
304412
304413
304414
305355
305356
305357
305358
305359
305360
305361
305362
305363
305364
305365
305366
305367
305368
305369
305370
305371
305372
305373
305374
306315
306316
306317
306318
306319
306320
306321
306322
306323
306324
306325
306326
306327
306328
306329
306330
306331
306332
306333
306334
307275
307276
307277
307278
307279
307280
307281
307282
307283
307284
307285
307286
307287
307288
307289
307290
307291
307292
307293
307294
308932
308933
308934
308935
308936
308937
308938
308939
308940
308941
308942
308943
308944
308945
308946
308947
308948
308949
308950
308951
-874
-2794
-4714
-6634
-8554
-10474
-12394
-14313
-16232
-18151
-20070
-21989
-23908
-25827
-27746
-29665
-31584
-33503
-35422
-37341
-39260
-41179
-43098
-45017
-46936
-48855
-50774
-52693
-54612
-56531
-58450
-60369
-62288
-64207
-64208
-66124
-68043
-69962
-71881
-73800
-75720
-77640
-79560
-81480
-83400
-85320
-87240
-89160
-91080
-92999
-94918
-96837
-98756
-100675
-102594
-104513
-106432
-108351
-110270
-112189
-114108
-116027
-117946
-119865
-121784
-123703
-125622
-127541
-129460
-131379
-133298
-135217
-137136
-139055
-140974
-142893
-144812
-146731
-148650
-150569
-152053
914
2834
4754
6674
8594
10514
12434
14353
16272
18191
20110
22029
23948
25867
27786
29705
31624
33543
35462
37381
39300
41219
43138
45057
46976
48895
50814
52733
54652
56571
58490
60409
62328
64247
66166
68085
70004
71923
73842
75762
77682
79602
81522
83442
85362
85363
87280
89200
91120
93039
94958
96877
98796
100715
102634
104553
106472
108391
110310
112229
114148
116067
117986
119905
121824
123743
125662
127581
129500
131419
133338
135257
137176
139095
141014
142933
144852
146771
148690
150609
152073
)


// ************************************************************************* //
