/*--------------------------------*- C++ -*----------------------------------*\
| =========                 |                                                 |
| \\      /  F ield         | OpenFOAM: The Open Source CFD Toolbox           |
|  \\    /   O peration     | Version:  2.3.0                                 |
|   \\  /    A nd           | Web:      www.OpenFOAM.org                      |
|    \\/     M anipulation  |                                                 |
\*---------------------------------------------------------------------------*/
FoamFile
{
    version     2.0;
    format      ascii;
    class       labelList;
    location    "constant/polyMesh";
    object      pointProcAddressing;
}
// * * * * * * * * * * * * * * * * * * * * * * * * * * * * * * * * * * * * * //


3405
(
437
438
439
440
441
442
443
444
445
446
447
448
449
450
451
452
453
454
455
456
457
1398
1399
1400
1401
1402
1403
1404
1405
1406
1407
1408
1409
1410
1411
1412
1413
1414
1415
1416
1417
1418
2359
2360
2361
2362
2363
2364
2365
2366
2367
2368
2369
2370
2371
2372
2373
2374
2375
2376
2377
2378
2379
3320
3321
3322
3323
3324
3325
3326
3327
3328
3329
3330
3331
3332
3333
3334
3335
3336
3337
3338
3339
3340
4281
4282
4283
4284
4285
4286
4287
4288
4289
4290
4291
4292
4293
4294
4295
4296
4297
4298
4299
4300
4301
5242
5243
5244
5245
5246
5247
5248
5249
5250
5251
5252
5253
5254
5255
5256
5257
5258
5259
5260
5261
5262
6203
6204
6205
6206
6207
6208
6209
6210
6211
6212
6213
6214
6215
6216
6217
6218
6219
6220
6221
6222
6223
7164
7165
7166
7167
7168
7169
7170
7171
7172
7173
7174
7175
7176
7177
7178
7179
7180
7181
7182
7183
7184
8125
8126
8127
8128
8129
8130
8131
8132
8133
8134
8135
8136
8137
8138
8139
8140
8141
8142
8143
8144
8145
9086
9087
9088
9089
9090
9091
9092
9093
9094
9095
9096
9097
9098
9099
9100
9101
9102
9103
9104
9105
9106
10047
10048
10049
10050
10051
10052
10053
10054
10055
10056
10057
10058
10059
10060
10061
10062
10063
10064
10065
10066
10067
11008
11009
11010
11011
11012
11013
11014
11015
11016
11017
11018
11019
11020
11021
11022
11023
11024
11025
11026
11027
11028
11969
11970
11971
11972
11973
11974
11975
11976
11977
11978
11979
11980
11981
11982
11983
11984
11985
11986
11987
11988
11989
12930
12931
12932
12933
12934
12935
12936
12937
12938
12939
12940
12941
12942
12943
12944
12945
12946
12947
12948
12949
12950
13891
13892
13893
13894
13895
13896
13897
13898
13899
13900
13901
13902
13903
13904
13905
13906
13907
13908
13909
13910
13911
14852
14853
14854
14855
14856
14857
14858
14859
14860
14861
14862
14863
14864
14865
14866
14867
14868
14869
14870
14871
14872
15813
15814
15815
15816
15817
15818
15819
15820
15821
15822
15823
15824
15825
15826
15827
15828
15829
15830
15831
15832
15833
16774
16775
16776
16777
16778
16779
16780
16781
16782
16783
16784
16785
16786
16787
16788
16789
16790
16791
16792
16793
16794
17735
17736
17737
17738
17739
17740
17741
17742
17743
17744
17745
17746
17747
17748
17749
17750
17751
17752
17753
17754
17755
18696
18697
18698
18699
18700
18701
18702
18703
18704
18705
18706
18707
18708
18709
18710
18711
18712
18713
18714
18715
18716
19657
19658
19659
19660
19661
19662
19663
19664
19665
19666
19667
19668
19669
19670
19671
19672
19673
19674
19675
19676
19677
20618
20619
20620
20621
20622
20623
20624
20625
20626
20627
20628
20629
20630
20631
20632
20633
20634
20635
20636
20637
20638
21579
21580
21581
21582
21583
21584
21585
21586
21587
21588
21589
21590
21591
21592
21593
21594
21595
21596
21597
21598
21599
22540
22541
22542
22543
22544
22545
22546
22547
22548
22549
22550
22551
22552
22553
22554
22555
22556
22557
22558
22559
22560
23501
23502
23503
23504
23505
23506
23507
23508
23509
23510
23511
23512
23513
23514
23515
23516
23517
23518
23519
23520
23521
24462
24463
24464
24465
24466
24467
24468
24469
24470
24471
24472
24473
24474
24475
24476
24477
24478
24479
24480
24481
24482
25423
25424
25425
25426
25427
25428
25429
25430
25431
25432
25433
25434
25435
25436
25437
25438
25439
25440
25441
25442
25443
26384
26385
26386
26387
26388
26389
26390
26391
26392
26393
26394
26395
26396
26397
26398
26399
26400
26401
26402
26403
26404
27345
27346
27347
27348
27349
27350
27351
27352
27353
27354
27355
27356
27357
27358
27359
27360
27361
27362
27363
27364
27365
28306
28307
28308
28309
28310
28311
28312
28313
28314
28315
28316
28317
28318
28319
28320
28321
28322
28323
28324
28325
28326
29267
29268
29269
29270
29271
29272
29273
29274
29275
29276
29277
29278
29279
29280
29281
29282
29283
29284
29285
29286
29287
30228
30229
30230
30231
30232
30233
30234
30235
30236
30237
30238
30239
30240
30241
30242
30243
30244
30245
30246
30247
30248
31189
31190
31191
31192
31193
31194
31195
31196
31197
31198
31199
31200
31201
31202
31203
31204
31205
31206
31207
31208
31209
32149
32150
32151
32152
32153
32154
32155
32156
32157
32158
32159
32160
32161
32162
32163
32164
32165
32166
32167
32168
32169
32170
33110
33111
33112
33113
33114
33115
33116
33117
33118
33119
33120
33121
33122
33123
33124
33125
33126
33127
33128
33129
33130
33131
34071
34072
34073
34074
34075
34076
34077
34078
34079
34080
34081
34082
34083
34084
34085
34086
34087
34088
34089
34090
34091
34092
35032
35033
35034
35035
35036
35037
35038
35039
35040
35041
35042
35043
35044
35045
35046
35047
35048
35049
35050
35051
35052
35053
35993
35994
35995
35996
35997
35998
35999
36000
36001
36002
36003
36004
36005
36006
36007
36008
36009
36010
36011
36012
36013
36014
36954
36955
36956
36957
36958
36959
36960
36961
36962
36963
36964
36965
36966
36967
36968
36969
36970
36971
36972
36973
36974
36975
37915
37916
37917
37918
37919
37920
37921
37922
37923
37924
37925
37926
37927
37928
37929
37930
37931
37932
37933
37934
37935
37936
38876
38877
38878
38879
38880
38881
38882
38883
38884
38885
38886
38887
38888
38889
38890
38891
38892
38893
38894
38895
38896
38897
39837
39838
39839
39840
39841
39842
39843
39844
39845
39846
39847
39848
39849
39850
39851
39852
39853
39854
39855
39856
39857
39858
40798
40799
40800
40801
40802
40803
40804
40805
40806
40807
40808
40809
40810
40811
40812
40813
40814
40815
40816
40817
40818
40819
41759
41760
41761
41762
41763
41764
41765
41766
41767
41768
41769
41770
41771
41772
41773
41774
41775
41776
41777
41778
41779
41780
42720
42721
42722
42723
42724
42725
42726
42727
42728
42729
42730
42731
42732
42733
42734
42735
42736
42737
42738
42739
42740
42741
43681
43682
43683
43684
43685
43686
43687
43688
43689
43690
43691
43692
43693
43694
43695
43696
43697
43698
43699
43700
43701
44642
44643
44644
44645
44646
44647
44648
44649
44650
44651
44652
44653
44654
44655
44656
44657
44658
44659
44660
44661
44662
45603
45604
45605
45606
45607
45608
45609
45610
45611
45612
45613
45614
45615
45616
45617
45618
45619
45620
45621
45622
45623
46564
46565
46566
46567
46568
46569
46570
46571
46572
46573
46574
46575
46576
46577
46578
46579
46580
46581
46582
46583
46584
47525
47526
47527
47528
47529
47530
47531
47532
47533
47534
47535
47536
47537
47538
47539
47540
47541
47542
47543
47544
47545
48486
48487
48488
48489
48490
48491
48492
48493
48494
48495
48496
48497
48498
48499
48500
48501
48502
48503
48504
48505
48506
49447
49448
49449
49450
49451
49452
49453
49454
49455
49456
49457
49458
49459
49460
49461
49462
49463
49464
49465
49466
49467
50408
50409
50410
50411
50412
50413
50414
50415
50416
50417
50418
50419
50420
50421
50422
50423
50424
50425
50426
50427
50428
51369
51370
51371
51372
51373
51374
51375
51376
51377
51378
51379
51380
51381
51382
51383
51384
51385
51386
51387
51388
51389
52330
52331
52332
52333
52334
52335
52336
52337
52338
52339
52340
52341
52342
52343
52344
52345
52346
52347
52348
52349
52350
53291
53292
53293
53294
53295
53296
53297
53298
53299
53300
53301
53302
53303
53304
53305
53306
53307
53308
53309
53310
53311
54252
54253
54254
54255
54256
54257
54258
54259
54260
54261
54262
54263
54264
54265
54266
54267
54268
54269
54270
54271
54272
55213
55214
55215
55216
55217
55218
55219
55220
55221
55222
55223
55224
55225
55226
55227
55228
55229
55230
55231
55232
55233
56174
56175
56176
56177
56178
56179
56180
56181
56182
56183
56184
56185
56186
56187
56188
56189
56190
56191
56192
56193
56194
57135
57136
57137
57138
57139
57140
57141
57142
57143
57144
57145
57146
57147
57148
57149
57150
57151
57152
57153
57154
57155
58096
58097
58098
58099
58100
58101
58102
58103
58104
58105
58106
58107
58108
58109
58110
58111
58112
58113
58114
58115
58116
59057
59058
59059
59060
59061
59062
59063
59064
59065
59066
59067
59068
59069
59070
59071
59072
59073
59074
59075
59076
59077
60018
60019
60020
60021
60022
60023
60024
60025
60026
60027
60028
60029
60030
60031
60032
60033
60034
60035
60036
60037
60038
60979
60980
60981
60982
60983
60984
60985
60986
60987
60988
60989
60990
60991
60992
60993
60994
60995
60996
60997
60998
60999
61940
61941
61942
61943
61944
61945
61946
61947
61948
61949
61950
61951
61952
61953
61954
61955
61956
61957
61958
61959
61960
62901
62902
62903
62904
62905
62906
62907
62908
62909
62910
62911
62912
62913
62914
62915
62916
62917
62918
62919
62920
62921
63862
63863
63864
63865
63866
63867
63868
63869
63870
63871
63872
63873
63874
63875
63876
63877
63878
63879
63880
63881
63882
64823
64824
64825
64826
64827
64828
64829
64830
64831
64832
64833
64834
64835
64836
64837
64838
64839
64840
64841
64842
64843
65784
65785
65786
65787
65788
65789
65790
65791
65792
65793
65794
65795
65796
65797
65798
65799
65800
65801
65802
65803
65804
66745
66746
66747
66748
66749
66750
66751
66752
66753
66754
66755
66756
66757
66758
66759
66760
66761
66762
66763
66764
66765
67706
67707
67708
67709
67710
67711
67712
67713
67714
67715
67716
67717
67718
67719
67720
67721
67722
67723
67724
67725
67726
68667
68668
68669
68670
68671
68672
68673
68674
68675
68676
68677
68678
68679
68680
68681
68682
68683
68684
68685
68686
68687
69628
69629
69630
69631
69632
69633
69634
69635
69636
69637
69638
69639
69640
69641
69642
69643
69644
69645
69646
69647
69648
70589
70590
70591
70592
70593
70594
70595
70596
70597
70598
70599
70600
70601
70602
70603
70604
70605
70606
70607
70608
70609
71550
71551
71552
71553
71554
71555
71556
71557
71558
71559
71560
71561
71562
71563
71564
71565
71566
71567
71568
71569
71570
72511
72512
72513
72514
72515
72516
72517
72518
72519
72520
72521
72522
72523
72524
72525
72526
72527
72528
72529
72530
72531
73472
73473
73474
73475
73476
73477
73478
73479
73480
73481
73482
73483
73484
73485
73486
73487
73488
73489
73490
73491
73492
74433
74434
74435
74436
74437
74438
74439
74440
74441
74442
74443
74444
74445
74446
74447
74448
74449
74450
74451
74452
74453
75394
75395
75396
75397
75398
75399
75400
75401
75402
75403
75404
75405
75406
75407
75408
75409
75410
75411
75412
75413
75414
76355
76356
76357
76358
76359
76360
76361
76362
76363
76364
76365
76366
76367
76368
76369
76370
76371
76372
76373
76374
76375
77881
77882
77883
77884
77885
77886
77887
77888
77889
77890
77891
77892
77893
77894
77895
77896
77897
77898
77899
77900
77901
78842
78843
78844
78845
78846
78847
78848
78849
78850
78851
78852
78853
78854
78855
78856
78857
78858
78859
78860
78861
78862
79803
79804
79805
79806
79807
79808
79809
79810
79811
79812
79813
79814
79815
79816
79817
79818
79819
79820
79821
79822
79823
80764
80765
80766
80767
80768
80769
80770
80771
80772
80773
80774
80775
80776
80777
80778
80779
80780
80781
80782
80783
80784
81725
81726
81727
81728
81729
81730
81731
81732
81733
81734
81735
81736
81737
81738
81739
81740
81741
81742
81743
81744
81745
82686
82687
82688
82689
82690
82691
82692
82693
82694
82695
82696
82697
82698
82699
82700
82701
82702
82703
82704
82705
82706
83647
83648
83649
83650
83651
83652
83653
83654
83655
83656
83657
83658
83659
83660
83661
83662
83663
83664
83665
83666
83667
84608
84609
84610
84611
84612
84613
84614
84615
84616
84617
84618
84619
84620
84621
84622
84623
84624
84625
84626
84627
84628
85569
85570
85571
85572
85573
85574
85575
85576
85577
85578
85579
85580
85581
85582
85583
85584
85585
85586
85587
85588
85589
86530
86531
86532
86533
86534
86535
86536
86537
86538
86539
86540
86541
86542
86543
86544
86545
86546
86547
86548
86549
86550
87491
87492
87493
87494
87495
87496
87497
87498
87499
87500
87501
87502
87503
87504
87505
87506
87507
87508
87509
87510
87511
88452
88453
88454
88455
88456
88457
88458
88459
88460
88461
88462
88463
88464
88465
88466
88467
88468
88469
88470
88471
88472
89413
89414
89415
89416
89417
89418
89419
89420
89421
89422
89423
89424
89425
89426
89427
89428
89429
89430
89431
89432
89433
90374
90375
90376
90377
90378
90379
90380
90381
90382
90383
90384
90385
90386
90387
90388
90389
90390
90391
90392
90393
90394
91335
91336
91337
91338
91339
91340
91341
91342
91343
91344
91345
91346
91347
91348
91349
91350
91351
91352
91353
91354
91355
92296
92297
92298
92299
92300
92301
92302
92303
92304
92305
92306
92307
92308
92309
92310
92311
92312
92313
92314
92315
92316
93257
93258
93259
93260
93261
93262
93263
93264
93265
93266
93267
93268
93269
93270
93271
93272
93273
93274
93275
93276
93277
94218
94219
94220
94221
94222
94223
94224
94225
94226
94227
94228
94229
94230
94231
94232
94233
94234
94235
94236
94237
94238
95179
95180
95181
95182
95183
95184
95185
95186
95187
95188
95189
95190
95191
95192
95193
95194
95195
95196
95197
95198
95199
96140
96141
96142
96143
96144
96145
96146
96147
96148
96149
96150
96151
96152
96153
96154
96155
96156
96157
96158
96159
96160
97101
97102
97103
97104
97105
97106
97107
97108
97109
97110
97111
97112
97113
97114
97115
97116
97117
97118
97119
97120
97121
98062
98063
98064
98065
98066
98067
98068
98069
98070
98071
98072
98073
98074
98075
98076
98077
98078
98079
98080
98081
98082
99023
99024
99025
99026
99027
99028
99029
99030
99031
99032
99033
99034
99035
99036
99037
99038
99039
99040
99041
99042
99043
99984
99985
99986
99987
99988
99989
99990
99991
99992
99993
99994
99995
99996
99997
99998
99999
100000
100001
100002
100003
100004
100945
100946
100947
100948
100949
100950
100951
100952
100953
100954
100955
100956
100957
100958
100959
100960
100961
100962
100963
100964
100965
101906
101907
101908
101909
101910
101911
101912
101913
101914
101915
101916
101917
101918
101919
101920
101921
101922
101923
101924
101925
101926
102867
102868
102869
102870
102871
102872
102873
102874
102875
102876
102877
102878
102879
102880
102881
102882
102883
102884
102885
102886
102887
103828
103829
103830
103831
103832
103833
103834
103835
103836
103837
103838
103839
103840
103841
103842
103843
103844
103845
103846
103847
103848
104789
104790
104791
104792
104793
104794
104795
104796
104797
104798
104799
104800
104801
104802
104803
104804
104805
104806
104807
104808
104809
105750
105751
105752
105753
105754
105755
105756
105757
105758
105759
105760
105761
105762
105763
105764
105765
105766
105767
105768
105769
105770
106711
106712
106713
106714
106715
106716
106717
106718
106719
106720
106721
106722
106723
106724
106725
106726
106727
106728
106729
106730
106731
107672
107673
107674
107675
107676
107677
107678
107679
107680
107681
107682
107683
107684
107685
107686
107687
107688
107689
107690
107691
107692
108633
108634
108635
108636
108637
108638
108639
108640
108641
108642
108643
108644
108645
108646
108647
108648
108649
108650
108651
108652
108653
109593
109594
109595
109596
109597
109598
109599
109600
109601
109602
109603
109604
109605
109606
109607
109608
109609
109610
109611
109612
109613
109614
110554
110555
110556
110557
110558
110559
110560
110561
110562
110563
110564
110565
110566
110567
110568
110569
110570
110571
110572
110573
110574
110575
111515
111516
111517
111518
111519
111520
111521
111522
111523
111524
111525
111526
111527
111528
111529
111530
111531
111532
111533
111534
111535
111536
112476
112477
112478
112479
112480
112481
112482
112483
112484
112485
112486
112487
112488
112489
112490
112491
112492
112493
112494
112495
112496
112497
113437
113438
113439
113440
113441
113442
113443
113444
113445
113446
113447
113448
113449
113450
113451
113452
113453
113454
113455
113456
113457
113458
114398
114399
114400
114401
114402
114403
114404
114405
114406
114407
114408
114409
114410
114411
114412
114413
114414
114415
114416
114417
114418
114419
115359
115360
115361
115362
115363
115364
115365
115366
115367
115368
115369
115370
115371
115372
115373
115374
115375
115376
115377
115378
115379
115380
116320
116321
116322
116323
116324
116325
116326
116327
116328
116329
116330
116331
116332
116333
116334
116335
116336
116337
116338
116339
116340
116341
117281
117282
117283
117284
117285
117286
117287
117288
117289
117290
117291
117292
117293
117294
117295
117296
117297
117298
117299
117300
117301
117302
118242
118243
118244
118245
118246
118247
118248
118249
118250
118251
118252
118253
118254
118255
118256
118257
118258
118259
118260
118261
118262
118263
119203
119204
119205
119206
119207
119208
119209
119210
119211
119212
119213
119214
119215
119216
119217
119218
119219
119220
119221
119222
119223
119224
120164
120165
120166
120167
120168
120169
120170
120171
120172
120173
120174
120175
120176
120177
120178
120179
120180
120181
120182
120183
120184
120185
121125
121126
121127
121128
121129
121130
121131
121132
121133
121134
121135
121136
121137
121138
121139
121140
121141
121142
121143
121144
121145
122086
122087
122088
122089
122090
122091
122092
122093
122094
122095
122096
122097
122098
122099
122100
122101
122102
122103
122104
122105
122106
123047
123048
123049
123050
123051
123052
123053
123054
123055
123056
123057
123058
123059
123060
123061
123062
123063
123064
123065
123066
123067
124008
124009
124010
124011
124012
124013
124014
124015
124016
124017
124018
124019
124020
124021
124022
124023
124024
124025
124026
124027
124028
124969
124970
124971
124972
124973
124974
124975
124976
124977
124978
124979
124980
124981
124982
124983
124984
124985
124986
124987
124988
124989
125930
125931
125932
125933
125934
125935
125936
125937
125938
125939
125940
125941
125942
125943
125944
125945
125946
125947
125948
125949
125950
126891
126892
126893
126894
126895
126896
126897
126898
126899
126900
126901
126902
126903
126904
126905
126906
126907
126908
126909
126910
126911
127852
127853
127854
127855
127856
127857
127858
127859
127860
127861
127862
127863
127864
127865
127866
127867
127868
127869
127870
127871
127872
128813
128814
128815
128816
128817
128818
128819
128820
128821
128822
128823
128824
128825
128826
128827
128828
128829
128830
128831
128832
128833
129774
129775
129776
129777
129778
129779
129780
129781
129782
129783
129784
129785
129786
129787
129788
129789
129790
129791
129792
129793
129794
130735
130736
130737
130738
130739
130740
130741
130742
130743
130744
130745
130746
130747
130748
130749
130750
130751
130752
130753
130754
130755
131696
131697
131698
131699
131700
131701
131702
131703
131704
131705
131706
131707
131708
131709
131710
131711
131712
131713
131714
131715
131716
132657
132658
132659
132660
132661
132662
132663
132664
132665
132666
132667
132668
132669
132670
132671
132672
132673
132674
132675
132676
132677
133618
133619
133620
133621
133622
133623
133624
133625
133626
133627
133628
133629
133630
133631
133632
133633
133634
133635
133636
133637
133638
134579
134580
134581
134582
134583
134584
134585
134586
134587
134588
134589
134590
134591
134592
134593
134594
134595
134596
134597
134598
134599
135540
135541
135542
135543
135544
135545
135546
135547
135548
135549
135550
135551
135552
135553
135554
135555
135556
135557
135558
135559
135560
136501
136502
136503
136504
136505
136506
136507
136508
136509
136510
136511
136512
136513
136514
136515
136516
136517
136518
136519
136520
136521
137462
137463
137464
137465
137466
137467
137468
137469
137470
137471
137472
137473
137474
137475
137476
137477
137478
137479
137480
137481
137482
138423
138424
138425
138426
138427
138428
138429
138430
138431
138432
138433
138434
138435
138436
138437
138438
138439
138440
138441
138442
138443
139384
139385
139386
139387
139388
139389
139390
139391
139392
139393
139394
139395
139396
139397
139398
139399
139400
139401
139402
139403
139404
140345
140346
140347
140348
140349
140350
140351
140352
140353
140354
140355
140356
140357
140358
140359
140360
140361
140362
140363
140364
140365
141306
141307
141308
141309
141310
141311
141312
141313
141314
141315
141316
141317
141318
141319
141320
141321
141322
141323
141324
141325
141326
142267
142268
142269
142270
142271
142272
142273
142274
142275
142276
142277
142278
142279
142280
142281
142282
142283
142284
142285
142286
142287
143228
143229
143230
143231
143232
143233
143234
143235
143236
143237
143238
143239
143240
143241
143242
143243
143244
143245
143246
143247
143248
144189
144190
144191
144192
144193
144194
144195
144196
144197
144198
144199
144200
144201
144202
144203
144204
144205
144206
144207
144208
144209
145150
145151
145152
145153
145154
145155
145156
145157
145158
145159
145160
145161
145162
145163
145164
145165
145166
145167
145168
145169
145170
146111
146112
146113
146114
146115
146116
146117
146118
146119
146120
146121
146122
146123
146124
146125
146126
146127
146128
146129
146130
146131
147072
147073
147074
147075
147076
147077
147078
147079
147080
147081
147082
147083
147084
147085
147086
147087
147088
147089
147090
147091
147092
148033
148034
148035
148036
148037
148038
148039
148040
148041
148042
148043
148044
148045
148046
148047
148048
148049
148050
148051
148052
148053
148994
148995
148996
148997
148998
148999
149000
149001
149002
149003
149004
149005
149006
149007
149008
149009
149010
149011
149012
149013
149014
149955
149956
149957
149958
149959
149960
149961
149962
149963
149964
149965
149966
149967
149968
149969
149970
149971
149972
149973
149974
149975
150916
150917
150918
150919
150920
150921
150922
150923
150924
150925
150926
150927
150928
150929
150930
150931
150932
150933
150934
150935
150936
151877
151878
151879
151880
151881
151882
151883
151884
151885
151886
151887
151888
151889
151890
151891
151892
151893
151894
151895
151896
151897
152838
152839
152840
152841
152842
152843
152844
152845
152846
152847
152848
152849
152850
152851
152852
152853
152854
152855
152856
152857
152858
153799
153800
153801
153802
153803
153804
153805
153806
153807
153808
153809
153810
153811
153812
153813
153814
153815
153816
153817
153818
153819
155367
155368
155369
155370
155371
155372
155373
155374
155375
155376
155377
155378
155379
155380
155381
155382
155383
155384
155385
155386
155387
)


// ************************************************************************* //
