/*--------------------------------*- C++ -*----------------------------------*\
| =========                 |                                                 |
| \\      /  F ield         | OpenFOAM: The Open Source CFD Toolbox           |
|  \\    /   O peration     | Version:  2.3.0                                 |
|   \\  /    A nd           | Web:      www.OpenFOAM.org                      |
|    \\/     M anipulation  |                                                 |
\*---------------------------------------------------------------------------*/
FoamFile
{
    version     2.0;
    format      ascii;
    class       labelList;
    location    "constant/polyMesh";
    object      pointProcAddressing;
}
// * * * * * * * * * * * * * * * * * * * * * * * * * * * * * * * * * * * * * //


3405
(
759
760
761
762
763
764
765
766
767
768
769
770
771
772
773
774
775
776
777
778
779
1720
1721
1722
1723
1724
1725
1726
1727
1728
1729
1730
1731
1732
1733
1734
1735
1736
1737
1738
1739
1740
2681
2682
2683
2684
2685
2686
2687
2688
2689
2690
2691
2692
2693
2694
2695
2696
2697
2698
2699
2700
2701
3642
3643
3644
3645
3646
3647
3648
3649
3650
3651
3652
3653
3654
3655
3656
3657
3658
3659
3660
3661
3662
4603
4604
4605
4606
4607
4608
4609
4610
4611
4612
4613
4614
4615
4616
4617
4618
4619
4620
4621
4622
4623
5564
5565
5566
5567
5568
5569
5570
5571
5572
5573
5574
5575
5576
5577
5578
5579
5580
5581
5582
5583
5584
6525
6526
6527
6528
6529
6530
6531
6532
6533
6534
6535
6536
6537
6538
6539
6540
6541
6542
6543
6544
6545
7486
7487
7488
7489
7490
7491
7492
7493
7494
7495
7496
7497
7498
7499
7500
7501
7502
7503
7504
7505
7506
8447
8448
8449
8450
8451
8452
8453
8454
8455
8456
8457
8458
8459
8460
8461
8462
8463
8464
8465
8466
8467
9408
9409
9410
9411
9412
9413
9414
9415
9416
9417
9418
9419
9420
9421
9422
9423
9424
9425
9426
9427
9428
10369
10370
10371
10372
10373
10374
10375
10376
10377
10378
10379
10380
10381
10382
10383
10384
10385
10386
10387
10388
10389
11330
11331
11332
11333
11334
11335
11336
11337
11338
11339
11340
11341
11342
11343
11344
11345
11346
11347
11348
11349
11350
12291
12292
12293
12294
12295
12296
12297
12298
12299
12300
12301
12302
12303
12304
12305
12306
12307
12308
12309
12310
12311
13252
13253
13254
13255
13256
13257
13258
13259
13260
13261
13262
13263
13264
13265
13266
13267
13268
13269
13270
13271
13272
14213
14214
14215
14216
14217
14218
14219
14220
14221
14222
14223
14224
14225
14226
14227
14228
14229
14230
14231
14232
14233
15174
15175
15176
15177
15178
15179
15180
15181
15182
15183
15184
15185
15186
15187
15188
15189
15190
15191
15192
15193
15194
16135
16136
16137
16138
16139
16140
16141
16142
16143
16144
16145
16146
16147
16148
16149
16150
16151
16152
16153
16154
16155
17096
17097
17098
17099
17100
17101
17102
17103
17104
17105
17106
17107
17108
17109
17110
17111
17112
17113
17114
17115
17116
18057
18058
18059
18060
18061
18062
18063
18064
18065
18066
18067
18068
18069
18070
18071
18072
18073
18074
18075
18076
18077
19018
19019
19020
19021
19022
19023
19024
19025
19026
19027
19028
19029
19030
19031
19032
19033
19034
19035
19036
19037
19038
19979
19980
19981
19982
19983
19984
19985
19986
19987
19988
19989
19990
19991
19992
19993
19994
19995
19996
19997
19998
19999
20940
20941
20942
20943
20944
20945
20946
20947
20948
20949
20950
20951
20952
20953
20954
20955
20956
20957
20958
20959
20960
21901
21902
21903
21904
21905
21906
21907
21908
21909
21910
21911
21912
21913
21914
21915
21916
21917
21918
21919
21920
21921
22862
22863
22864
22865
22866
22867
22868
22869
22870
22871
22872
22873
22874
22875
22876
22877
22878
22879
22880
22881
22882
23823
23824
23825
23826
23827
23828
23829
23830
23831
23832
23833
23834
23835
23836
23837
23838
23839
23840
23841
23842
23843
24784
24785
24786
24787
24788
24789
24790
24791
24792
24793
24794
24795
24796
24797
24798
24799
24800
24801
24802
24803
24804
25745
25746
25747
25748
25749
25750
25751
25752
25753
25754
25755
25756
25757
25758
25759
25760
25761
25762
25763
25764
25765
26706
26707
26708
26709
26710
26711
26712
26713
26714
26715
26716
26717
26718
26719
26720
26721
26722
26723
26724
26725
26726
27667
27668
27669
27670
27671
27672
27673
27674
27675
27676
27677
27678
27679
27680
27681
27682
27683
27684
27685
27686
27687
28628
28629
28630
28631
28632
28633
28634
28635
28636
28637
28638
28639
28640
28641
28642
28643
28644
28645
28646
28647
28648
29589
29590
29591
29592
29593
29594
29595
29596
29597
29598
29599
29600
29601
29602
29603
29604
29605
29606
29607
29608
29609
30550
30551
30552
30553
30554
30555
30556
30557
30558
30559
30560
30561
30562
30563
30564
30565
30566
30567
30568
30569
30570
31511
31512
31513
31514
31515
31516
31517
31518
31519
31520
31521
31522
31523
31524
31525
31526
31527
31528
31529
31530
31531
32472
32473
32474
32475
32476
32477
32478
32479
32480
32481
32482
32483
32484
32485
32486
32487
32488
32489
32490
32491
32492
33433
33434
33435
33436
33437
33438
33439
33440
33441
33442
33443
33444
33445
33446
33447
33448
33449
33450
33451
33452
33453
34394
34395
34396
34397
34398
34399
34400
34401
34402
34403
34404
34405
34406
34407
34408
34409
34410
34411
34412
34413
34414
35355
35356
35357
35358
35359
35360
35361
35362
35363
35364
35365
35366
35367
35368
35369
35370
35371
35372
35373
35374
35375
36316
36317
36318
36319
36320
36321
36322
36323
36324
36325
36326
36327
36328
36329
36330
36331
36332
36333
36334
36335
36336
37277
37278
37279
37280
37281
37282
37283
37284
37285
37286
37287
37288
37289
37290
37291
37292
37293
37294
37295
37296
37297
38238
38239
38240
38241
38242
38243
38244
38245
38246
38247
38248
38249
38250
38251
38252
38253
38254
38255
38256
38257
38258
39199
39200
39201
39202
39203
39204
39205
39206
39207
39208
39209
39210
39211
39212
39213
39214
39215
39216
39217
39218
39219
40160
40161
40162
40163
40164
40165
40166
40167
40168
40169
40170
40171
40172
40173
40174
40175
40176
40177
40178
40179
40180
41121
41122
41123
41124
41125
41126
41127
41128
41129
41130
41131
41132
41133
41134
41135
41136
41137
41138
41139
41140
41141
42082
42083
42084
42085
42086
42087
42088
42089
42090
42091
42092
42093
42094
42095
42096
42097
42098
42099
42100
42101
42102
43043
43044
43045
43046
43047
43048
43049
43050
43051
43052
43053
43054
43055
43056
43057
43058
43059
43060
43061
43062
43063
44004
44005
44006
44007
44008
44009
44010
44011
44012
44013
44014
44015
44016
44017
44018
44019
44020
44021
44022
44023
44024
44965
44966
44967
44968
44969
44970
44971
44972
44973
44974
44975
44976
44977
44978
44979
44980
44981
44982
44983
44984
44985
45926
45927
45928
45929
45930
45931
45932
45933
45934
45935
45936
45937
45938
45939
45940
45941
45942
45943
45944
45945
45946
46887
46888
46889
46890
46891
46892
46893
46894
46895
46896
46897
46898
46899
46900
46901
46902
46903
46904
46905
46906
46907
47847
47848
47849
47850
47851
47852
47853
47854
47855
47856
47857
47858
47859
47860
47861
47862
47863
47864
47865
47866
47867
47868
48808
48809
48810
48811
48812
48813
48814
48815
48816
48817
48818
48819
48820
48821
48822
48823
48824
48825
48826
48827
48828
48829
49769
49770
49771
49772
49773
49774
49775
49776
49777
49778
49779
49780
49781
49782
49783
49784
49785
49786
49787
49788
49789
49790
50730
50731
50732
50733
50734
50735
50736
50737
50738
50739
50740
50741
50742
50743
50744
50745
50746
50747
50748
50749
50750
50751
51691
51692
51693
51694
51695
51696
51697
51698
51699
51700
51701
51702
51703
51704
51705
51706
51707
51708
51709
51710
51711
51712
52652
52653
52654
52655
52656
52657
52658
52659
52660
52661
52662
52663
52664
52665
52666
52667
52668
52669
52670
52671
52672
52673
53613
53614
53615
53616
53617
53618
53619
53620
53621
53622
53623
53624
53625
53626
53627
53628
53629
53630
53631
53632
53633
53634
54574
54575
54576
54577
54578
54579
54580
54581
54582
54583
54584
54585
54586
54587
54588
54589
54590
54591
54592
54593
54594
54595
55535
55536
55537
55538
55539
55540
55541
55542
55543
55544
55545
55546
55547
55548
55549
55550
55551
55552
55553
55554
55555
55556
56496
56497
56498
56499
56500
56501
56502
56503
56504
56505
56506
56507
56508
56509
56510
56511
56512
56513
56514
56515
56516
56517
57457
57458
57459
57460
57461
57462
57463
57464
57465
57466
57467
57468
57469
57470
57471
57472
57473
57474
57475
57476
57477
57478
58418
58419
58420
58421
58422
58423
58424
58425
58426
58427
58428
58429
58430
58431
58432
58433
58434
58435
58436
58437
58438
58439
59379
59380
59381
59382
59383
59384
59385
59386
59387
59388
59389
59390
59391
59392
59393
59394
59395
59396
59397
59398
59399
60340
60341
60342
60343
60344
60345
60346
60347
60348
60349
60350
60351
60352
60353
60354
60355
60356
60357
60358
60359
60360
61301
61302
61303
61304
61305
61306
61307
61308
61309
61310
61311
61312
61313
61314
61315
61316
61317
61318
61319
61320
61321
62262
62263
62264
62265
62266
62267
62268
62269
62270
62271
62272
62273
62274
62275
62276
62277
62278
62279
62280
62281
62282
63223
63224
63225
63226
63227
63228
63229
63230
63231
63232
63233
63234
63235
63236
63237
63238
63239
63240
63241
63242
63243
64184
64185
64186
64187
64188
64189
64190
64191
64192
64193
64194
64195
64196
64197
64198
64199
64200
64201
64202
64203
64204
65145
65146
65147
65148
65149
65150
65151
65152
65153
65154
65155
65156
65157
65158
65159
65160
65161
65162
65163
65164
65165
66106
66107
66108
66109
66110
66111
66112
66113
66114
66115
66116
66117
66118
66119
66120
66121
66122
66123
66124
66125
66126
67067
67068
67069
67070
67071
67072
67073
67074
67075
67076
67077
67078
67079
67080
67081
67082
67083
67084
67085
67086
67087
68028
68029
68030
68031
68032
68033
68034
68035
68036
68037
68038
68039
68040
68041
68042
68043
68044
68045
68046
68047
68048
68989
68990
68991
68992
68993
68994
68995
68996
68997
68998
68999
69000
69001
69002
69003
69004
69005
69006
69007
69008
69009
69950
69951
69952
69953
69954
69955
69956
69957
69958
69959
69960
69961
69962
69963
69964
69965
69966
69967
69968
69969
69970
70911
70912
70913
70914
70915
70916
70917
70918
70919
70920
70921
70922
70923
70924
70925
70926
70927
70928
70929
70930
70931
71872
71873
71874
71875
71876
71877
71878
71879
71880
71881
71882
71883
71884
71885
71886
71887
71888
71889
71890
71891
71892
72833
72834
72835
72836
72837
72838
72839
72840
72841
72842
72843
72844
72845
72846
72847
72848
72849
72850
72851
72852
72853
73794
73795
73796
73797
73798
73799
73800
73801
73802
73803
73804
73805
73806
73807
73808
73809
73810
73811
73812
73813
73814
74755
74756
74757
74758
74759
74760
74761
74762
74763
74764
74765
74766
74767
74768
74769
74770
74771
74772
74773
74774
74775
75716
75717
75718
75719
75720
75721
75722
75723
75724
75725
75726
75727
75728
75729
75730
75731
75732
75733
75734
75735
75736
76677
76678
76679
76680
76681
76682
76683
76684
76685
76686
76687
76688
76689
76690
76691
76692
76693
76694
76695
76696
76697
78203
78204
78205
78206
78207
78208
78209
78210
78211
78212
78213
78214
78215
78216
78217
78218
78219
78220
78221
78222
78223
79164
79165
79166
79167
79168
79169
79170
79171
79172
79173
79174
79175
79176
79177
79178
79179
79180
79181
79182
79183
79184
80125
80126
80127
80128
80129
80130
80131
80132
80133
80134
80135
80136
80137
80138
80139
80140
80141
80142
80143
80144
80145
81086
81087
81088
81089
81090
81091
81092
81093
81094
81095
81096
81097
81098
81099
81100
81101
81102
81103
81104
81105
81106
82047
82048
82049
82050
82051
82052
82053
82054
82055
82056
82057
82058
82059
82060
82061
82062
82063
82064
82065
82066
82067
83008
83009
83010
83011
83012
83013
83014
83015
83016
83017
83018
83019
83020
83021
83022
83023
83024
83025
83026
83027
83028
83969
83970
83971
83972
83973
83974
83975
83976
83977
83978
83979
83980
83981
83982
83983
83984
83985
83986
83987
83988
83989
84930
84931
84932
84933
84934
84935
84936
84937
84938
84939
84940
84941
84942
84943
84944
84945
84946
84947
84948
84949
84950
85891
85892
85893
85894
85895
85896
85897
85898
85899
85900
85901
85902
85903
85904
85905
85906
85907
85908
85909
85910
85911
86852
86853
86854
86855
86856
86857
86858
86859
86860
86861
86862
86863
86864
86865
86866
86867
86868
86869
86870
86871
86872
87813
87814
87815
87816
87817
87818
87819
87820
87821
87822
87823
87824
87825
87826
87827
87828
87829
87830
87831
87832
87833
88774
88775
88776
88777
88778
88779
88780
88781
88782
88783
88784
88785
88786
88787
88788
88789
88790
88791
88792
88793
88794
89735
89736
89737
89738
89739
89740
89741
89742
89743
89744
89745
89746
89747
89748
89749
89750
89751
89752
89753
89754
89755
90696
90697
90698
90699
90700
90701
90702
90703
90704
90705
90706
90707
90708
90709
90710
90711
90712
90713
90714
90715
90716
91657
91658
91659
91660
91661
91662
91663
91664
91665
91666
91667
91668
91669
91670
91671
91672
91673
91674
91675
91676
91677
92618
92619
92620
92621
92622
92623
92624
92625
92626
92627
92628
92629
92630
92631
92632
92633
92634
92635
92636
92637
92638
93579
93580
93581
93582
93583
93584
93585
93586
93587
93588
93589
93590
93591
93592
93593
93594
93595
93596
93597
93598
93599
94540
94541
94542
94543
94544
94545
94546
94547
94548
94549
94550
94551
94552
94553
94554
94555
94556
94557
94558
94559
94560
95501
95502
95503
95504
95505
95506
95507
95508
95509
95510
95511
95512
95513
95514
95515
95516
95517
95518
95519
95520
95521
96462
96463
96464
96465
96466
96467
96468
96469
96470
96471
96472
96473
96474
96475
96476
96477
96478
96479
96480
96481
96482
97423
97424
97425
97426
97427
97428
97429
97430
97431
97432
97433
97434
97435
97436
97437
97438
97439
97440
97441
97442
97443
98384
98385
98386
98387
98388
98389
98390
98391
98392
98393
98394
98395
98396
98397
98398
98399
98400
98401
98402
98403
98404
99345
99346
99347
99348
99349
99350
99351
99352
99353
99354
99355
99356
99357
99358
99359
99360
99361
99362
99363
99364
99365
100306
100307
100308
100309
100310
100311
100312
100313
100314
100315
100316
100317
100318
100319
100320
100321
100322
100323
100324
100325
100326
101267
101268
101269
101270
101271
101272
101273
101274
101275
101276
101277
101278
101279
101280
101281
101282
101283
101284
101285
101286
101287
102228
102229
102230
102231
102232
102233
102234
102235
102236
102237
102238
102239
102240
102241
102242
102243
102244
102245
102246
102247
102248
103189
103190
103191
103192
103193
103194
103195
103196
103197
103198
103199
103200
103201
103202
103203
103204
103205
103206
103207
103208
103209
104150
104151
104152
104153
104154
104155
104156
104157
104158
104159
104160
104161
104162
104163
104164
104165
104166
104167
104168
104169
104170
105111
105112
105113
105114
105115
105116
105117
105118
105119
105120
105121
105122
105123
105124
105125
105126
105127
105128
105129
105130
105131
106072
106073
106074
106075
106076
106077
106078
106079
106080
106081
106082
106083
106084
106085
106086
106087
106088
106089
106090
106091
106092
107033
107034
107035
107036
107037
107038
107039
107040
107041
107042
107043
107044
107045
107046
107047
107048
107049
107050
107051
107052
107053
107994
107995
107996
107997
107998
107999
108000
108001
108002
108003
108004
108005
108006
108007
108008
108009
108010
108011
108012
108013
108014
108955
108956
108957
108958
108959
108960
108961
108962
108963
108964
108965
108966
108967
108968
108969
108970
108971
108972
108973
108974
108975
109916
109917
109918
109919
109920
109921
109922
109923
109924
109925
109926
109927
109928
109929
109930
109931
109932
109933
109934
109935
109936
110877
110878
110879
110880
110881
110882
110883
110884
110885
110886
110887
110888
110889
110890
110891
110892
110893
110894
110895
110896
110897
111838
111839
111840
111841
111842
111843
111844
111845
111846
111847
111848
111849
111850
111851
111852
111853
111854
111855
111856
111857
111858
112799
112800
112801
112802
112803
112804
112805
112806
112807
112808
112809
112810
112811
112812
112813
112814
112815
112816
112817
112818
112819
113760
113761
113762
113763
113764
113765
113766
113767
113768
113769
113770
113771
113772
113773
113774
113775
113776
113777
113778
113779
113780
114721
114722
114723
114724
114725
114726
114727
114728
114729
114730
114731
114732
114733
114734
114735
114736
114737
114738
114739
114740
114741
115682
115683
115684
115685
115686
115687
115688
115689
115690
115691
115692
115693
115694
115695
115696
115697
115698
115699
115700
115701
115702
116643
116644
116645
116646
116647
116648
116649
116650
116651
116652
116653
116654
116655
116656
116657
116658
116659
116660
116661
116662
116663
117604
117605
117606
117607
117608
117609
117610
117611
117612
117613
117614
117615
117616
117617
117618
117619
117620
117621
117622
117623
117624
118565
118566
118567
118568
118569
118570
118571
118572
118573
118574
118575
118576
118577
118578
118579
118580
118581
118582
118583
118584
118585
119526
119527
119528
119529
119530
119531
119532
119533
119534
119535
119536
119537
119538
119539
119540
119541
119542
119543
119544
119545
119546
120487
120488
120489
120490
120491
120492
120493
120494
120495
120496
120497
120498
120499
120500
120501
120502
120503
120504
120505
120506
120507
121448
121449
121450
121451
121452
121453
121454
121455
121456
121457
121458
121459
121460
121461
121462
121463
121464
121465
121466
121467
121468
122409
122410
122411
122412
122413
122414
122415
122416
122417
122418
122419
122420
122421
122422
122423
122424
122425
122426
122427
122428
122429
123370
123371
123372
123373
123374
123375
123376
123377
123378
123379
123380
123381
123382
123383
123384
123385
123386
123387
123388
123389
123390
124331
124332
124333
124334
124335
124336
124337
124338
124339
124340
124341
124342
124343
124344
124345
124346
124347
124348
124349
124350
124351
125291
125292
125293
125294
125295
125296
125297
125298
125299
125300
125301
125302
125303
125304
125305
125306
125307
125308
125309
125310
125311
125312
126252
126253
126254
126255
126256
126257
126258
126259
126260
126261
126262
126263
126264
126265
126266
126267
126268
126269
126270
126271
126272
126273
127213
127214
127215
127216
127217
127218
127219
127220
127221
127222
127223
127224
127225
127226
127227
127228
127229
127230
127231
127232
127233
127234
128174
128175
128176
128177
128178
128179
128180
128181
128182
128183
128184
128185
128186
128187
128188
128189
128190
128191
128192
128193
128194
128195
129135
129136
129137
129138
129139
129140
129141
129142
129143
129144
129145
129146
129147
129148
129149
129150
129151
129152
129153
129154
129155
129156
130096
130097
130098
130099
130100
130101
130102
130103
130104
130105
130106
130107
130108
130109
130110
130111
130112
130113
130114
130115
130116
130117
131057
131058
131059
131060
131061
131062
131063
131064
131065
131066
131067
131068
131069
131070
131071
131072
131073
131074
131075
131076
131077
131078
132018
132019
132020
132021
132022
132023
132024
132025
132026
132027
132028
132029
132030
132031
132032
132033
132034
132035
132036
132037
132038
132039
132979
132980
132981
132982
132983
132984
132985
132986
132987
132988
132989
132990
132991
132992
132993
132994
132995
132996
132997
132998
132999
133000
133940
133941
133942
133943
133944
133945
133946
133947
133948
133949
133950
133951
133952
133953
133954
133955
133956
133957
133958
133959
133960
133961
134901
134902
134903
134904
134905
134906
134907
134908
134909
134910
134911
134912
134913
134914
134915
134916
134917
134918
134919
134920
134921
134922
135862
135863
135864
135865
135866
135867
135868
135869
135870
135871
135872
135873
135874
135875
135876
135877
135878
135879
135880
135881
135882
135883
136823
136824
136825
136826
136827
136828
136829
136830
136831
136832
136833
136834
136835
136836
136837
136838
136839
136840
136841
136842
136843
137784
137785
137786
137787
137788
137789
137790
137791
137792
137793
137794
137795
137796
137797
137798
137799
137800
137801
137802
137803
137804
138745
138746
138747
138748
138749
138750
138751
138752
138753
138754
138755
138756
138757
138758
138759
138760
138761
138762
138763
138764
138765
139706
139707
139708
139709
139710
139711
139712
139713
139714
139715
139716
139717
139718
139719
139720
139721
139722
139723
139724
139725
139726
140667
140668
140669
140670
140671
140672
140673
140674
140675
140676
140677
140678
140679
140680
140681
140682
140683
140684
140685
140686
140687
141628
141629
141630
141631
141632
141633
141634
141635
141636
141637
141638
141639
141640
141641
141642
141643
141644
141645
141646
141647
141648
142589
142590
142591
142592
142593
142594
142595
142596
142597
142598
142599
142600
142601
142602
142603
142604
142605
142606
142607
142608
142609
143550
143551
143552
143553
143554
143555
143556
143557
143558
143559
143560
143561
143562
143563
143564
143565
143566
143567
143568
143569
143570
144511
144512
144513
144514
144515
144516
144517
144518
144519
144520
144521
144522
144523
144524
144525
144526
144527
144528
144529
144530
144531
145472
145473
145474
145475
145476
145477
145478
145479
145480
145481
145482
145483
145484
145485
145486
145487
145488
145489
145490
145491
145492
146433
146434
146435
146436
146437
146438
146439
146440
146441
146442
146443
146444
146445
146446
146447
146448
146449
146450
146451
146452
146453
147394
147395
147396
147397
147398
147399
147400
147401
147402
147403
147404
147405
147406
147407
147408
147409
147410
147411
147412
147413
147414
148355
148356
148357
148358
148359
148360
148361
148362
148363
148364
148365
148366
148367
148368
148369
148370
148371
148372
148373
148374
148375
149316
149317
149318
149319
149320
149321
149322
149323
149324
149325
149326
149327
149328
149329
149330
149331
149332
149333
149334
149335
149336
150277
150278
150279
150280
150281
150282
150283
150284
150285
150286
150287
150288
150289
150290
150291
150292
150293
150294
150295
150296
150297
151238
151239
151240
151241
151242
151243
151244
151245
151246
151247
151248
151249
151250
151251
151252
151253
151254
151255
151256
151257
151258
152199
152200
152201
152202
152203
152204
152205
152206
152207
152208
152209
152210
152211
152212
152213
152214
152215
152216
152217
152218
152219
153160
153161
153162
153163
153164
153165
153166
153167
153168
153169
153170
153171
153172
153173
153174
153175
153176
153177
153178
153179
153180
154121
154122
154123
154124
154125
154126
154127
154128
154129
154130
154131
154132
154133
154134
154135
154136
154137
154138
154139
154140
154141
155689
155690
155691
155692
155693
155694
155695
155696
155697
155698
155699
155700
155701
155702
155703
155704
155705
155706
155707
155708
155709
)


// ************************************************************************* //
