/*--------------------------------*- C++ -*----------------------------------*\
| =========                 |                                                 |
| \\      /  F ield         | OpenFOAM: The Open Source CFD Toolbox           |
|  \\    /   O peration     | Version:  2.3.0                                 |
|   \\  /    A nd           | Web:      www.OpenFOAM.org                      |
|    \\/     M anipulation  |                                                 |
\*---------------------------------------------------------------------------*/
FoamFile
{
    version     2.0;
    format      ascii;
    class       labelList;
    location    "constant/polyMesh";
    object      faceProcAddressing;
}
// * * * * * * * * * * * * * * * * * * * * * * * * * * * * * * * * * * * * * //


6525
(
474
475
476
477
478
479
480
481
482
483
484
485
486
487
488
489
490
491
492
493
494
495
496
497
498
499
500
501
502
503
504
505
506
507
508
509
510
511
513
2394
2395
2396
2397
2398
2399
2400
2401
2402
2403
2404
2405
2406
2407
2408
2409
2410
2411
2412
2413
2414
2415
2416
2417
2418
2419
2420
2421
2422
2423
2424
2425
2426
2427
2428
2429
2430
2431
2433
4314
4315
4316
4317
4318
4319
4320
4321
4322
4323
4324
4325
4326
4327
4328
4329
4330
4331
4332
4333
4334
4335
4336
4337
4338
4339
4340
4341
4342
4343
4344
4345
4346
4347
4348
4349
4350
4351
4353
6234
6235
6236
6237
6238
6239
6240
6241
6242
6243
6244
6245
6246
6247
6248
6249
6250
6251
6252
6253
6254
6255
6256
6257
6258
6259
6260
6261
6262
6263
6264
6265
6266
6267
6268
6269
6270
6271
6273
8152
8153
8154
8155
8156
8157
8158
8159
8160
8161
8162
8163
8164
8165
8166
8167
8168
8169
8170
8171
8172
8173
8174
8175
8176
8177
8178
8179
8180
8181
8182
8183
8184
8185
8186
8187
8188
8189
8190
8191
8193
10072
10073
10074
10075
10076
10077
10078
10079
10080
10081
10082
10083
10084
10085
10086
10087
10088
10089
10090
10091
10092
10093
10094
10095
10096
10097
10098
10099
10100
10101
10102
10103
10104
10105
10106
10107
10108
10109
10110
10111
10113
11992
11993
11994
11995
11996
11997
11998
11999
12000
12001
12002
12003
12004
12005
12006
12007
12008
12009
12010
12011
12012
12013
12014
12015
12016
12017
12018
12019
12020
12021
12022
12023
12024
12025
12026
12027
12028
12029
12030
12031
12033
13911
13912
13913
13914
13915
13916
13917
13918
13919
13920
13921
13922
13923
13924
13925
13926
13927
13928
13929
13930
13931
13932
13933
13934
13935
13936
13937
13938
13939
13940
13941
13942
13943
13944
13945
13946
13947
13948
13949
13950
13952
15830
15831
15832
15833
15834
15835
15836
15837
15838
15839
15840
15841
15842
15843
15844
15845
15846
15847
15848
15849
15850
15851
15852
15853
15854
15855
15856
15857
15858
15859
15860
15861
15862
15863
15864
15865
15866
15867
15868
15869
15871
17749
17750
17751
17752
17753
17754
17755
17756
17757
17758
17759
17760
17761
17762
17763
17764
17765
17766
17767
17768
17769
17770
17771
17772
17773
17774
17775
17776
17777
17778
17779
17780
17781
17782
17783
17784
17785
17786
17787
17788
17790
19668
19669
19670
19671
19672
19673
19674
19675
19676
19677
19678
19679
19680
19681
19682
19683
19684
19685
19686
19687
19688
19689
19690
19691
19692
19693
19694
19695
19696
19697
19698
19699
19700
19701
19702
19703
19704
19705
19706
19707
19709
21587
21588
21589
21590
21591
21592
21593
21594
21595
21596
21597
21598
21599
21600
21601
21602
21603
21604
21605
21606
21607
21608
21609
21610
21611
21612
21613
21614
21615
21616
21617
21618
21619
21620
21621
21622
21623
21624
21625
21626
21628
23506
23507
23508
23509
23510
23511
23512
23513
23514
23515
23516
23517
23518
23519
23520
23521
23522
23523
23524
23525
23526
23527
23528
23529
23530
23531
23532
23533
23534
23535
23536
23537
23538
23539
23540
23541
23542
23543
23544
23545
23547
25425
25426
25427
25428
25429
25430
25431
25432
25433
25434
25435
25436
25437
25438
25439
25440
25441
25442
25443
25444
25445
25446
25447
25448
25449
25450
25451
25452
25453
25454
25455
25456
25457
25458
25459
25460
25461
25462
25463
25464
25466
27344
27345
27346
27347
27348
27349
27350
27351
27352
27353
27354
27355
27356
27357
27358
27359
27360
27361
27362
27363
27364
27365
27366
27367
27368
27369
27370
27371
27372
27373
27374
27375
27376
27377
27378
27379
27380
27381
27382
27383
29263
29264
29265
29266
29267
29268
29269
29270
29271
29272
29273
29274
29275
29276
29277
29278
29279
29280
29281
29282
29283
29284
29285
29286
29287
29288
29289
29290
29291
29292
29293
29294
29295
29296
29297
29298
29299
29300
29302
31182
31183
31184
31185
31186
31187
31188
31189
31190
31191
31192
31193
31194
31195
31196
31197
31198
31199
31200
31201
31202
31203
31204
31205
31206
31207
31208
31209
31210
31211
31212
31213
31214
31215
31216
31217
31218
31219
31221
33101
33102
33103
33104
33105
33106
33107
33108
33109
33110
33111
33112
33113
33114
33115
33116
33117
33118
33119
33120
33121
33122
33123
33124
33125
33126
33127
33128
33129
33130
33131
33132
33133
33134
33135
33136
33137
33138
33140
35020
35021
35022
35023
35024
35025
35026
35027
35028
35029
35030
35031
35032
35033
35034
35035
35036
35037
35038
35039
35040
35041
35042
35043
35044
35045
35046
35047
35048
35049
35050
35051
35052
35053
35054
35055
35056
35057
35059
36939
36940
36941
36942
36943
36944
36945
36946
36947
36948
36949
36950
36951
36952
36953
36954
36955
36956
36957
36958
36959
36960
36961
36962
36963
36964
36965
36966
36967
36968
36969
36970
36971
36972
36973
36974
36975
36976
36978
38858
38859
38860
38861
38862
38863
38864
38865
38866
38867
38868
38869
38870
38871
38872
38873
38874
38875
38876
38877
38878
38879
38880
38881
38882
38883
38884
38885
38886
38887
38888
38889
38890
38891
38892
38893
38894
38895
38897
40777
40778
40779
40780
40781
40782
40783
40784
40785
40786
40787
40788
40789
40790
40791
40792
40793
40794
40795
40796
40797
40798
40799
40800
40801
40802
40803
40804
40805
40806
40807
40808
40809
40810
40811
40812
40813
40814
40816
42696
42697
42698
42699
42700
42701
42702
42703
42704
42705
42706
42707
42708
42709
42710
42711
42712
42713
42714
42715
42716
42717
42718
42719
42720
42721
42722
42723
42724
42725
42726
42727
42728
42729
42730
42731
42732
42733
42735
44615
44616
44617
44618
44619
44620
44621
44622
44623
44624
44625
44626
44627
44628
44629
44630
44631
44632
44633
44634
44635
44636
44637
44638
44639
44640
44641
44642
44643
44644
44645
44646
44647
44648
44649
44650
44651
44652
44654
46534
46535
46536
46537
46538
46539
46540
46541
46542
46543
46544
46545
46546
46547
46548
46549
46550
46551
46552
46553
46554
46555
46556
46557
46558
46559
46560
46561
46562
46563
46564
46565
46566
46567
46568
46569
46570
46571
46573
48453
48454
48455
48456
48457
48458
48459
48460
48461
48462
48463
48464
48465
48466
48467
48468
48469
48470
48471
48472
48473
48474
48475
48476
48477
48478
48479
48480
48481
48482
48483
48484
48485
48486
48487
48488
48489
48490
48492
50372
50373
50374
50375
50376
50377
50378
50379
50380
50381
50382
50383
50384
50385
50386
50387
50388
50389
50390
50391
50392
50393
50394
50395
50396
50397
50398
50399
50400
50401
50402
50403
50404
50405
50406
50407
50408
50409
50411
52291
52292
52293
52294
52295
52296
52297
52298
52299
52300
52301
52302
52303
52304
52305
52306
52307
52308
52309
52310
52311
52312
52313
52314
52315
52316
52317
52318
52319
52320
52321
52322
52323
52324
52325
52326
52327
52328
52330
54210
54211
54212
54213
54214
54215
54216
54217
54218
54219
54220
54221
54222
54223
54224
54225
54226
54227
54228
54229
54230
54231
54232
54233
54234
54235
54236
54237
54238
54239
54240
54241
54242
54243
54244
54245
54246
54247
54249
56129
56130
56131
56132
56133
56134
56135
56136
56137
56138
56139
56140
56141
56142
56143
56144
56145
56146
56147
56148
56149
56150
56151
56152
56153
56154
56155
56156
56157
56158
56159
56160
56161
56162
56163
56164
56165
56166
56168
58048
58049
58050
58051
58052
58053
58054
58055
58056
58057
58058
58059
58060
58061
58062
58063
58064
58065
58066
58067
58068
58069
58070
58071
58072
58073
58074
58075
58076
58077
58078
58079
58080
58081
58082
58083
58084
58085
58087
59967
59968
59969
59970
59971
59972
59973
59974
59975
59976
59977
59978
59979
59980
59981
59982
59983
59984
59985
59986
59987
59988
59989
59990
59991
59992
59993
59994
59995
59996
59997
59998
59999
60000
60001
60002
60003
60004
60006
61886
61887
61888
61889
61890
61891
61892
61893
61894
61895
61896
61897
61898
61899
61900
61901
61902
61903
61904
61905
61906
61907
61908
61909
61910
61911
61912
61913
61914
61915
61916
61917
61918
61919
61920
61921
61922
61923
61925
63805
63806
63807
63808
63809
63810
63811
63812
63813
63814
63815
63816
63817
63818
63819
63820
63821
63822
63823
63824
63825
63826
63827
63828
63829
63830
63831
63832
63833
63834
63835
63836
63837
63838
63839
63840
63841
63842
63844
65724
65725
65726
65727
65728
65729
65730
65731
65732
65733
65734
65735
65736
65737
65738
65739
65740
65741
65742
65743
65744
65745
65746
65747
65748
65749
65750
65751
65752
65753
65754
65755
65756
65757
65758
65759
65760
65761
65763
67643
67644
67645
67646
67647
67648
67649
67650
67651
67652
67653
67654
67655
67656
67657
67658
67659
67660
67661
67662
67663
67664
67665
67666
67667
67668
67669
67670
67671
67672
67673
67674
67675
67676
67677
67678
67679
67680
67682
69562
69563
69564
69565
69566
69567
69568
69569
69570
69571
69572
69573
69574
69575
69576
69577
69578
69579
69580
69581
69582
69583
69584
69585
69586
69587
69588
69589
69590
69591
69592
69593
69594
69595
69596
69597
69598
69599
69601
71481
71482
71483
71484
71485
71486
71487
71488
71489
71490
71491
71492
71493
71494
71495
71496
71497
71498
71499
71500
71501
71502
71503
71504
71505
71506
71507
71508
71509
71510
71511
71512
71513
71514
71515
71516
71517
71518
71520
73400
73401
73402
73403
73404
73405
73406
73407
73408
73409
73410
73411
73412
73413
73414
73415
73416
73417
73418
73419
73420
73421
73422
73423
73424
73425
73426
73427
73428
73429
73430
73431
73432
73433
73434
73435
73436
73437
73439
75320
75321
75322
75323
75324
75325
75326
75327
75328
75329
75330
75331
75332
75333
75334
75335
75336
75337
75338
75339
75340
75341
75342
75343
75344
75345
75346
75347
75348
75349
75350
75351
75352
75353
75354
75355
75356
75357
75359
77240
77241
77242
77243
77244
77245
77246
77247
77248
77249
77250
77251
77252
77253
77254
77255
77256
77257
77258
77259
77260
77261
77262
77263
77264
77265
77266
77267
77268
77269
77270
77271
77272
77273
77274
77275
77276
77277
77279
79160
79161
79162
79163
79164
79165
79166
79167
79168
79169
79170
79171
79172
79173
79174
79175
79176
79177
79178
79179
79180
79181
79182
79183
79184
79185
79186
79187
79188
79189
79190
79191
79192
79193
79194
79195
79196
79197
79199
81080
81081
81082
81083
81084
81085
81086
81087
81088
81089
81090
81091
81092
81093
81094
81095
81096
81097
81098
81099
81100
81101
81102
81103
81104
81105
81106
81107
81108
81109
81110
81111
81112
81113
81114
81115
81116
81117
81119
83000
83001
83002
83003
83004
83005
83006
83007
83008
83009
83010
83011
83012
83013
83014
83015
83016
83017
83018
83019
83020
83021
83022
83023
83024
83025
83026
83027
83028
83029
83030
83031
83032
83033
83034
83035
83036
83037
83039
84920
84921
84922
84923
84924
84925
84926
84927
84928
84929
84930
84931
84932
84933
84934
84935
84936
84937
84938
84939
84940
84941
84942
84943
84944
84945
84946
84947
84948
84949
84950
84951
84952
84953
84954
84955
84956
84957
84959
86840
86841
86842
86843
86844
86845
86846
86847
86848
86849
86850
86851
86852
86853
86854
86855
86856
86857
86858
86859
86860
86861
86862
86863
86864
86865
86866
86867
86868
86869
86870
86871
86872
86873
86874
86875
86876
86877
86879
88760
88761
88762
88763
88764
88765
88766
88767
88768
88769
88770
88771
88772
88773
88774
88775
88776
88777
88778
88779
88780
88781
88782
88783
88784
88785
88786
88787
88788
88789
88790
88791
88792
88793
88794
88795
88796
88797
88799
90680
90681
90682
90683
90684
90685
90686
90687
90688
90689
90690
90691
90692
90693
90694
90695
90696
90697
90698
90699
90700
90701
90702
90703
90704
90705
90706
90707
90708
90709
90710
90711
90712
90713
90714
90715
90716
90717
90719
92599
92600
92601
92602
92603
92604
92605
92606
92607
92608
92609
92610
92611
92612
92613
92614
92615
92616
92617
92618
92619
92620
92621
92622
92623
92624
92625
92626
92627
92628
92629
92630
92631
92632
92633
92634
92635
92636
92638
94518
94519
94520
94521
94522
94523
94524
94525
94526
94527
94528
94529
94530
94531
94532
94533
94534
94535
94536
94537
94538
94539
94540
94541
94542
94543
94544
94545
94546
94547
94548
94549
94550
94551
94552
94553
94554
94555
94557
96437
96438
96439
96440
96441
96442
96443
96444
96445
96446
96447
96448
96449
96450
96451
96452
96453
96454
96455
96456
96457
96458
96459
96460
96461
96462
96463
96464
96465
96466
96467
96468
96469
96470
96471
96472
96473
96474
96476
98356
98357
98358
98359
98360
98361
98362
98363
98364
98365
98366
98367
98368
98369
98370
98371
98372
98373
98374
98375
98376
98377
98378
98379
98380
98381
98382
98383
98384
98385
98386
98387
98388
98389
98390
98391
98392
98393
98395
100275
100276
100277
100278
100279
100280
100281
100282
100283
100284
100285
100286
100287
100288
100289
100290
100291
100292
100293
100294
100295
100296
100297
100298
100299
100300
100301
100302
100303
100304
100305
100306
100307
100308
100309
100310
100311
100312
100314
102194
102195
102196
102197
102198
102199
102200
102201
102202
102203
102204
102205
102206
102207
102208
102209
102210
102211
102212
102213
102214
102215
102216
102217
102218
102219
102220
102221
102222
102223
102224
102225
102226
102227
102228
102229
102230
102231
102233
104113
104114
104115
104116
104117
104118
104119
104120
104121
104122
104123
104124
104125
104126
104127
104128
104129
104130
104131
104132
104133
104134
104135
104136
104137
104138
104139
104140
104141
104142
104143
104144
104145
104146
104147
104148
104149
104150
104152
106032
106033
106034
106035
106036
106037
106038
106039
106040
106041
106042
106043
106044
106045
106046
106047
106048
106049
106050
106051
106052
106053
106054
106055
106056
106057
106058
106059
106060
106061
106062
106063
106064
106065
106066
106067
106068
106069
106071
107951
107952
107953
107954
107955
107956
107957
107958
107959
107960
107961
107962
107963
107964
107965
107966
107967
107968
107969
107970
107971
107972
107973
107974
107975
107976
107977
107978
107979
107980
107981
107982
107983
107984
107985
107986
107987
107988
107990
109870
109871
109872
109873
109874
109875
109876
109877
109878
109879
109880
109881
109882
109883
109884
109885
109886
109887
109888
109889
109890
109891
109892
109893
109894
109895
109896
109897
109898
109899
109900
109901
109902
109903
109904
109905
109906
109907
109909
111789
111790
111791
111792
111793
111794
111795
111796
111797
111798
111799
111800
111801
111802
111803
111804
111805
111806
111807
111808
111809
111810
111811
111812
111813
111814
111815
111816
111817
111818
111819
111820
111821
111822
111823
111824
111825
111826
111828
113708
113709
113710
113711
113712
113713
113714
113715
113716
113717
113718
113719
113720
113721
113722
113723
113724
113725
113726
113727
113728
113729
113730
113731
113732
113733
113734
113735
113736
113737
113738
113739
113740
113741
113742
113743
113744
113745
113747
115627
115628
115629
115630
115631
115632
115633
115634
115635
115636
115637
115638
115639
115640
115641
115642
115643
115644
115645
115646
115647
115648
115649
115650
115651
115652
115653
115654
115655
115656
115657
115658
115659
115660
115661
115662
115663
115664
115666
117546
117547
117548
117549
117550
117551
117552
117553
117554
117555
117556
117557
117558
117559
117560
117561
117562
117563
117564
117565
117566
117567
117568
117569
117570
117571
117572
117573
117574
117575
117576
117577
117578
117579
117580
117581
117582
117583
117585
119465
119466
119467
119468
119469
119470
119471
119472
119473
119474
119475
119476
119477
119478
119479
119480
119481
119482
119483
119484
119485
119486
119487
119488
119489
119490
119491
119492
119493
119494
119495
119496
119497
119498
119499
119500
119501
119502
119504
121384
121385
121386
121387
121388
121389
121390
121391
121392
121393
121394
121395
121396
121397
121398
121399
121400
121401
121402
121403
121404
121405
121406
121407
121408
121409
121410
121411
121412
121413
121414
121415
121416
121417
121418
121419
121420
121421
121423
123303
123304
123305
123306
123307
123308
123309
123310
123311
123312
123313
123314
123315
123316
123317
123318
123319
123320
123321
123322
123323
123324
123325
123326
123327
123328
123329
123330
123331
123332
123333
123334
123335
123336
123337
123338
123339
123340
123342
125222
125223
125224
125225
125226
125227
125228
125229
125230
125231
125232
125233
125234
125235
125236
125237
125238
125239
125240
125241
125242
125243
125244
125245
125246
125247
125248
125249
125250
125251
125252
125253
125254
125255
125256
125257
125258
125259
125261
127141
127142
127143
127144
127145
127146
127147
127148
127149
127150
127151
127152
127153
127154
127155
127156
127157
127158
127159
127160
127161
127162
127163
127164
127165
127166
127167
127168
127169
127170
127171
127172
127173
127174
127175
127176
127177
127178
127180
129060
129061
129062
129063
129064
129065
129066
129067
129068
129069
129070
129071
129072
129073
129074
129075
129076
129077
129078
129079
129080
129081
129082
129083
129084
129085
129086
129087
129088
129089
129090
129091
129092
129093
129094
129095
129096
129097
129099
130979
130980
130981
130982
130983
130984
130985
130986
130987
130988
130989
130990
130991
130992
130993
130994
130995
130996
130997
130998
130999
131000
131001
131002
131003
131004
131005
131006
131007
131008
131009
131010
131011
131012
131013
131014
131015
131016
131018
132898
132899
132900
132901
132902
132903
132904
132905
132906
132907
132908
132909
132910
132911
132912
132913
132914
132915
132916
132917
132918
132919
132920
132921
132922
132923
132924
132925
132926
132927
132928
132929
132930
132931
132932
132933
132934
132935
132937
134817
134818
134819
134820
134821
134822
134823
134824
134825
134826
134827
134828
134829
134830
134831
134832
134833
134834
134835
134836
134837
134838
134839
134840
134841
134842
134843
134844
134845
134846
134847
134848
134849
134850
134851
134852
134853
134854
134856
136736
136737
136738
136739
136740
136741
136742
136743
136744
136745
136746
136747
136748
136749
136750
136751
136752
136753
136754
136755
136756
136757
136758
136759
136760
136761
136762
136763
136764
136765
136766
136767
136768
136769
136770
136771
136772
136773
136775
138655
138656
138657
138658
138659
138660
138661
138662
138663
138664
138665
138666
138667
138668
138669
138670
138671
138672
138673
138674
138675
138676
138677
138678
138679
138680
138681
138682
138683
138684
138685
138686
138687
138688
138689
138690
138691
138692
138694
140574
140575
140576
140577
140578
140579
140580
140581
140582
140583
140584
140585
140586
140587
140588
140589
140590
140591
140592
140593
140594
140595
140596
140597
140598
140599
140600
140601
140602
140603
140604
140605
140606
140607
140608
140609
140610
140611
140613
142493
142494
142495
142496
142497
142498
142499
142500
142501
142502
142503
142504
142505
142506
142507
142508
142509
142510
142511
142512
142513
142514
142515
142516
142517
142518
142519
142520
142521
142522
142523
142524
142525
142526
142527
142528
142529
142530
142532
144412
144413
144414
144415
144416
144417
144418
144419
144420
144421
144422
144423
144424
144425
144426
144427
144428
144429
144430
144431
144432
144433
144434
144435
144436
144437
144438
144439
144440
144441
144442
144443
144444
144445
144446
144447
144448
144449
144451
146331
146332
146333
146334
146335
146336
146337
146338
146339
146340
146341
146342
146343
146344
146345
146346
146347
146348
146349
146350
146351
146352
146353
146354
146355
146356
146357
146358
146359
146360
146361
146362
146363
146364
146365
146366
146367
146368
146370
148250
148251
148252
148253
148254
148255
148256
148257
148258
148259
148260
148261
148262
148263
148264
148265
148266
148267
148268
148269
148270
148271
148272
148273
148274
148275
148276
148277
148278
148279
148280
148281
148282
148283
148284
148285
148286
148287
148289
150169
150170
150171
150172
150173
150174
150175
150176
150177
150178
150179
150180
150181
150182
150183
150184
150185
150186
150187
150188
150189
150190
150191
150192
150193
150194
150195
150196
150197
150198
150199
150200
150201
150202
150203
150204
150205
150206
150208
151853
151854
151855
151856
151857
151858
151859
151860
151861
151862
151863
151864
151865
151866
151867
151868
151869
151870
151871
153898
153899
153900
153901
153902
153903
153904
153905
153906
153907
153908
153909
153910
153911
153912
153913
153914
153915
153916
153917
154858
154859
154860
154861
154862
154863
154864
154865
154866
154867
154868
154869
154870
154871
154872
154873
154874
154875
154876
154877
155818
155819
155820
155821
155822
155823
155824
155825
155826
155827
155828
155829
155830
155831
155832
155833
155834
155835
155836
155837
156778
156779
156780
156781
156782
156783
156784
156785
156786
156787
156788
156789
156790
156791
156792
156793
156794
156795
156796
156797
157737
157738
157739
157740
157741
157742
157743
157744
157745
157746
157747
157748
157749
157750
157751
157752
157753
157754
157755
157756
157757
158697
158698
158699
158700
158701
158702
158703
158704
158705
158706
158707
158708
158709
158710
158711
158712
158713
158714
158715
158716
158717
159657
159658
159659
159660
159661
159662
159663
159664
159665
159666
159667
159668
159669
159670
159671
159672
159673
159674
159675
159676
159677
160617
160618
160619
160620
160621
160622
160623
160624
160625
160626
160627
160628
160629
160630
160631
160632
160633
160634
160635
160636
160637
161577
161578
161579
161580
161581
161582
161583
161584
161585
161586
161587
161588
161589
161590
161591
161592
161593
161594
161595
161596
161597
162537
162538
162539
162540
162541
162542
162543
162544
162545
162546
162547
162548
162549
162550
162551
162552
162553
162554
162555
162556
162557
163497
163498
163499
163500
163501
163502
163503
163504
163505
163506
163507
163508
163509
163510
163511
163512
163513
163514
163515
163516
163517
164457
164458
164459
164460
164461
164462
164463
164464
164465
164466
164467
164468
164469
164470
164471
164472
164473
164474
164475
164476
164477
165417
165418
165419
165420
165421
165422
165423
165424
165425
165426
165427
165428
165429
165430
165431
165432
165433
165434
165435
165436
165437
166377
166378
166379
166380
166381
166382
166383
166384
166385
166386
166387
166388
166389
166390
166391
166392
166393
166394
166395
166396
166397
167337
167338
167339
167340
167341
167342
167343
167344
167345
167346
167347
167348
167349
167350
167351
167352
167353
167354
167355
167356
167357
168297
168298
168299
168300
168301
168302
168303
168304
168305
168306
168307
168308
168309
168310
168311
168312
168313
168314
168315
168316
169257
169258
169259
169260
169261
169262
169263
169264
169265
169266
169267
169268
169269
169270
169271
169272
169273
169274
169275
169276
170217
170218
170219
170220
170221
170222
170223
170224
170225
170226
170227
170228
170229
170230
170231
170232
170233
170234
170235
170236
171177
171178
171179
171180
171181
171182
171183
171184
171185
171186
171187
171188
171189
171190
171191
171192
171193
171194
171195
171196
172137
172138
172139
172140
172141
172142
172143
172144
172145
172146
172147
172148
172149
172150
172151
172152
172153
172154
172155
172156
173097
173098
173099
173100
173101
173102
173103
173104
173105
173106
173107
173108
173109
173110
173111
173112
173113
173114
173115
173116
174057
174058
174059
174060
174061
174062
174063
174064
174065
174066
174067
174068
174069
174070
174071
174072
174073
174074
174075
174076
175017
175018
175019
175020
175021
175022
175023
175024
175025
175026
175027
175028
175029
175030
175031
175032
175033
175034
175035
175036
175977
175978
175979
175980
175981
175982
175983
175984
175985
175986
175987
175988
175989
175990
175991
175992
175993
175994
175995
175996
176937
176938
176939
176940
176941
176942
176943
176944
176945
176946
176947
176948
176949
176950
176951
176952
176953
176954
176955
176956
177897
177898
177899
177900
177901
177902
177903
177904
177905
177906
177907
177908
177909
177910
177911
177912
177913
177914
177915
177916
178857
178858
178859
178860
178861
178862
178863
178864
178865
178866
178867
178868
178869
178870
178871
178872
178873
178874
178875
178876
179817
179818
179819
179820
179821
179822
179823
179824
179825
179826
179827
179828
179829
179830
179831
179832
179833
179834
179835
179836
180777
180778
180779
180780
180781
180782
180783
180784
180785
180786
180787
180788
180789
180790
180791
180792
180793
180794
180795
180796
181737
181738
181739
181740
181741
181742
181743
181744
181745
181746
181747
181748
181749
181750
181751
181752
181753
181754
181755
181756
182697
182698
182699
182700
182701
182702
182703
182704
182705
182706
182707
182708
182709
182710
182711
182712
182713
182714
182715
182716
183657
183658
183659
183660
183661
183662
183663
183664
183665
183666
183667
183668
183669
183670
183671
183672
183673
183674
183675
183676
184617
184618
184619
184620
184621
184622
184623
184624
184625
184626
184627
184628
184629
184630
184631
184632
184633
184634
184635
184636
185577
185578
185579
185580
185581
185582
185583
185584
185585
185586
185587
185588
185589
185590
185591
185592
185593
185594
185595
185596
186537
186538
186539
186540
186541
186542
186543
186544
186545
186546
186547
186548
186549
186550
186551
186552
186553
186554
186555
186556
187497
187498
187499
187500
187501
187502
187503
187504
187505
187506
187507
187508
187509
187510
187511
187512
187513
187514
187515
187516
188457
188458
188459
188460
188461
188462
188463
188464
188465
188466
188467
188468
188469
188470
188471
188472
188473
188474
188475
188476
189417
189418
189419
189420
189421
189422
189423
189424
189425
189426
189427
189428
189429
189430
189431
189432
189433
189434
189435
189436
190377
190378
190379
190380
190381
190382
190383
190384
190385
190386
190387
190388
190389
190390
190391
190392
190393
190394
190395
190396
191337
191338
191339
191340
191341
191342
191343
191344
191345
191346
191347
191348
191349
191350
191351
191352
191353
191354
191355
191356
192297
192298
192299
192300
192301
192302
192303
192304
192305
192306
192307
192308
192309
192310
192311
192312
192313
192314
192315
192316
193257
193258
193259
193260
193261
193262
193263
193264
193265
193266
193267
193268
193269
193270
193271
193272
193273
193274
193275
193276
194217
194218
194219
194220
194221
194222
194223
194224
194225
194226
194227
194228
194229
194230
194231
194232
194233
194234
194235
194236
195177
195178
195179
195180
195181
195182
195183
195184
195185
195186
195187
195188
195189
195190
195191
195192
195193
195194
195195
195196
196137
196138
196139
196140
196141
196142
196143
196144
196145
196146
196147
196148
196149
196150
196151
196152
196153
196154
196155
196156
197097
197098
197099
197100
197101
197102
197103
197104
197105
197106
197107
197108
197109
197110
197111
197112
197113
197114
197115
197116
198057
198058
198059
198060
198061
198062
198063
198064
198065
198066
198067
198068
198069
198070
198071
198072
198073
198074
198075
198076
199017
199018
199019
199020
199021
199022
199023
199024
199025
199026
199027
199028
199029
199030
199031
199032
199033
199034
199035
199036
199977
199978
199979
199980
199981
199982
199983
199984
199985
199986
199987
199988
199989
199990
199991
199992
199993
199994
199995
199996
200937
200938
200939
200940
200941
200942
200943
200944
200945
200946
200947
200948
200949
200950
200951
200952
200953
200954
200955
200956
201897
201898
201899
201900
201901
201902
201903
201904
201905
201906
201907
201908
201909
201910
201911
201912
201913
201914
201915
201916
202857
202858
202859
202860
202861
202862
202863
202864
202865
202866
202867
202868
202869
202870
202871
202872
202873
202874
202875
202876
203817
203818
203819
203820
203821
203822
203823
203824
203825
203826
203827
203828
203829
203830
203831
203832
203833
203834
203835
203836
204777
204778
204779
204780
204781
204782
204783
204784
204785
204786
204787
204788
204789
204790
204791
204792
204793
204794
204795
204796
205737
205738
205739
205740
205741
205742
205743
205744
205745
205746
205747
205748
205749
205750
205751
205752
205753
205754
205755
205756
206697
206698
206699
206700
206701
206702
206703
206704
206705
206706
206707
206708
206709
206710
206711
206712
206713
206714
206715
206716
207657
207658
207659
207660
207661
207662
207663
207664
207665
207666
207667
207668
207669
207670
207671
207672
207673
207674
207675
207676
208617
208618
208619
208620
208621
208622
208623
208624
208625
208626
208627
208628
208629
208630
208631
208632
208633
208634
208635
208636
209577
209578
209579
209580
209581
209582
209583
209584
209585
209586
209587
209588
209589
209590
209591
209592
209593
209594
209595
209596
210537
210538
210539
210540
210541
210542
210543
210544
210545
210546
210547
210548
210549
210550
210551
210552
210553
210554
210555
210556
211497
211498
211499
211500
211501
211502
211503
211504
211505
211506
211507
211508
211509
211510
211511
211512
211513
211514
211515
211516
212457
212458
212459
212460
212461
212462
212463
212464
212465
212466
212467
212468
212469
212470
212471
212472
212473
212474
212475
212476
213417
213418
213419
213420
213421
213422
213423
213424
213425
213426
213427
213428
213429
213430
213431
213432
213433
213434
213435
213436
214377
214378
214379
214380
214381
214382
214383
214384
214385
214386
214387
214388
214389
214390
214391
214392
214393
214394
214395
214396
215337
215338
215339
215340
215341
215342
215343
215344
215345
215346
215347
215348
215349
215350
215351
215352
215353
215354
215355
215356
216297
216298
216299
216300
216301
216302
216303
216304
216305
216306
216307
216308
216309
216310
216311
216312
216313
216314
216315
216316
217257
217258
217259
217260
217261
217262
217263
217264
217265
217266
217267
217268
217269
217270
217271
217272
217273
217274
217275
217276
218217
218218
218219
218220
218221
218222
218223
218224
218225
218226
218227
218228
218229
218230
218231
218232
218233
218234
218235
218236
219177
219178
219179
219180
219181
219182
219183
219184
219185
219186
219187
219188
219189
219190
219191
219192
219193
219194
219195
219196
220137
220138
220139
220140
220141
220142
220143
220144
220145
220146
220147
220148
220149
220150
220151
220152
220153
220154
220155
220156
221097
221098
221099
221100
221101
221102
221103
221104
221105
221106
221107
221108
221109
221110
221111
221112
221113
221114
221115
221116
222057
222058
222059
222060
222061
222062
222063
222064
222065
222066
222067
222068
222069
222070
222071
222072
222073
222074
222075
222076
223017
223018
223019
223020
223021
223022
223023
223024
223025
223026
223027
223028
223029
223030
223031
223032
223033
223034
223035
223036
223977
223978
223979
223980
223981
223982
223983
223984
223985
223986
223987
223988
223989
223990
223991
223992
223993
223994
223995
223996
224937
224938
224939
224940
224941
224942
224943
224944
224945
224946
224947
224948
224949
224950
224951
224952
224953
224954
224955
224956
225897
225898
225899
225900
225901
225902
225903
225904
225905
225906
225907
225908
225909
225910
225911
225912
225913
225914
225915
225916
226857
226858
226859
226860
226861
226862
226863
226864
226865
226866
226867
226868
226869
226870
226871
226872
226873
226874
226875
226876
227817
227818
227819
227820
227821
227822
227823
227824
227825
227826
227827
227828
227829
227830
227831
227832
227833
227834
227835
227836
228777
228778
228779
228780
228781
228782
228783
228784
228785
228786
228787
228788
228789
228790
228791
228792
228793
228794
228795
228796
229737
229738
229739
229740
229741
229742
229743
229744
229745
229746
229747
229748
229749
229750
229751
229752
229753
229754
229755
229756
231235
231236
231237
231238
231239
231240
231241
231242
231243
231244
231245
231246
231247
231248
231249
231250
231251
231252
231253
231254
232195
232196
232197
232198
232199
232200
232201
232202
232203
232204
232205
232206
232207
232208
232209
232210
232211
232212
232213
232214
233155
233156
233157
233158
233159
233160
233161
233162
233163
233164
233165
233166
233167
233168
233169
233170
233171
233172
233173
233174
234115
234116
234117
234118
234119
234120
234121
234122
234123
234124
234125
234126
234127
234128
234129
234130
234131
234132
234133
234134
235074
235075
235076
235077
235078
235079
235080
235081
235082
235083
235084
235085
235086
235087
235088
235089
235090
235091
235092
235093
235094
236034
236035
236036
236037
236038
236039
236040
236041
236042
236043
236044
236045
236046
236047
236048
236049
236050
236051
236052
236053
236054
236994
236995
236996
236997
236998
236999
237000
237001
237002
237003
237004
237005
237006
237007
237008
237009
237010
237011
237012
237013
237014
237954
237955
237956
237957
237958
237959
237960
237961
237962
237963
237964
237965
237966
237967
237968
237969
237970
237971
237972
237973
237974
238914
238915
238916
238917
238918
238919
238920
238921
238922
238923
238924
238925
238926
238927
238928
238929
238930
238931
238932
238933
238934
239874
239875
239876
239877
239878
239879
239880
239881
239882
239883
239884
239885
239886
239887
239888
239889
239890
239891
239892
239893
239894
240834
240835
240836
240837
240838
240839
240840
240841
240842
240843
240844
240845
240846
240847
240848
240849
240850
240851
240852
240853
240854
241794
241795
241796
241797
241798
241799
241800
241801
241802
241803
241804
241805
241806
241807
241808
241809
241810
241811
241812
241813
241814
242754
242755
242756
242757
242758
242759
242760
242761
242762
242763
242764
242765
242766
242767
242768
242769
242770
242771
242772
242773
242774
243714
243715
243716
243717
243718
243719
243720
243721
243722
243723
243724
243725
243726
243727
243728
243729
243730
243731
243732
243733
243734
244674
244675
244676
244677
244678
244679
244680
244681
244682
244683
244684
244685
244686
244687
244688
244689
244690
244691
244692
244693
244694
245634
245635
245636
245637
245638
245639
245640
245641
245642
245643
245644
245645
245646
245647
245648
245649
245650
245651
245652
245653
246594
246595
246596
246597
246598
246599
246600
246601
246602
246603
246604
246605
246606
246607
246608
246609
246610
246611
246612
246613
247554
247555
247556
247557
247558
247559
247560
247561
247562
247563
247564
247565
247566
247567
247568
247569
247570
247571
247572
247573
248514
248515
248516
248517
248518
248519
248520
248521
248522
248523
248524
248525
248526
248527
248528
248529
248530
248531
248532
248533
249474
249475
249476
249477
249478
249479
249480
249481
249482
249483
249484
249485
249486
249487
249488
249489
249490
249491
249492
249493
250434
250435
250436
250437
250438
250439
250440
250441
250442
250443
250444
250445
250446
250447
250448
250449
250450
250451
250452
250453
251394
251395
251396
251397
251398
251399
251400
251401
251402
251403
251404
251405
251406
251407
251408
251409
251410
251411
251412
251413
252354
252355
252356
252357
252358
252359
252360
252361
252362
252363
252364
252365
252366
252367
252368
252369
252370
252371
252372
252373
253314
253315
253316
253317
253318
253319
253320
253321
253322
253323
253324
253325
253326
253327
253328
253329
253330
253331
253332
253333
254274
254275
254276
254277
254278
254279
254280
254281
254282
254283
254284
254285
254286
254287
254288
254289
254290
254291
254292
254293
255234
255235
255236
255237
255238
255239
255240
255241
255242
255243
255244
255245
255246
255247
255248
255249
255250
255251
255252
255253
256194
256195
256196
256197
256198
256199
256200
256201
256202
256203
256204
256205
256206
256207
256208
256209
256210
256211
256212
256213
257154
257155
257156
257157
257158
257159
257160
257161
257162
257163
257164
257165
257166
257167
257168
257169
257170
257171
257172
257173
258114
258115
258116
258117
258118
258119
258120
258121
258122
258123
258124
258125
258126
258127
258128
258129
258130
258131
258132
258133
259074
259075
259076
259077
259078
259079
259080
259081
259082
259083
259084
259085
259086
259087
259088
259089
259090
259091
259092
259093
260034
260035
260036
260037
260038
260039
260040
260041
260042
260043
260044
260045
260046
260047
260048
260049
260050
260051
260052
260053
260994
260995
260996
260997
260998
260999
261000
261001
261002
261003
261004
261005
261006
261007
261008
261009
261010
261011
261012
261013
261954
261955
261956
261957
261958
261959
261960
261961
261962
261963
261964
261965
261966
261967
261968
261969
261970
261971
261972
261973
262914
262915
262916
262917
262918
262919
262920
262921
262922
262923
262924
262925
262926
262927
262928
262929
262930
262931
262932
262933
263874
263875
263876
263877
263878
263879
263880
263881
263882
263883
263884
263885
263886
263887
263888
263889
263890
263891
263892
263893
264834
264835
264836
264837
264838
264839
264840
264841
264842
264843
264844
264845
264846
264847
264848
264849
264850
264851
264852
264853
265794
265795
265796
265797
265798
265799
265800
265801
265802
265803
265804
265805
265806
265807
265808
265809
265810
265811
265812
265813
266754
266755
266756
266757
266758
266759
266760
266761
266762
266763
266764
266765
266766
266767
266768
266769
266770
266771
266772
266773
267714
267715
267716
267717
267718
267719
267720
267721
267722
267723
267724
267725
267726
267727
267728
267729
267730
267731
267732
267733
268674
268675
268676
268677
268678
268679
268680
268681
268682
268683
268684
268685
268686
268687
268688
268689
268690
268691
268692
268693
269634
269635
269636
269637
269638
269639
269640
269641
269642
269643
269644
269645
269646
269647
269648
269649
269650
269651
269652
269653
270594
270595
270596
270597
270598
270599
270600
270601
270602
270603
270604
270605
270606
270607
270608
270609
270610
270611
270612
270613
271554
271555
271556
271557
271558
271559
271560
271561
271562
271563
271564
271565
271566
271567
271568
271569
271570
271571
271572
271573
272514
272515
272516
272517
272518
272519
272520
272521
272522
272523
272524
272525
272526
272527
272528
272529
272530
272531
272532
272533
273474
273475
273476
273477
273478
273479
273480
273481
273482
273483
273484
273485
273486
273487
273488
273489
273490
273491
273492
273493
274434
274435
274436
274437
274438
274439
274440
274441
274442
274443
274444
274445
274446
274447
274448
274449
274450
274451
274452
274453
275394
275395
275396
275397
275398
275399
275400
275401
275402
275403
275404
275405
275406
275407
275408
275409
275410
275411
275412
275413
276354
276355
276356
276357
276358
276359
276360
276361
276362
276363
276364
276365
276366
276367
276368
276369
276370
276371
276372
276373
277314
277315
277316
277317
277318
277319
277320
277321
277322
277323
277324
277325
277326
277327
277328
277329
277330
277331
277332
277333
278274
278275
278276
278277
278278
278279
278280
278281
278282
278283
278284
278285
278286
278287
278288
278289
278290
278291
278292
278293
279234
279235
279236
279237
279238
279239
279240
279241
279242
279243
279244
279245
279246
279247
279248
279249
279250
279251
279252
279253
280194
280195
280196
280197
280198
280199
280200
280201
280202
280203
280204
280205
280206
280207
280208
280209
280210
280211
280212
280213
281154
281155
281156
281157
281158
281159
281160
281161
281162
281163
281164
281165
281166
281167
281168
281169
281170
281171
281172
281173
282114
282115
282116
282117
282118
282119
282120
282121
282122
282123
282124
282125
282126
282127
282128
282129
282130
282131
282132
282133
283074
283075
283076
283077
283078
283079
283080
283081
283082
283083
283084
283085
283086
283087
283088
283089
283090
283091
283092
283093
284034
284035
284036
284037
284038
284039
284040
284041
284042
284043
284044
284045
284046
284047
284048
284049
284050
284051
284052
284053
284994
284995
284996
284997
284998
284999
285000
285001
285002
285003
285004
285005
285006
285007
285008
285009
285010
285011
285012
285013
285954
285955
285956
285957
285958
285959
285960
285961
285962
285963
285964
285965
285966
285967
285968
285969
285970
285971
285972
285973
286914
286915
286916
286917
286918
286919
286920
286921
286922
286923
286924
286925
286926
286927
286928
286929
286930
286931
286932
286933
287874
287875
287876
287877
287878
287879
287880
287881
287882
287883
287884
287885
287886
287887
287888
287889
287890
287891
287892
287893
288834
288835
288836
288837
288838
288839
288840
288841
288842
288843
288844
288845
288846
288847
288848
288849
288850
288851
288852
288853
289794
289795
289796
289797
289798
289799
289800
289801
289802
289803
289804
289805
289806
289807
289808
289809
289810
289811
289812
289813
290754
290755
290756
290757
290758
290759
290760
290761
290762
290763
290764
290765
290766
290767
290768
290769
290770
290771
290772
290773
291714
291715
291716
291717
291718
291719
291720
291721
291722
291723
291724
291725
291726
291727
291728
291729
291730
291731
291732
291733
292674
292675
292676
292677
292678
292679
292680
292681
292682
292683
292684
292685
292686
292687
292688
292689
292690
292691
292692
292693
293634
293635
293636
293637
293638
293639
293640
293641
293642
293643
293644
293645
293646
293647
293648
293649
293650
293651
293652
293653
294594
294595
294596
294597
294598
294599
294600
294601
294602
294603
294604
294605
294606
294607
294608
294609
294610
294611
294612
294613
295554
295555
295556
295557
295558
295559
295560
295561
295562
295563
295564
295565
295566
295567
295568
295569
295570
295571
295572
295573
296514
296515
296516
296517
296518
296519
296520
296521
296522
296523
296524
296525
296526
296527
296528
296529
296530
296531
296532
296533
297474
297475
297476
297477
297478
297479
297480
297481
297482
297483
297484
297485
297486
297487
297488
297489
297490
297491
297492
297493
298434
298435
298436
298437
298438
298439
298440
298441
298442
298443
298444
298445
298446
298447
298448
298449
298450
298451
298452
298453
299394
299395
299396
299397
299398
299399
299400
299401
299402
299403
299404
299405
299406
299407
299408
299409
299410
299411
299412
299413
300354
300355
300356
300357
300358
300359
300360
300361
300362
300363
300364
300365
300366
300367
300368
300369
300370
300371
300372
300373
301314
301315
301316
301317
301318
301319
301320
301321
301322
301323
301324
301325
301326
301327
301328
301329
301330
301331
301332
301333
302274
302275
302276
302277
302278
302279
302280
302281
302282
302283
302284
302285
302286
302287
302288
302289
302290
302291
302292
302293
303234
303235
303236
303237
303238
303239
303240
303241
303242
303243
303244
303245
303246
303247
303248
303249
303250
303251
303252
303253
304194
304195
304196
304197
304198
304199
304200
304201
304202
304203
304204
304205
304206
304207
304208
304209
304210
304211
304212
304213
305154
305155
305156
305157
305158
305159
305160
305161
305162
305163
305164
305165
305166
305167
305168
305169
305170
305171
305172
305173
306114
306115
306116
306117
306118
306119
306120
306121
306122
306123
306124
306125
306126
306127
306128
306129
306130
306131
306132
306133
307074
307075
307076
307077
307078
307079
307080
307081
307082
307083
307084
307085
307086
307087
307088
307089
307090
307091
307092
307093
308731
308732
308733
308734
308735
308736
308737
308738
308739
308740
308741
308742
308743
308744
308745
308746
308747
308748
308749
308750
-472
-2392
-4312
-6232
-6233
-8150
-10070
-11990
-13909
-15828
-17747
-19666
-21585
-23504
-25423
-27342
-29261
-31180
-33099
-35018
-36937
-38856
-40775
-42694
-44613
-46532
-48451
-50370
-52289
-54208
-56127
-58046
-59965
-61884
-63803
-65722
-67641
-69560
-71479
-73398
-75318
-77238
-79158
-81078
-82998
-84918
-86838
-88758
-90678
-92597
-94516
-96435
-98354
-100273
-102192
-104111
-106030
-107949
-109868
-111787
-113706
-115625
-117544
-119463
-121382
-123301
-125220
-127139
-129058
-130977
-132896
-134815
-136734
-138653
-140572
-142491
-144410
-146329
-148248
-150167
-151852
512
2432
4352
6272
8192
10112
12032
13951
15870
17789
19708
21627
23546
25465
27384
27385
29301
31220
33139
35058
36977
38896
40815
42734
44653
46572
48491
50410
52329
54248
56167
58086
60005
61924
63843
65762
67681
69600
71519
73438
75358
77278
79198
81118
83038
84958
86878
88798
90718
92637
94556
96475
98394
100313
102232
104151
106070
107989
109908
111827
113746
115665
117584
119503
121422
123341
125260
127179
129098
131017
132936
134855
136774
138693
140612
142531
144450
146369
148288
150207
151872
)


// ************************************************************************* //
