/*--------------------------------*- C++ -*----------------------------------*\
| =========                 |                                                 |
| \\      /  F ield         | OpenFOAM: The Open Source CFD Toolbox           |
|  \\    /   O peration     | Version:  2.3.0                                 |
|   \\  /    A nd           | Web:      www.OpenFOAM.org                      |
|    \\/     M anipulation  |                                                 |
\*---------------------------------------------------------------------------*/
FoamFile
{
    version     2.0;
    format      ascii;
    class       labelList;
    note        "nPoints: 3405 nCells: 1611 nFaces: 6525 nInternalFaces: 3121";
    location    "constant/polyMesh";
    object      neighbour;
}
// * * * * * * * * * * * * * * * * * * * * * * * * * * * * * * * * * * * * * //


3121
(
1
20
2
21
3
22
4
23
5
24
6
25
7
26
8
27
9
28
10
29
11
30
12
31
13
32
14
33
15
34
16
35
17
36
18
37
19
38
39
21
40
22
41
23
42
24
43
25
44
26
45
27
46
28
47
29
48
30
49
31
50
32
51
33
52
34
53
35
54
36
55
37
56
38
57
39
58
59
41
60
42
61
43
62
44
63
45
64
46
65
47
66
48
67
49
68
50
69
51
70
52
71
53
72
54
73
55
74
56
75
57
76
58
77
59
78
79
61
81
62
82
63
83
64
84
65
85
66
86
67
87
68
88
69
89
70
90
71
91
72
92
73
93
74
94
75
95
76
96
77
97
78
98
79
99
100
81
101
82
102
83
103
84
104
85
105
86
106
87
107
88
108
89
109
90
110
91
111
92
112
93
113
94
114
95
115
96
116
97
117
98
118
99
119
100
120
121
102
122
103
123
104
124
105
125
106
126
107
127
108
128
109
129
110
130
111
131
112
132
113
133
114
134
115
135
116
136
117
137
118
138
119
139
120
140
121
141
142
123
143
124
144
125
145
126
146
127
147
128
148
129
149
130
150
131
151
132
152
133
153
134
154
135
155
136
156
137
157
138
158
139
159
140
160
141
161
142
162
163
144
164
145
165
146
166
147
167
148
168
149
169
150
170
151
171
152
172
153
173
154
174
155
175
156
176
157
177
158
178
159
179
160
180
161
181
162
182
163
183
184
165
185
166
186
167
187
168
188
169
189
170
190
171
191
172
192
173
193
174
194
175
195
176
196
177
197
178
198
179
199
180
200
181
201
182
202
183
203
184
204
205
186
206
187
207
188
208
189
209
190
210
191
211
192
212
193
213
194
214
195
215
196
216
197
217
198
218
199
219
200
220
201
221
202
222
203
223
204
224
205
225
226
207
227
208
228
209
229
210
230
211
231
212
232
213
233
214
234
215
235
216
236
217
237
218
238
219
239
220
240
221
241
222
242
223
243
224
244
225
245
226
246
247
228
248
229
249
230
250
231
251
232
252
233
253
234
254
235
255
236
256
237
257
238
258
239
259
240
260
241
261
242
262
243
263
244
264
245
265
246
266
247
267
268
249
269
250
270
251
271
252
272
253
273
254
274
255
275
256
276
257
277
258
278
259
279
260
280
261
281
262
282
263
283
264
284
265
285
266
286
267
287
268
288
289
270
290
271
291
272
292
273
293
274
294
275
295
276
296
277
297
278
298
279
299
280
300
281
301
282
302
283
303
284
304
285
305
286
306
287
307
288
308
289
309
310
291
311
292
312
293
313
294
314
295
315
296
316
297
317
298
318
299
319
300
320
301
321
302
322
303
323
304
324
305
325
306
326
307
327
308
328
309
329
310
330
312
331
313
332
314
333
315
334
316
335
317
336
318
337
319
338
320
339
321
340
322
341
323
342
324
343
325
344
326
345
327
346
328
347
329
348
330
349
350
332
351
333
352
334
353
335
354
336
355
337
356
338
357
339
358
340
359
341
360
342
361
343
362
344
363
345
364
346
365
347
366
348
367
349
368
350
369
370
352
371
353
372
354
373
355
374
356
375
357
376
358
377
359
378
360
379
361
380
362
381
363
382
364
383
365
384
366
385
367
386
368
387
369
388
370
389
390
372
391
373
392
374
393
375
394
376
395
377
396
378
397
379
398
380
399
381
400
382
401
383
402
384
403
385
404
386
405
387
406
388
407
389
408
390
409
410
392
411
393
412
394
413
395
414
396
415
397
416
398
417
399
418
400
419
401
420
402
421
403
422
404
423
405
424
406
425
407
426
408
427
409
428
410
429
430
412
431
413
432
414
433
415
434
416
435
417
436
418
437
419
438
420
439
421
440
422
441
423
442
424
443
425
444
426
445
427
446
428
447
429
448
430
449
450
432
451
433
452
434
453
435
454
436
455
437
456
438
457
439
458
440
459
441
460
442
461
443
462
444
463
445
464
446
465
447
466
448
467
449
468
450
469
470
452
471
453
472
454
473
455
474
456
475
457
476
458
477
459
478
460
479
461
480
462
481
463
482
464
483
465
484
466
485
467
486
468
487
469
488
470
489
490
472
491
473
492
474
493
475
494
476
495
477
496
478
497
479
498
480
499
481
500
482
501
483
502
484
503
485
504
486
505
487
506
488
507
489
508
490
509
510
492
511
493
512
494
513
495
514
496
515
497
516
498
517
499
518
500
519
501
520
502
521
503
522
504
523
505
524
506
525
507
526
508
527
509
528
510
529
530
512
531
513
532
514
533
515
534
516
535
517
536
518
537
519
538
520
539
521
540
522
541
523
542
524
543
525
544
526
545
527
546
528
547
529
548
530
549
550
532
551
533
552
534
553
535
554
536
555
537
556
538
557
539
558
540
559
541
560
542
561
543
562
544
563
545
564
546
565
547
566
548
567
549
568
550
569
570
552
571
553
572
554
573
555
574
556
575
557
576
558
577
559
578
560
579
561
580
562
581
563
582
564
583
565
584
566
585
567
586
568
587
569
588
570
589
590
572
591
573
592
574
593
575
594
576
595
577
596
578
597
579
598
580
599
581
600
582
601
583
602
584
603
585
604
586
605
587
606
588
607
589
608
590
609
610
592
611
593
612
594
613
595
614
596
615
597
616
598
617
599
618
600
619
601
620
602
621
603
622
604
623
605
624
606
625
607
626
608
627
609
628
610
629
630
612
631
613
632
614
633
615
634
616
635
617
636
618
637
619
638
620
639
621
640
622
641
623
642
624
643
625
644
626
645
627
646
628
647
629
648
630
649
650
632
651
633
652
634
653
635
654
636
655
637
656
638
657
639
658
640
659
641
660
642
661
643
662
644
663
645
664
646
665
647
666
648
667
649
668
650
669
670
652
671
653
672
654
673
655
674
656
675
657
676
658
677
659
678
660
679
661
680
662
681
663
682
664
683
665
684
666
685
667
686
668
687
669
688
670
689
690
672
691
673
692
674
693
675
694
676
695
677
696
678
697
679
698
680
699
681
700
682
701
683
702
684
703
685
704
686
705
687
706
688
707
689
708
690
709
710
692
711
693
712
694
713
695
714
696
715
697
716
698
717
699
718
700
719
701
720
702
721
703
722
704
723
705
724
706
725
707
726
708
727
709
728
710
729
730
712
731
713
732
714
733
715
734
716
735
717
736
718
737
719
738
720
739
721
740
722
741
723
742
724
743
725
744
726
745
727
746
728
747
729
748
730
749
750
732
751
733
752
734
753
735
754
736
755
737
756
738
757
739
758
740
759
741
760
742
761
743
762
744
763
745
764
746
765
747
766
748
767
749
768
750
769
770
752
771
753
772
754
773
755
774
756
775
757
776
758
777
759
778
760
779
761
780
762
781
763
782
764
783
765
784
766
785
767
786
768
787
769
788
770
789
790
772
791
773
792
774
793
775
794
776
795
777
796
778
797
779
798
780
799
781
800
782
801
783
802
784
803
785
804
786
805
787
806
788
807
789
808
790
809
810
792
811
793
812
794
813
795
814
796
815
797
816
798
817
799
818
800
819
801
820
802
821
803
822
804
823
805
824
806
825
807
826
808
827
809
828
810
829
830
812
831
813
832
814
833
815
834
816
835
817
836
818
837
819
838
820
839
821
840
822
841
823
842
824
843
825
844
826
845
827
846
828
847
829
848
830
849
850
832
851
833
852
834
853
835
854
836
855
837
856
838
857
839
858
840
859
841
860
842
861
843
862
844
863
845
864
846
865
847
866
848
867
849
868
850
869
870
852
871
853
872
854
873
855
874
856
875
857
876
858
877
859
878
860
879
861
880
862
881
863
882
864
883
865
884
866
885
867
886
868
887
869
888
870
889
890
872
891
873
892
874
893
875
894
876
895
877
896
878
897
879
898
880
899
881
900
882
901
883
902
884
903
885
904
886
905
887
906
888
907
889
908
890
909
910
892
911
893
912
894
913
895
914
896
915
897
916
898
917
899
918
900
919
901
920
902
921
903
922
904
923
905
924
906
925
907
926
908
927
909
928
910
929
930
912
931
913
932
914
933
915
934
916
935
917
936
918
937
919
938
920
939
921
940
922
941
923
942
924
943
925
944
926
945
927
946
928
947
929
948
930
949
950
932
951
933
952
934
953
935
954
936
955
937
956
938
957
939
958
940
959
941
960
942
961
943
962
944
963
945
964
946
965
947
966
948
967
949
968
950
969
970
952
971
953
972
954
973
955
974
956
975
957
976
958
977
959
978
960
979
961
980
962
981
963
982
964
983
965
984
966
985
967
986
968
987
969
988
970
989
990
972
991
973
992
974
993
975
994
976
995
977
996
978
997
979
998
980
999
981
1000
982
1001
983
1002
984
1003
985
1004
986
1005
987
1006
988
1007
989
1008
990
1009
1010
992
1011
993
1012
994
1013
995
1014
996
1015
997
1016
998
1017
999
1018
1000
1019
1001
1020
1002
1021
1003
1022
1004
1023
1005
1024
1006
1025
1007
1026
1008
1027
1009
1028
1010
1029
1030
1012
1031
1013
1032
1014
1033
1015
1034
1016
1035
1017
1036
1018
1037
1019
1038
1020
1039
1021
1040
1022
1041
1023
1042
1024
1043
1025
1044
1026
1045
1027
1046
1028
1047
1029
1048
1030
1049
1050
1032
1051
1033
1052
1034
1053
1035
1054
1036
1055
1037
1056
1038
1057
1039
1058
1040
1059
1041
1060
1042
1061
1043
1062
1044
1063
1045
1064
1046
1065
1047
1066
1048
1067
1049
1068
1050
1069
1070
1052
1071
1053
1072
1054
1073
1055
1074
1056
1075
1057
1076
1058
1077
1059
1078
1060
1079
1061
1080
1062
1081
1063
1082
1064
1083
1065
1084
1066
1085
1067
1086
1068
1087
1069
1088
1070
1089
1090
1072
1091
1073
1092
1074
1093
1075
1094
1076
1095
1077
1096
1078
1097
1079
1098
1080
1099
1081
1100
1082
1101
1083
1102
1084
1103
1085
1104
1086
1105
1087
1106
1088
1107
1089
1108
1090
1109
1110
1092
1111
1093
1112
1094
1113
1095
1114
1096
1115
1097
1116
1098
1117
1099
1118
1100
1119
1101
1120
1102
1121
1103
1122
1104
1123
1105
1124
1106
1125
1107
1126
1108
1127
1109
1128
1110
1129
1130
1112
1131
1113
1132
1114
1133
1115
1134
1116
1135
1117
1136
1118
1137
1119
1138
1120
1139
1121
1140
1122
1141
1123
1142
1124
1143
1125
1144
1126
1145
1127
1146
1128
1147
1129
1148
1130
1149
1150
1132
1151
1133
1152
1134
1153
1135
1154
1136
1155
1137
1156
1138
1157
1139
1158
1140
1159
1141
1160
1142
1161
1143
1162
1144
1163
1145
1164
1146
1165
1147
1166
1148
1167
1149
1168
1150
1169
1170
1152
1171
1153
1172
1154
1173
1155
1174
1156
1175
1157
1176
1158
1177
1159
1178
1160
1179
1161
1180
1162
1181
1163
1182
1164
1183
1165
1184
1166
1185
1167
1186
1168
1187
1169
1188
1170
1189
1190
1172
1191
1173
1192
1174
1193
1175
1194
1176
1195
1177
1196
1178
1197
1179
1198
1180
1199
1181
1200
1182
1201
1183
1202
1184
1203
1185
1204
1186
1205
1187
1206
1188
1207
1189
1208
1190
1209
1210
1192
1211
1193
1212
1194
1213
1195
1214
1196
1215
1197
1216
1198
1217
1199
1218
1200
1219
1201
1220
1202
1221
1203
1222
1204
1223
1205
1224
1206
1225
1207
1226
1208
1227
1209
1228
1210
1229
1230
1212
1231
1213
1232
1214
1233
1215
1234
1216
1235
1217
1236
1218
1237
1219
1238
1220
1239
1221
1240
1222
1241
1223
1242
1224
1243
1225
1244
1226
1245
1227
1246
1228
1247
1229
1248
1230
1249
1250
1232
1251
1233
1252
1234
1253
1235
1254
1236
1255
1237
1256
1238
1257
1239
1258
1240
1259
1241
1260
1242
1261
1243
1262
1244
1263
1245
1264
1246
1265
1247
1266
1248
1267
1249
1268
1250
1269
1270
1252
1271
1253
1272
1254
1273
1255
1274
1256
1275
1257
1276
1258
1277
1259
1278
1260
1279
1261
1280
1262
1281
1263
1282
1264
1283
1265
1284
1266
1285
1267
1286
1268
1287
1269
1288
1270
1289
1290
1272
1291
1273
1292
1274
1293
1275
1294
1276
1295
1277
1296
1278
1297
1279
1298
1280
1299
1281
1300
1282
1301
1283
1302
1284
1303
1285
1304
1286
1305
1287
1306
1288
1307
1289
1308
1290
1309
1310
1292
1311
1293
1312
1294
1313
1295
1314
1296
1315
1297
1316
1298
1317
1299
1318
1300
1319
1301
1320
1302
1321
1303
1322
1304
1323
1305
1324
1306
1325
1307
1326
1308
1327
1309
1328
1310
1329
1330
1312
1331
1313
1332
1314
1333
1315
1334
1316
1335
1317
1336
1318
1337
1319
1338
1320
1339
1321
1340
1322
1341
1323
1342
1324
1343
1325
1344
1326
1345
1327
1346
1328
1347
1329
1348
1330
1349
1350
1332
1351
1333
1352
1334
1353
1335
1354
1336
1355
1337
1356
1338
1357
1339
1358
1340
1359
1341
1360
1342
1361
1343
1362
1344
1363
1345
1364
1346
1365
1347
1366
1348
1367
1349
1368
1350
1369
1370
1352
1371
1353
1372
1354
1373
1355
1374
1356
1375
1357
1376
1358
1377
1359
1378
1360
1379
1361
1380
1362
1381
1363
1382
1364
1383
1365
1384
1366
1385
1367
1386
1368
1387
1369
1388
1370
1389
1390
1372
1391
1373
1392
1374
1393
1375
1394
1376
1395
1377
1396
1378
1397
1379
1398
1380
1399
1381
1400
1382
1401
1383
1402
1384
1403
1385
1404
1386
1405
1387
1406
1388
1407
1389
1408
1390
1409
1410
1392
1411
1393
1412
1394
1413
1395
1414
1396
1415
1397
1416
1398
1417
1399
1418
1400
1419
1401
1420
1402
1421
1403
1422
1404
1423
1405
1424
1406
1425
1407
1426
1408
1427
1409
1428
1410
1429
1430
1412
1431
1413
1432
1414
1433
1415
1434
1416
1435
1417
1436
1418
1437
1419
1438
1420
1439
1421
1440
1422
1441
1423
1442
1424
1443
1425
1444
1426
1445
1427
1446
1428
1447
1429
1448
1430
1449
1450
1432
1451
1433
1452
1434
1453
1435
1454
1436
1455
1437
1456
1438
1457
1439
1458
1440
1459
1441
1460
1442
1461
1443
1462
1444
1463
1445
1464
1446
1465
1447
1466
1448
1467
1449
1468
1450
1469
1470
1452
1471
1453
1472
1454
1473
1455
1474
1456
1475
1457
1476
1458
1477
1459
1478
1460
1479
1461
1480
1462
1481
1463
1482
1464
1483
1465
1484
1466
1485
1467
1486
1468
1487
1469
1488
1470
1489
1490
1472
1491
1473
1492
1474
1493
1475
1494
1476
1495
1477
1496
1478
1497
1479
1498
1480
1499
1481
1500
1482
1501
1483
1502
1484
1503
1485
1504
1486
1505
1487
1506
1488
1507
1489
1508
1490
1509
1510
1492
1511
1493
1512
1494
1513
1495
1514
1496
1515
1497
1516
1498
1517
1499
1518
1500
1519
1501
1520
1502
1521
1503
1522
1504
1523
1505
1524
1506
1525
1507
1526
1508
1527
1509
1528
1510
1529
1530
1512
1531
1513
1532
1514
1533
1515
1534
1516
1535
1517
1536
1518
1537
1519
1538
1520
1539
1521
1540
1522
1541
1523
1542
1524
1543
1525
1544
1526
1545
1527
1546
1528
1547
1529
1548
1530
1549
1550
1532
1551
1533
1552
1534
1553
1535
1554
1536
1555
1537
1556
1538
1557
1539
1558
1540
1559
1541
1560
1542
1561
1543
1562
1544
1563
1545
1564
1546
1565
1547
1566
1548
1567
1549
1568
1550
1569
1570
1552
1571
1553
1572
1554
1573
1555
1574
1556
1575
1557
1576
1558
1577
1559
1578
1560
1579
1561
1580
1562
1581
1563
1582
1564
1583
1565
1584
1566
1585
1567
1586
1568
1587
1569
1588
1570
1589
1590
1572
1591
1573
1592
1574
1593
1575
1594
1576
1595
1577
1596
1578
1597
1579
1598
1580
1599
1581
1600
1582
1601
1583
1602
1584
1603
1585
1604
1586
1605
1587
1606
1588
1607
1589
1608
1590
1609
1610
1592
1593
1594
1595
1596
1597
1598
1599
1600
1601
1602
1603
1604
1605
1606
1607
1608
1609
1610
)


// ************************************************************************* //
