/*--------------------------------*- C++ -*----------------------------------*\
| =========                 |                                                 |
| \\      /  F ield         | OpenFOAM: The Open Source CFD Toolbox           |
|  \\    /   O peration     | Version:  2.3.0                                 |
|   \\  /    A nd           | Web:      www.OpenFOAM.org                      |
|    \\/     M anipulation  |                                                 |
\*---------------------------------------------------------------------------*/
FoamFile
{
    version     2.0;
    format      ascii;
    class       labelList;
    location    "constant/polyMesh";
    object      faceProcAddressing;
}
// * * * * * * * * * * * * * * * * * * * * * * * * * * * * * * * * * * * * * //


6525
(
956
957
958
959
960
961
962
963
964
965
966
967
968
969
970
971
972
973
974
975
976
977
978
979
980
981
982
983
984
985
986
987
988
989
990
991
992
993
995
2876
2877
2878
2879
2880
2881
2882
2883
2884
2885
2886
2887
2888
2889
2890
2891
2892
2893
2894
2895
2896
2897
2898
2899
2900
2901
2902
2903
2904
2905
2906
2907
2908
2909
2910
2911
2912
2913
2915
4796
4797
4798
4799
4800
4801
4802
4803
4804
4805
4806
4807
4808
4809
4810
4811
4812
4813
4814
4815
4816
4817
4818
4819
4820
4821
4822
4823
4824
4825
4826
4827
4828
4829
4830
4831
4832
4833
4835
6716
6717
6718
6719
6720
6721
6722
6723
6724
6725
6726
6727
6728
6729
6730
6731
6732
6733
6734
6735
6736
6737
6738
6739
6740
6741
6742
6743
6744
6745
6746
6747
6748
6749
6750
6751
6752
6753
6755
8636
8637
8638
8639
8640
8641
8642
8643
8644
8645
8646
8647
8648
8649
8650
8651
8652
8653
8654
8655
8656
8657
8658
8659
8660
8661
8662
8663
8664
8665
8666
8667
8668
8669
8670
8671
8672
8673
8675
10556
10557
10558
10559
10560
10561
10562
10563
10564
10565
10566
10567
10568
10569
10570
10571
10572
10573
10574
10575
10576
10577
10578
10579
10580
10581
10582
10583
10584
10585
10586
10587
10588
10589
10590
10591
10592
10593
10595
12476
12477
12478
12479
12480
12481
12482
12483
12484
12485
12486
12487
12488
12489
12490
12491
12492
12493
12494
12495
12496
12497
12498
12499
12500
12501
12502
12503
12504
12505
12506
12507
12508
12509
12510
12511
12512
12513
12515
14395
14396
14397
14398
14399
14400
14401
14402
14403
14404
14405
14406
14407
14408
14409
14410
14411
14412
14413
14414
14415
14416
14417
14418
14419
14420
14421
14422
14423
14424
14425
14426
14427
14428
14429
14430
14431
14432
14434
16314
16315
16316
16317
16318
16319
16320
16321
16322
16323
16324
16325
16326
16327
16328
16329
16330
16331
16332
16333
16334
16335
16336
16337
16338
16339
16340
16341
16342
16343
16344
16345
16346
16347
16348
16349
16350
16351
16353
18233
18234
18235
18236
18237
18238
18239
18240
18241
18242
18243
18244
18245
18246
18247
18248
18249
18250
18251
18252
18253
18254
18255
18256
18257
18258
18259
18260
18261
18262
18263
18264
18265
18266
18267
18268
18269
18270
18272
20152
20153
20154
20155
20156
20157
20158
20159
20160
20161
20162
20163
20164
20165
20166
20167
20168
20169
20170
20171
20172
20173
20174
20175
20176
20177
20178
20179
20180
20181
20182
20183
20184
20185
20186
20187
20188
20189
20191
22071
22072
22073
22074
22075
22076
22077
22078
22079
22080
22081
22082
22083
22084
22085
22086
22087
22088
22089
22090
22091
22092
22093
22094
22095
22096
22097
22098
22099
22100
22101
22102
22103
22104
22105
22106
22107
22108
22110
23990
23991
23992
23993
23994
23995
23996
23997
23998
23999
24000
24001
24002
24003
24004
24005
24006
24007
24008
24009
24010
24011
24012
24013
24014
24015
24016
24017
24018
24019
24020
24021
24022
24023
24024
24025
24026
24027
24029
25909
25910
25911
25912
25913
25914
25915
25916
25917
25918
25919
25920
25921
25922
25923
25924
25925
25926
25927
25928
25929
25930
25931
25932
25933
25934
25935
25936
25937
25938
25939
25940
25941
25942
25943
25944
25945
25946
25948
27828
27829
27830
27831
27832
27833
27834
27835
27836
27837
27838
27839
27840
27841
27842
27843
27844
27845
27846
27847
27848
27849
27850
27851
27852
27853
27854
27855
27856
27857
27858
27859
27860
27861
27862
27863
27864
27865
27867
29747
29748
29749
29750
29751
29752
29753
29754
29755
29756
29757
29758
29759
29760
29761
29762
29763
29764
29765
29766
29767
29768
29769
29770
29771
29772
29773
29774
29775
29776
29777
29778
29779
29780
29781
29782
29783
29784
29786
31666
31667
31668
31669
31670
31671
31672
31673
31674
31675
31676
31677
31678
31679
31680
31681
31682
31683
31684
31685
31686
31687
31688
31689
31690
31691
31692
31693
31694
31695
31696
31697
31698
31699
31700
31701
31702
31703
31705
33585
33586
33587
33588
33589
33590
33591
33592
33593
33594
33595
33596
33597
33598
33599
33600
33601
33602
33603
33604
33605
33606
33607
33608
33609
33610
33611
33612
33613
33614
33615
33616
33617
33618
33619
33620
33621
33622
33624
35504
35505
35506
35507
35508
35509
35510
35511
35512
35513
35514
35515
35516
35517
35518
35519
35520
35521
35522
35523
35524
35525
35526
35527
35528
35529
35530
35531
35532
35533
35534
35535
35536
35537
35538
35539
35540
35541
35543
37423
37424
37425
37426
37427
37428
37429
37430
37431
37432
37433
37434
37435
37436
37437
37438
37439
37440
37441
37442
37443
37444
37445
37446
37447
37448
37449
37450
37451
37452
37453
37454
37455
37456
37457
37458
37459
37460
37462
39342
39343
39344
39345
39346
39347
39348
39349
39350
39351
39352
39353
39354
39355
39356
39357
39358
39359
39360
39361
39362
39363
39364
39365
39366
39367
39368
39369
39370
39371
39372
39373
39374
39375
39376
39377
39378
39379
39381
41261
41262
41263
41264
41265
41266
41267
41268
41269
41270
41271
41272
41273
41274
41275
41276
41277
41278
41279
41280
41281
41282
41283
41284
41285
41286
41287
41288
41289
41290
41291
41292
41293
41294
41295
41296
41297
41298
41300
43180
43181
43182
43183
43184
43185
43186
43187
43188
43189
43190
43191
43192
43193
43194
43195
43196
43197
43198
43199
43200
43201
43202
43203
43204
43205
43206
43207
43208
43209
43210
43211
43212
43213
43214
43215
43216
43217
43219
45099
45100
45101
45102
45103
45104
45105
45106
45107
45108
45109
45110
45111
45112
45113
45114
45115
45116
45117
45118
45119
45120
45121
45122
45123
45124
45125
45126
45127
45128
45129
45130
45131
45132
45133
45134
45135
45136
45138
47018
47019
47020
47021
47022
47023
47024
47025
47026
47027
47028
47029
47030
47031
47032
47033
47034
47035
47036
47037
47038
47039
47040
47041
47042
47043
47044
47045
47046
47047
47048
47049
47050
47051
47052
47053
47054
47055
47057
48937
48938
48939
48940
48941
48942
48943
48944
48945
48946
48947
48948
48949
48950
48951
48952
48953
48954
48955
48956
48957
48958
48959
48960
48961
48962
48963
48964
48965
48966
48967
48968
48969
48970
48971
48972
48973
48974
48976
50856
50857
50858
50859
50860
50861
50862
50863
50864
50865
50866
50867
50868
50869
50870
50871
50872
50873
50874
50875
50876
50877
50878
50879
50880
50881
50882
50883
50884
50885
50886
50887
50888
50889
50890
50891
50892
50893
50895
52775
52776
52777
52778
52779
52780
52781
52782
52783
52784
52785
52786
52787
52788
52789
52790
52791
52792
52793
52794
52795
52796
52797
52798
52799
52800
52801
52802
52803
52804
52805
52806
52807
52808
52809
52810
52811
52812
52814
54694
54695
54696
54697
54698
54699
54700
54701
54702
54703
54704
54705
54706
54707
54708
54709
54710
54711
54712
54713
54714
54715
54716
54717
54718
54719
54720
54721
54722
54723
54724
54725
54726
54727
54728
54729
54730
54731
54733
56613
56614
56615
56616
56617
56618
56619
56620
56621
56622
56623
56624
56625
56626
56627
56628
56629
56630
56631
56632
56633
56634
56635
56636
56637
56638
56639
56640
56641
56642
56643
56644
56645
56646
56647
56648
56649
56650
56652
58532
58533
58534
58535
58536
58537
58538
58539
58540
58541
58542
58543
58544
58545
58546
58547
58548
58549
58550
58551
58552
58553
58554
58555
58556
58557
58558
58559
58560
58561
58562
58563
58564
58565
58566
58567
58568
58569
58571
60451
60452
60453
60454
60455
60456
60457
60458
60459
60460
60461
60462
60463
60464
60465
60466
60467
60468
60469
60470
60471
60472
60473
60474
60475
60476
60477
60478
60479
60480
60481
60482
60483
60484
60485
60486
60487
60488
60490
62370
62371
62372
62373
62374
62375
62376
62377
62378
62379
62380
62381
62382
62383
62384
62385
62386
62387
62388
62389
62390
62391
62392
62393
62394
62395
62396
62397
62398
62399
62400
62401
62402
62403
62404
62405
62406
62407
62409
64289
64290
64291
64292
64293
64294
64295
64296
64297
64298
64299
64300
64301
64302
64303
64304
64305
64306
64307
64308
64309
64310
64311
64312
64313
64314
64315
64316
64317
64318
64319
64320
64321
64322
64323
64324
64325
64326
64328
66208
66209
66210
66211
66212
66213
66214
66215
66216
66217
66218
66219
66220
66221
66222
66223
66224
66225
66226
66227
66228
66229
66230
66231
66232
66233
66234
66235
66236
66237
66238
66239
66240
66241
66242
66243
66244
66245
66247
68127
68128
68129
68130
68131
68132
68133
68134
68135
68136
68137
68138
68139
68140
68141
68142
68143
68144
68145
68146
68147
68148
68149
68150
68151
68152
68153
68154
68155
68156
68157
68158
68159
68160
68161
68162
68163
68164
68166
70046
70047
70048
70049
70050
70051
70052
70053
70054
70055
70056
70057
70058
70059
70060
70061
70062
70063
70064
70065
70066
70067
70068
70069
70070
70071
70072
70073
70074
70075
70076
70077
70078
70079
70080
70081
70082
70083
70085
71965
71966
71967
71968
71969
71970
71971
71972
71973
71974
71975
71976
71977
71978
71979
71980
71981
71982
71983
71984
71985
71986
71987
71988
71989
71990
71991
71992
71993
71994
71995
71996
71997
71998
71999
72000
72001
72002
72004
73884
73885
73886
73887
73888
73889
73890
73891
73892
73893
73894
73895
73896
73897
73898
73899
73900
73901
73902
73903
73904
73905
73906
73907
73908
73909
73910
73911
73912
73913
73914
73915
73916
73917
73918
73919
73920
73921
73923
75804
75805
75806
75807
75808
75809
75810
75811
75812
75813
75814
75815
75816
75817
75818
75819
75820
75821
75822
75823
75824
75825
75826
75827
75828
75829
75830
75831
75832
75833
75834
75835
75836
75837
75838
75839
75840
75841
75843
77724
77725
77726
77727
77728
77729
77730
77731
77732
77733
77734
77735
77736
77737
77738
77739
77740
77741
77742
77743
77744
77745
77746
77747
77748
77749
77750
77751
77752
77753
77754
77755
77756
77757
77758
77759
77760
77761
77763
79644
79645
79646
79647
79648
79649
79650
79651
79652
79653
79654
79655
79656
79657
79658
79659
79660
79661
79662
79663
79664
79665
79666
79667
79668
79669
79670
79671
79672
79673
79674
79675
79676
79677
79678
79679
79680
79681
79683
81564
81565
81566
81567
81568
81569
81570
81571
81572
81573
81574
81575
81576
81577
81578
81579
81580
81581
81582
81583
81584
81585
81586
81587
81588
81589
81590
81591
81592
81593
81594
81595
81596
81597
81598
81599
81600
81601
81603
83484
83485
83486
83487
83488
83489
83490
83491
83492
83493
83494
83495
83496
83497
83498
83499
83500
83501
83502
83503
83504
83505
83506
83507
83508
83509
83510
83511
83512
83513
83514
83515
83516
83517
83518
83519
83520
83521
83523
85404
85405
85406
85407
85408
85409
85410
85411
85412
85413
85414
85415
85416
85417
85418
85419
85420
85421
85422
85423
85424
85425
85426
85427
85428
85429
85430
85431
85432
85433
85434
85435
85436
85437
85438
85439
85440
85441
85443
87324
87325
87326
87327
87328
87329
87330
87331
87332
87333
87334
87335
87336
87337
87338
87339
87340
87341
87342
87343
87344
87345
87346
87347
87348
87349
87350
87351
87352
87353
87354
87355
87356
87357
87358
87359
87360
87361
87363
89244
89245
89246
89247
89248
89249
89250
89251
89252
89253
89254
89255
89256
89257
89258
89259
89260
89261
89262
89263
89264
89265
89266
89267
89268
89269
89270
89271
89272
89273
89274
89275
89276
89277
89278
89279
89280
89281
89283
91164
91165
91166
91167
91168
91169
91170
91171
91172
91173
91174
91175
91176
91177
91178
91179
91180
91181
91182
91183
91184
91185
91186
91187
91188
91189
91190
91191
91192
91193
91194
91195
91196
91197
91198
91199
91200
91201
91203
93083
93084
93085
93086
93087
93088
93089
93090
93091
93092
93093
93094
93095
93096
93097
93098
93099
93100
93101
93102
93103
93104
93105
93106
93107
93108
93109
93110
93111
93112
93113
93114
93115
93116
93117
93118
93119
93120
93122
95002
95003
95004
95005
95006
95007
95008
95009
95010
95011
95012
95013
95014
95015
95016
95017
95018
95019
95020
95021
95022
95023
95024
95025
95026
95027
95028
95029
95030
95031
95032
95033
95034
95035
95036
95037
95038
95039
95041
96921
96922
96923
96924
96925
96926
96927
96928
96929
96930
96931
96932
96933
96934
96935
96936
96937
96938
96939
96940
96941
96942
96943
96944
96945
96946
96947
96948
96949
96950
96951
96952
96953
96954
96955
96956
96957
96958
96960
98840
98841
98842
98843
98844
98845
98846
98847
98848
98849
98850
98851
98852
98853
98854
98855
98856
98857
98858
98859
98860
98861
98862
98863
98864
98865
98866
98867
98868
98869
98870
98871
98872
98873
98874
98875
98876
98877
98879
100759
100760
100761
100762
100763
100764
100765
100766
100767
100768
100769
100770
100771
100772
100773
100774
100775
100776
100777
100778
100779
100780
100781
100782
100783
100784
100785
100786
100787
100788
100789
100790
100791
100792
100793
100794
100795
100796
100798
102678
102679
102680
102681
102682
102683
102684
102685
102686
102687
102688
102689
102690
102691
102692
102693
102694
102695
102696
102697
102698
102699
102700
102701
102702
102703
102704
102705
102706
102707
102708
102709
102710
102711
102712
102713
102714
102715
102717
104597
104598
104599
104600
104601
104602
104603
104604
104605
104606
104607
104608
104609
104610
104611
104612
104613
104614
104615
104616
104617
104618
104619
104620
104621
104622
104623
104624
104625
104626
104627
104628
104629
104630
104631
104632
104633
104634
104636
106516
106517
106518
106519
106520
106521
106522
106523
106524
106525
106526
106527
106528
106529
106530
106531
106532
106533
106534
106535
106536
106537
106538
106539
106540
106541
106542
106543
106544
106545
106546
106547
106548
106549
106550
106551
106552
106553
106555
108433
108434
108435
108436
108437
108438
108439
108440
108441
108442
108443
108444
108445
108446
108447
108448
108449
108450
108451
108452
108453
108454
108455
108456
108457
108458
108459
108460
108461
108462
108463
108464
108465
108466
108467
108468
108469
108470
108471
108472
108474
110352
110353
110354
110355
110356
110357
110358
110359
110360
110361
110362
110363
110364
110365
110366
110367
110368
110369
110370
110371
110372
110373
110374
110375
110376
110377
110378
110379
110380
110381
110382
110383
110384
110385
110386
110387
110388
110389
110390
110391
110393
112271
112272
112273
112274
112275
112276
112277
112278
112279
112280
112281
112282
112283
112284
112285
112286
112287
112288
112289
112290
112291
112292
112293
112294
112295
112296
112297
112298
112299
112300
112301
112302
112303
112304
112305
112306
112307
112308
112309
112310
112312
114190
114191
114192
114193
114194
114195
114196
114197
114198
114199
114200
114201
114202
114203
114204
114205
114206
114207
114208
114209
114210
114211
114212
114213
114214
114215
114216
114217
114218
114219
114220
114221
114222
114223
114224
114225
114226
114227
114228
114229
114231
116109
116110
116111
116112
116113
116114
116115
116116
116117
116118
116119
116120
116121
116122
116123
116124
116125
116126
116127
116128
116129
116130
116131
116132
116133
116134
116135
116136
116137
116138
116139
116140
116141
116142
116143
116144
116145
116146
116147
116148
116150
118028
118029
118030
118031
118032
118033
118034
118035
118036
118037
118038
118039
118040
118041
118042
118043
118044
118045
118046
118047
118048
118049
118050
118051
118052
118053
118054
118055
118056
118057
118058
118059
118060
118061
118062
118063
118064
118065
118066
118067
118069
119947
119948
119949
119950
119951
119952
119953
119954
119955
119956
119957
119958
119959
119960
119961
119962
119963
119964
119965
119966
119967
119968
119969
119970
119971
119972
119973
119974
119975
119976
119977
119978
119979
119980
119981
119982
119983
119984
119985
119986
119988
121866
121867
121868
121869
121870
121871
121872
121873
121874
121875
121876
121877
121878
121879
121880
121881
121882
121883
121884
121885
121886
121887
121888
121889
121890
121891
121892
121893
121894
121895
121896
121897
121898
121899
121900
121901
121902
121903
121904
121905
121907
123785
123786
123787
123788
123789
123790
123791
123792
123793
123794
123795
123796
123797
123798
123799
123800
123801
123802
123803
123804
123805
123806
123807
123808
123809
123810
123811
123812
123813
123814
123815
123816
123817
123818
123819
123820
123821
123822
123823
123824
123826
125704
125705
125706
125707
125708
125709
125710
125711
125712
125713
125714
125715
125716
125717
125718
125719
125720
125721
125722
125723
125724
125725
125726
125727
125728
125729
125730
125731
125732
125733
125734
125735
125736
125737
125738
125739
125740
125741
125742
125743
125745
127623
127624
127625
127626
127627
127628
127629
127630
127631
127632
127633
127634
127635
127636
127637
127638
127639
127640
127641
127642
127643
127644
127645
127646
127647
127648
127649
127650
127651
127652
127653
127654
127655
127656
127657
127658
127659
127660
127661
127662
129542
129543
129544
129545
129546
129547
129548
129549
129550
129551
129552
129553
129554
129555
129556
129557
129558
129559
129560
129561
129562
129563
129564
129565
129566
129567
129568
129569
129570
129571
129572
129573
129574
129575
129576
129577
129578
129579
129581
131461
131462
131463
131464
131465
131466
131467
131468
131469
131470
131471
131472
131473
131474
131475
131476
131477
131478
131479
131480
131481
131482
131483
131484
131485
131486
131487
131488
131489
131490
131491
131492
131493
131494
131495
131496
131497
131498
131500
133380
133381
133382
133383
133384
133385
133386
133387
133388
133389
133390
133391
133392
133393
133394
133395
133396
133397
133398
133399
133400
133401
133402
133403
133404
133405
133406
133407
133408
133409
133410
133411
133412
133413
133414
133415
133416
133417
133419
135299
135300
135301
135302
135303
135304
135305
135306
135307
135308
135309
135310
135311
135312
135313
135314
135315
135316
135317
135318
135319
135320
135321
135322
135323
135324
135325
135326
135327
135328
135329
135330
135331
135332
135333
135334
135335
135336
135338
137218
137219
137220
137221
137222
137223
137224
137225
137226
137227
137228
137229
137230
137231
137232
137233
137234
137235
137236
137237
137238
137239
137240
137241
137242
137243
137244
137245
137246
137247
137248
137249
137250
137251
137252
137253
137254
137255
137257
139137
139138
139139
139140
139141
139142
139143
139144
139145
139146
139147
139148
139149
139150
139151
139152
139153
139154
139155
139156
139157
139158
139159
139160
139161
139162
139163
139164
139165
139166
139167
139168
139169
139170
139171
139172
139173
139174
139176
141056
141057
141058
141059
141060
141061
141062
141063
141064
141065
141066
141067
141068
141069
141070
141071
141072
141073
141074
141075
141076
141077
141078
141079
141080
141081
141082
141083
141084
141085
141086
141087
141088
141089
141090
141091
141092
141093
141095
142975
142976
142977
142978
142979
142980
142981
142982
142983
142984
142985
142986
142987
142988
142989
142990
142991
142992
142993
142994
142995
142996
142997
142998
142999
143000
143001
143002
143003
143004
143005
143006
143007
143008
143009
143010
143011
143012
143014
144894
144895
144896
144897
144898
144899
144900
144901
144902
144903
144904
144905
144906
144907
144908
144909
144910
144911
144912
144913
144914
144915
144916
144917
144918
144919
144920
144921
144922
144923
144924
144925
144926
144927
144928
144929
144930
144931
144933
146813
146814
146815
146816
146817
146818
146819
146820
146821
146822
146823
146824
146825
146826
146827
146828
146829
146830
146831
146832
146833
146834
146835
146836
146837
146838
146839
146840
146841
146842
146843
146844
146845
146846
146847
146848
146849
146850
146852
148732
148733
148734
148735
148736
148737
148738
148739
148740
148741
148742
148743
148744
148745
148746
148747
148748
148749
148750
148751
148752
148753
148754
148755
148756
148757
148758
148759
148760
148761
148762
148763
148764
148765
148766
148767
148768
148769
148771
150651
150652
150653
150654
150655
150656
150657
150658
150659
150660
150661
150662
150663
150664
150665
150666
150667
150668
150669
150670
150671
150672
150673
150674
150675
150676
150677
150678
150679
150680
150681
150682
150683
150684
150685
150686
150687
150688
150690
152094
152095
152096
152097
152098
152099
152100
152101
152102
152103
152104
152105
152106
152107
152108
152109
152110
152111
152112
154139
154140
154141
154142
154143
154144
154145
154146
154147
154148
154149
154150
154151
154152
154153
154154
154155
154156
154157
154158
155099
155100
155101
155102
155103
155104
155105
155106
155107
155108
155109
155110
155111
155112
155113
155114
155115
155116
155117
155118
156059
156060
156061
156062
156063
156064
156065
156066
156067
156068
156069
156070
156071
156072
156073
156074
156075
156076
156077
156078
157019
157020
157021
157022
157023
157024
157025
157026
157027
157028
157029
157030
157031
157032
157033
157034
157035
157036
157037
157038
157979
157980
157981
157982
157983
157984
157985
157986
157987
157988
157989
157990
157991
157992
157993
157994
157995
157996
157997
157998
158939
158940
158941
158942
158943
158944
158945
158946
158947
158948
158949
158950
158951
158952
158953
158954
158955
158956
158957
158958
159899
159900
159901
159902
159903
159904
159905
159906
159907
159908
159909
159910
159911
159912
159913
159914
159915
159916
159917
159918
160859
160860
160861
160862
160863
160864
160865
160866
160867
160868
160869
160870
160871
160872
160873
160874
160875
160876
160877
160878
161819
161820
161821
161822
161823
161824
161825
161826
161827
161828
161829
161830
161831
161832
161833
161834
161835
161836
161837
161838
162779
162780
162781
162782
162783
162784
162785
162786
162787
162788
162789
162790
162791
162792
162793
162794
162795
162796
162797
162798
163739
163740
163741
163742
163743
163744
163745
163746
163747
163748
163749
163750
163751
163752
163753
163754
163755
163756
163757
163758
164699
164700
164701
164702
164703
164704
164705
164706
164707
164708
164709
164710
164711
164712
164713
164714
164715
164716
164717
164718
165659
165660
165661
165662
165663
165664
165665
165666
165667
165668
165669
165670
165671
165672
165673
165674
165675
165676
165677
165678
166619
166620
166621
166622
166623
166624
166625
166626
166627
166628
166629
166630
166631
166632
166633
166634
166635
166636
166637
166638
167579
167580
167581
167582
167583
167584
167585
167586
167587
167588
167589
167590
167591
167592
167593
167594
167595
167596
167597
167598
168539
168540
168541
168542
168543
168544
168545
168546
168547
168548
168549
168550
168551
168552
168553
168554
168555
168556
168557
168558
169499
169500
169501
169502
169503
169504
169505
169506
169507
169508
169509
169510
169511
169512
169513
169514
169515
169516
169517
169518
170459
170460
170461
170462
170463
170464
170465
170466
170467
170468
170469
170470
170471
170472
170473
170474
170475
170476
170477
170478
171419
171420
171421
171422
171423
171424
171425
171426
171427
171428
171429
171430
171431
171432
171433
171434
171435
171436
171437
171438
172379
172380
172381
172382
172383
172384
172385
172386
172387
172388
172389
172390
172391
172392
172393
172394
172395
172396
172397
172398
173339
173340
173341
173342
173343
173344
173345
173346
173347
173348
173349
173350
173351
173352
173353
173354
173355
173356
173357
173358
174299
174300
174301
174302
174303
174304
174305
174306
174307
174308
174309
174310
174311
174312
174313
174314
174315
174316
174317
174318
175259
175260
175261
175262
175263
175264
175265
175266
175267
175268
175269
175270
175271
175272
175273
175274
175275
175276
175277
175278
176219
176220
176221
176222
176223
176224
176225
176226
176227
176228
176229
176230
176231
176232
176233
176234
176235
176236
176237
176238
177179
177180
177181
177182
177183
177184
177185
177186
177187
177188
177189
177190
177191
177192
177193
177194
177195
177196
177197
177198
178139
178140
178141
178142
178143
178144
178145
178146
178147
178148
178149
178150
178151
178152
178153
178154
178155
178156
178157
178158
179099
179100
179101
179102
179103
179104
179105
179106
179107
179108
179109
179110
179111
179112
179113
179114
179115
179116
179117
179118
180059
180060
180061
180062
180063
180064
180065
180066
180067
180068
180069
180070
180071
180072
180073
180074
180075
180076
180077
180078
181019
181020
181021
181022
181023
181024
181025
181026
181027
181028
181029
181030
181031
181032
181033
181034
181035
181036
181037
181038
181979
181980
181981
181982
181983
181984
181985
181986
181987
181988
181989
181990
181991
181992
181993
181994
181995
181996
181997
181998
182939
182940
182941
182942
182943
182944
182945
182946
182947
182948
182949
182950
182951
182952
182953
182954
182955
182956
182957
182958
183899
183900
183901
183902
183903
183904
183905
183906
183907
183908
183909
183910
183911
183912
183913
183914
183915
183916
183917
183918
184859
184860
184861
184862
184863
184864
184865
184866
184867
184868
184869
184870
184871
184872
184873
184874
184875
184876
184877
184878
185819
185820
185821
185822
185823
185824
185825
185826
185827
185828
185829
185830
185831
185832
185833
185834
185835
185836
185837
185838
186779
186780
186781
186782
186783
186784
186785
186786
186787
186788
186789
186790
186791
186792
186793
186794
186795
186796
186797
186798
187739
187740
187741
187742
187743
187744
187745
187746
187747
187748
187749
187750
187751
187752
187753
187754
187755
187756
187757
187758
188699
188700
188701
188702
188703
188704
188705
188706
188707
188708
188709
188710
188711
188712
188713
188714
188715
188716
188717
188718
189659
189660
189661
189662
189663
189664
189665
189666
189667
189668
189669
189670
189671
189672
189673
189674
189675
189676
189677
189678
190619
190620
190621
190622
190623
190624
190625
190626
190627
190628
190629
190630
190631
190632
190633
190634
190635
190636
190637
190638
191579
191580
191581
191582
191583
191584
191585
191586
191587
191588
191589
191590
191591
191592
191593
191594
191595
191596
191597
191598
192539
192540
192541
192542
192543
192544
192545
192546
192547
192548
192549
192550
192551
192552
192553
192554
192555
192556
192557
192558
193499
193500
193501
193502
193503
193504
193505
193506
193507
193508
193509
193510
193511
193512
193513
193514
193515
193516
193517
193518
194459
194460
194461
194462
194463
194464
194465
194466
194467
194468
194469
194470
194471
194472
194473
194474
194475
194476
194477
194478
195419
195420
195421
195422
195423
195424
195425
195426
195427
195428
195429
195430
195431
195432
195433
195434
195435
195436
195437
195438
196379
196380
196381
196382
196383
196384
196385
196386
196387
196388
196389
196390
196391
196392
196393
196394
196395
196396
196397
196398
197339
197340
197341
197342
197343
197344
197345
197346
197347
197348
197349
197350
197351
197352
197353
197354
197355
197356
197357
197358
198299
198300
198301
198302
198303
198304
198305
198306
198307
198308
198309
198310
198311
198312
198313
198314
198315
198316
198317
198318
199259
199260
199261
199262
199263
199264
199265
199266
199267
199268
199269
199270
199271
199272
199273
199274
199275
199276
199277
199278
200219
200220
200221
200222
200223
200224
200225
200226
200227
200228
200229
200230
200231
200232
200233
200234
200235
200236
200237
200238
201179
201180
201181
201182
201183
201184
201185
201186
201187
201188
201189
201190
201191
201192
201193
201194
201195
201196
201197
201198
202139
202140
202141
202142
202143
202144
202145
202146
202147
202148
202149
202150
202151
202152
202153
202154
202155
202156
202157
202158
203099
203100
203101
203102
203103
203104
203105
203106
203107
203108
203109
203110
203111
203112
203113
203114
203115
203116
203117
203118
204059
204060
204061
204062
204063
204064
204065
204066
204067
204068
204069
204070
204071
204072
204073
204074
204075
204076
204077
204078
205019
205020
205021
205022
205023
205024
205025
205026
205027
205028
205029
205030
205031
205032
205033
205034
205035
205036
205037
205038
205979
205980
205981
205982
205983
205984
205985
205986
205987
205988
205989
205990
205991
205992
205993
205994
205995
205996
205997
205998
206939
206940
206941
206942
206943
206944
206945
206946
206947
206948
206949
206950
206951
206952
206953
206954
206955
206956
206957
206958
207898
207899
207900
207901
207902
207903
207904
207905
207906
207907
207908
207909
207910
207911
207912
207913
207914
207915
207916
207917
207918
208858
208859
208860
208861
208862
208863
208864
208865
208866
208867
208868
208869
208870
208871
208872
208873
208874
208875
208876
208877
208878
209818
209819
209820
209821
209822
209823
209824
209825
209826
209827
209828
209829
209830
209831
209832
209833
209834
209835
209836
209837
209838
210778
210779
210780
210781
210782
210783
210784
210785
210786
210787
210788
210789
210790
210791
210792
210793
210794
210795
210796
210797
210798
211738
211739
211740
211741
211742
211743
211744
211745
211746
211747
211748
211749
211750
211751
211752
211753
211754
211755
211756
211757
211758
212698
212699
212700
212701
212702
212703
212704
212705
212706
212707
212708
212709
212710
212711
212712
212713
212714
212715
212716
212717
212718
213658
213659
213660
213661
213662
213663
213664
213665
213666
213667
213668
213669
213670
213671
213672
213673
213674
213675
213676
213677
213678
214618
214619
214620
214621
214622
214623
214624
214625
214626
214627
214628
214629
214630
214631
214632
214633
214634
214635
214636
214637
214638
215578
215579
215580
215581
215582
215583
215584
215585
215586
215587
215588
215589
215590
215591
215592
215593
215594
215595
215596
215597
215598
216538
216539
216540
216541
216542
216543
216544
216545
216546
216547
216548
216549
216550
216551
216552
216553
216554
216555
216556
216557
216558
217498
217499
217500
217501
217502
217503
217504
217505
217506
217507
217508
217509
217510
217511
217512
217513
217514
217515
217516
217517
217518
218458
218459
218460
218461
218462
218463
218464
218465
218466
218467
218468
218469
218470
218471
218472
218473
218474
218475
218476
218477
219418
219419
219420
219421
219422
219423
219424
219425
219426
219427
219428
219429
219430
219431
219432
219433
219434
219435
219436
219437
220378
220379
220380
220381
220382
220383
220384
220385
220386
220387
220388
220389
220390
220391
220392
220393
220394
220395
220396
220397
221338
221339
221340
221341
221342
221343
221344
221345
221346
221347
221348
221349
221350
221351
221352
221353
221354
221355
221356
221357
222298
222299
222300
222301
222302
222303
222304
222305
222306
222307
222308
222309
222310
222311
222312
222313
222314
222315
222316
222317
223258
223259
223260
223261
223262
223263
223264
223265
223266
223267
223268
223269
223270
223271
223272
223273
223274
223275
223276
223277
224218
224219
224220
224221
224222
224223
224224
224225
224226
224227
224228
224229
224230
224231
224232
224233
224234
224235
224236
224237
225178
225179
225180
225181
225182
225183
225184
225185
225186
225187
225188
225189
225190
225191
225192
225193
225194
225195
225196
225197
226138
226139
226140
226141
226142
226143
226144
226145
226146
226147
226148
226149
226150
226151
226152
226153
226154
226155
226156
226157
227098
227099
227100
227101
227102
227103
227104
227105
227106
227107
227108
227109
227110
227111
227112
227113
227114
227115
227116
227117
228058
228059
228060
228061
228062
228063
228064
228065
228066
228067
228068
228069
228070
228071
228072
228073
228074
228075
228076
228077
229018
229019
229020
229021
229022
229023
229024
229025
229026
229027
229028
229029
229030
229031
229032
229033
229034
229035
229036
229037
229978
229979
229980
229981
229982
229983
229984
229985
229986
229987
229988
229989
229990
229991
229992
229993
229994
229995
229996
229997
231476
231477
231478
231479
231480
231481
231482
231483
231484
231485
231486
231487
231488
231489
231490
231491
231492
231493
231494
231495
232436
232437
232438
232439
232440
232441
232442
232443
232444
232445
232446
232447
232448
232449
232450
232451
232452
232453
232454
232455
233396
233397
233398
233399
233400
233401
233402
233403
233404
233405
233406
233407
233408
233409
233410
233411
233412
233413
233414
233415
234356
234357
234358
234359
234360
234361
234362
234363
234364
234365
234366
234367
234368
234369
234370
234371
234372
234373
234374
234375
235316
235317
235318
235319
235320
235321
235322
235323
235324
235325
235326
235327
235328
235329
235330
235331
235332
235333
235334
235335
236276
236277
236278
236279
236280
236281
236282
236283
236284
236285
236286
236287
236288
236289
236290
236291
236292
236293
236294
236295
237236
237237
237238
237239
237240
237241
237242
237243
237244
237245
237246
237247
237248
237249
237250
237251
237252
237253
237254
237255
238196
238197
238198
238199
238200
238201
238202
238203
238204
238205
238206
238207
238208
238209
238210
238211
238212
238213
238214
238215
239156
239157
239158
239159
239160
239161
239162
239163
239164
239165
239166
239167
239168
239169
239170
239171
239172
239173
239174
239175
240116
240117
240118
240119
240120
240121
240122
240123
240124
240125
240126
240127
240128
240129
240130
240131
240132
240133
240134
240135
241076
241077
241078
241079
241080
241081
241082
241083
241084
241085
241086
241087
241088
241089
241090
241091
241092
241093
241094
241095
242036
242037
242038
242039
242040
242041
242042
242043
242044
242045
242046
242047
242048
242049
242050
242051
242052
242053
242054
242055
242996
242997
242998
242999
243000
243001
243002
243003
243004
243005
243006
243007
243008
243009
243010
243011
243012
243013
243014
243015
243956
243957
243958
243959
243960
243961
243962
243963
243964
243965
243966
243967
243968
243969
243970
243971
243972
243973
243974
243975
244916
244917
244918
244919
244920
244921
244922
244923
244924
244925
244926
244927
244928
244929
244930
244931
244932
244933
244934
244935
245876
245877
245878
245879
245880
245881
245882
245883
245884
245885
245886
245887
245888
245889
245890
245891
245892
245893
245894
245895
246836
246837
246838
246839
246840
246841
246842
246843
246844
246845
246846
246847
246848
246849
246850
246851
246852
246853
246854
246855
247796
247797
247798
247799
247800
247801
247802
247803
247804
247805
247806
247807
247808
247809
247810
247811
247812
247813
247814
247815
248756
248757
248758
248759
248760
248761
248762
248763
248764
248765
248766
248767
248768
248769
248770
248771
248772
248773
248774
248775
249716
249717
249718
249719
249720
249721
249722
249723
249724
249725
249726
249727
249728
249729
249730
249731
249732
249733
249734
249735
250676
250677
250678
250679
250680
250681
250682
250683
250684
250685
250686
250687
250688
250689
250690
250691
250692
250693
250694
250695
251636
251637
251638
251639
251640
251641
251642
251643
251644
251645
251646
251647
251648
251649
251650
251651
251652
251653
251654
251655
252596
252597
252598
252599
252600
252601
252602
252603
252604
252605
252606
252607
252608
252609
252610
252611
252612
252613
252614
252615
253556
253557
253558
253559
253560
253561
253562
253563
253564
253565
253566
253567
253568
253569
253570
253571
253572
253573
253574
253575
254516
254517
254518
254519
254520
254521
254522
254523
254524
254525
254526
254527
254528
254529
254530
254531
254532
254533
254534
254535
255476
255477
255478
255479
255480
255481
255482
255483
255484
255485
255486
255487
255488
255489
255490
255491
255492
255493
255494
255495
256436
256437
256438
256439
256440
256441
256442
256443
256444
256445
256446
256447
256448
256449
256450
256451
256452
256453
256454
256455
257396
257397
257398
257399
257400
257401
257402
257403
257404
257405
257406
257407
257408
257409
257410
257411
257412
257413
257414
257415
258356
258357
258358
258359
258360
258361
258362
258363
258364
258365
258366
258367
258368
258369
258370
258371
258372
258373
258374
258375
259316
259317
259318
259319
259320
259321
259322
259323
259324
259325
259326
259327
259328
259329
259330
259331
259332
259333
259334
259335
260276
260277
260278
260279
260280
260281
260282
260283
260284
260285
260286
260287
260288
260289
260290
260291
260292
260293
260294
260295
261236
261237
261238
261239
261240
261241
261242
261243
261244
261245
261246
261247
261248
261249
261250
261251
261252
261253
261254
261255
262196
262197
262198
262199
262200
262201
262202
262203
262204
262205
262206
262207
262208
262209
262210
262211
262212
262213
262214
262215
263156
263157
263158
263159
263160
263161
263162
263163
263164
263165
263166
263167
263168
263169
263170
263171
263172
263173
263174
263175
264116
264117
264118
264119
264120
264121
264122
264123
264124
264125
264126
264127
264128
264129
264130
264131
264132
264133
264134
264135
265076
265077
265078
265079
265080
265081
265082
265083
265084
265085
265086
265087
265088
265089
265090
265091
265092
265093
265094
265095
266036
266037
266038
266039
266040
266041
266042
266043
266044
266045
266046
266047
266048
266049
266050
266051
266052
266053
266054
266055
266996
266997
266998
266999
267000
267001
267002
267003
267004
267005
267006
267007
267008
267009
267010
267011
267012
267013
267014
267015
267956
267957
267958
267959
267960
267961
267962
267963
267964
267965
267966
267967
267968
267969
267970
267971
267972
267973
267974
267975
268916
268917
268918
268919
268920
268921
268922
268923
268924
268925
268926
268927
268928
268929
268930
268931
268932
268933
268934
268935
269876
269877
269878
269879
269880
269881
269882
269883
269884
269885
269886
269887
269888
269889
269890
269891
269892
269893
269894
269895
270836
270837
270838
270839
270840
270841
270842
270843
270844
270845
270846
270847
270848
270849
270850
270851
270852
270853
270854
270855
271796
271797
271798
271799
271800
271801
271802
271803
271804
271805
271806
271807
271808
271809
271810
271811
271812
271813
271814
271815
272756
272757
272758
272759
272760
272761
272762
272763
272764
272765
272766
272767
272768
272769
272770
272771
272772
272773
272774
272775
273716
273717
273718
273719
273720
273721
273722
273723
273724
273725
273726
273727
273728
273729
273730
273731
273732
273733
273734
273735
274676
274677
274678
274679
274680
274681
274682
274683
274684
274685
274686
274687
274688
274689
274690
274691
274692
274693
274694
274695
275636
275637
275638
275639
275640
275641
275642
275643
275644
275645
275646
275647
275648
275649
275650
275651
275652
275653
275654
275655
276596
276597
276598
276599
276600
276601
276602
276603
276604
276605
276606
276607
276608
276609
276610
276611
276612
276613
276614
276615
277556
277557
277558
277559
277560
277561
277562
277563
277564
277565
277566
277567
277568
277569
277570
277571
277572
277573
277574
277575
278516
278517
278518
278519
278520
278521
278522
278523
278524
278525
278526
278527
278528
278529
278530
278531
278532
278533
278534
278535
279476
279477
279478
279479
279480
279481
279482
279483
279484
279485
279486
279487
279488
279489
279490
279491
279492
279493
279494
279495
280436
280437
280438
280439
280440
280441
280442
280443
280444
280445
280446
280447
280448
280449
280450
280451
280452
280453
280454
280455
281396
281397
281398
281399
281400
281401
281402
281403
281404
281405
281406
281407
281408
281409
281410
281411
281412
281413
281414
281415
282356
282357
282358
282359
282360
282361
282362
282363
282364
282365
282366
282367
282368
282369
282370
282371
282372
282373
282374
282375
283316
283317
283318
283319
283320
283321
283322
283323
283324
283325
283326
283327
283328
283329
283330
283331
283332
283333
283334
283335
284276
284277
284278
284279
284280
284281
284282
284283
284284
284285
284286
284287
284288
284289
284290
284291
284292
284293
284294
284295
285235
285236
285237
285238
285239
285240
285241
285242
285243
285244
285245
285246
285247
285248
285249
285250
285251
285252
285253
285254
285255
286195
286196
286197
286198
286199
286200
286201
286202
286203
286204
286205
286206
286207
286208
286209
286210
286211
286212
286213
286214
286215
287155
287156
287157
287158
287159
287160
287161
287162
287163
287164
287165
287166
287167
287168
287169
287170
287171
287172
287173
287174
287175
288115
288116
288117
288118
288119
288120
288121
288122
288123
288124
288125
288126
288127
288128
288129
288130
288131
288132
288133
288134
288135
289075
289076
289077
289078
289079
289080
289081
289082
289083
289084
289085
289086
289087
289088
289089
289090
289091
289092
289093
289094
289095
290035
290036
290037
290038
290039
290040
290041
290042
290043
290044
290045
290046
290047
290048
290049
290050
290051
290052
290053
290054
290055
290995
290996
290997
290998
290999
291000
291001
291002
291003
291004
291005
291006
291007
291008
291009
291010
291011
291012
291013
291014
291015
291955
291956
291957
291958
291959
291960
291961
291962
291963
291964
291965
291966
291967
291968
291969
291970
291971
291972
291973
291974
291975
292915
292916
292917
292918
292919
292920
292921
292922
292923
292924
292925
292926
292927
292928
292929
292930
292931
292932
292933
292934
292935
293875
293876
293877
293878
293879
293880
293881
293882
293883
293884
293885
293886
293887
293888
293889
293890
293891
293892
293893
293894
293895
294835
294836
294837
294838
294839
294840
294841
294842
294843
294844
294845
294846
294847
294848
294849
294850
294851
294852
294853
294854
294855
295795
295796
295797
295798
295799
295800
295801
295802
295803
295804
295805
295806
295807
295808
295809
295810
295811
295812
295813
295814
296755
296756
296757
296758
296759
296760
296761
296762
296763
296764
296765
296766
296767
296768
296769
296770
296771
296772
296773
296774
297715
297716
297717
297718
297719
297720
297721
297722
297723
297724
297725
297726
297727
297728
297729
297730
297731
297732
297733
297734
298675
298676
298677
298678
298679
298680
298681
298682
298683
298684
298685
298686
298687
298688
298689
298690
298691
298692
298693
298694
299635
299636
299637
299638
299639
299640
299641
299642
299643
299644
299645
299646
299647
299648
299649
299650
299651
299652
299653
299654
300595
300596
300597
300598
300599
300600
300601
300602
300603
300604
300605
300606
300607
300608
300609
300610
300611
300612
300613
300614
301555
301556
301557
301558
301559
301560
301561
301562
301563
301564
301565
301566
301567
301568
301569
301570
301571
301572
301573
301574
302515
302516
302517
302518
302519
302520
302521
302522
302523
302524
302525
302526
302527
302528
302529
302530
302531
302532
302533
302534
303475
303476
303477
303478
303479
303480
303481
303482
303483
303484
303485
303486
303487
303488
303489
303490
303491
303492
303493
303494
304435
304436
304437
304438
304439
304440
304441
304442
304443
304444
304445
304446
304447
304448
304449
304450
304451
304452
304453
304454
305395
305396
305397
305398
305399
305400
305401
305402
305403
305404
305405
305406
305407
305408
305409
305410
305411
305412
305413
305414
306355
306356
306357
306358
306359
306360
306361
306362
306363
306364
306365
306366
306367
306368
306369
306370
306371
306372
306373
306374
307315
307316
307317
307318
307319
307320
307321
307322
307323
307324
307325
307326
307327
307328
307329
307330
307331
307332
307333
307334
308972
308973
308974
308975
308976
308977
308978
308979
308980
308981
308982
308983
308984
308985
308986
308987
308988
308989
308990
308991
-954
-2874
-4794
-6714
-8634
-10554
-12474
-14393
-16312
-18231
-20150
-22069
-23988
-25907
-27826
-29745
-31664
-33583
-35502
-37421
-39340
-41259
-43178
-45097
-47016
-48935
-50854
-52773
-54692
-56611
-58530
-60449
-62368
-64287
-66206
-68125
-70044
-71963
-73882
-75802
-77722
-79642
-81562
-83482
-85402
-87322
-89242
-91162
-93081
-95000
-96919
-98838
-100757
-102676
-104595
-106514
-106515
-108431
-110350
-112269
-114188
-116107
-118026
-119945
-121864
-123783
-125702
-127621
-129540
-131459
-133378
-135297
-137216
-139135
-141054
-142973
-144892
-146811
-148730
-150649
-152093
994
2914
4834
6754
8674
10594
12514
14433
16352
18271
20190
22109
24028
25947
27866
29785
31704
33623
35542
37461
39380
41299
43218
45137
47056
48975
50894
52813
54732
56651
58570
60489
62408
64327
66246
68165
70084
72003
73922
75842
77762
79682
81602
83522
85442
87362
89282
91202
93121
95040
96959
98878
100797
102716
104635
106554
108473
110392
112311
114230
116149
118068
119987
121906
123825
125744
127663
127664
129580
131499
133418
135337
137256
139175
141094
143013
144932
146851
148770
150689
152113
)


// ************************************************************************* //
