/*--------------------------------*- C++ -*----------------------------------*\
| =========                 |                                                 |
| \\      /  F ield         | OpenFOAM: The Open Source CFD Toolbox           |
|  \\    /   O peration     | Version:  2.3.0                                 |
|   \\  /    A nd           | Web:      www.OpenFOAM.org                      |
|    \\/     M anipulation  |                                                 |
\*---------------------------------------------------------------------------*/
FoamFile
{
    version     2.0;
    format      ascii;
    class       labelList;
    location    "constant/polyMesh";
    object      faceProcAddressing;
}
// * * * * * * * * * * * * * * * * * * * * * * * * * * * * * * * * * * * * * //


6525
(
392
393
394
395
396
397
398
399
400
401
402
403
404
405
406
407
408
409
410
411
412
413
414
415
416
417
418
419
420
421
422
423
424
425
426
427
428
429
431
2312
2313
2314
2315
2316
2317
2318
2319
2320
2321
2322
2323
2324
2325
2326
2327
2328
2329
2330
2331
2332
2333
2334
2335
2336
2337
2338
2339
2340
2341
2342
2343
2344
2345
2346
2347
2348
2349
2351
4232
4233
4234
4235
4236
4237
4238
4239
4240
4241
4242
4243
4244
4245
4246
4247
4248
4249
4250
4251
4252
4253
4254
4255
4256
4257
4258
4259
4260
4261
4262
4263
4264
4265
4266
4267
4268
4269
4271
6152
6153
6154
6155
6156
6157
6158
6159
6160
6161
6162
6163
6164
6165
6166
6167
6168
6169
6170
6171
6172
6173
6174
6175
6176
6177
6178
6179
6180
6181
6182
6183
6184
6185
6186
6187
6188
6189
6191
8072
8073
8074
8075
8076
8077
8078
8079
8080
8081
8082
8083
8084
8085
8086
8087
8088
8089
8090
8091
8092
8093
8094
8095
8096
8097
8098
8099
8100
8101
8102
8103
8104
8105
8106
8107
8108
8109
8111
9992
9993
9994
9995
9996
9997
9998
9999
10000
10001
10002
10003
10004
10005
10006
10007
10008
10009
10010
10011
10012
10013
10014
10015
10016
10017
10018
10019
10020
10021
10022
10023
10024
10025
10026
10027
10028
10029
10031
11912
11913
11914
11915
11916
11917
11918
11919
11920
11921
11922
11923
11924
11925
11926
11927
11928
11929
11930
11931
11932
11933
11934
11935
11936
11937
11938
11939
11940
11941
11942
11943
11944
11945
11946
11947
11948
11949
11951
13831
13832
13833
13834
13835
13836
13837
13838
13839
13840
13841
13842
13843
13844
13845
13846
13847
13848
13849
13850
13851
13852
13853
13854
13855
13856
13857
13858
13859
13860
13861
13862
13863
13864
13865
13866
13867
13868
13870
15750
15751
15752
15753
15754
15755
15756
15757
15758
15759
15760
15761
15762
15763
15764
15765
15766
15767
15768
15769
15770
15771
15772
15773
15774
15775
15776
15777
15778
15779
15780
15781
15782
15783
15784
15785
15786
15787
15789
17669
17670
17671
17672
17673
17674
17675
17676
17677
17678
17679
17680
17681
17682
17683
17684
17685
17686
17687
17688
17689
17690
17691
17692
17693
17694
17695
17696
17697
17698
17699
17700
17701
17702
17703
17704
17705
17706
17708
19588
19589
19590
19591
19592
19593
19594
19595
19596
19597
19598
19599
19600
19601
19602
19603
19604
19605
19606
19607
19608
19609
19610
19611
19612
19613
19614
19615
19616
19617
19618
19619
19620
19621
19622
19623
19624
19625
19627
21507
21508
21509
21510
21511
21512
21513
21514
21515
21516
21517
21518
21519
21520
21521
21522
21523
21524
21525
21526
21527
21528
21529
21530
21531
21532
21533
21534
21535
21536
21537
21538
21539
21540
21541
21542
21543
21544
21546
23426
23427
23428
23429
23430
23431
23432
23433
23434
23435
23436
23437
23438
23439
23440
23441
23442
23443
23444
23445
23446
23447
23448
23449
23450
23451
23452
23453
23454
23455
23456
23457
23458
23459
23460
23461
23462
23463
23465
25345
25346
25347
25348
25349
25350
25351
25352
25353
25354
25355
25356
25357
25358
25359
25360
25361
25362
25363
25364
25365
25366
25367
25368
25369
25370
25371
25372
25373
25374
25375
25376
25377
25378
25379
25380
25381
25382
25384
27264
27265
27266
27267
27268
27269
27270
27271
27272
27273
27274
27275
27276
27277
27278
27279
27280
27281
27282
27283
27284
27285
27286
27287
27288
27289
27290
27291
27292
27293
27294
27295
27296
27297
27298
27299
27300
27301
27303
29183
29184
29185
29186
29187
29188
29189
29190
29191
29192
29193
29194
29195
29196
29197
29198
29199
29200
29201
29202
29203
29204
29205
29206
29207
29208
29209
29210
29211
29212
29213
29214
29215
29216
29217
29218
29219
29220
29222
31102
31103
31104
31105
31106
31107
31108
31109
31110
31111
31112
31113
31114
31115
31116
31117
31118
31119
31120
31121
31122
31123
31124
31125
31126
31127
31128
31129
31130
31131
31132
31133
31134
31135
31136
31137
31138
31139
31141
33021
33022
33023
33024
33025
33026
33027
33028
33029
33030
33031
33032
33033
33034
33035
33036
33037
33038
33039
33040
33041
33042
33043
33044
33045
33046
33047
33048
33049
33050
33051
33052
33053
33054
33055
33056
33057
33058
33060
34940
34941
34942
34943
34944
34945
34946
34947
34948
34949
34950
34951
34952
34953
34954
34955
34956
34957
34958
34959
34960
34961
34962
34963
34964
34965
34966
34967
34968
34969
34970
34971
34972
34973
34974
34975
34976
34977
34979
36859
36860
36861
36862
36863
36864
36865
36866
36867
36868
36869
36870
36871
36872
36873
36874
36875
36876
36877
36878
36879
36880
36881
36882
36883
36884
36885
36886
36887
36888
36889
36890
36891
36892
36893
36894
36895
36896
36898
38778
38779
38780
38781
38782
38783
38784
38785
38786
38787
38788
38789
38790
38791
38792
38793
38794
38795
38796
38797
38798
38799
38800
38801
38802
38803
38804
38805
38806
38807
38808
38809
38810
38811
38812
38813
38814
38815
38817
40697
40698
40699
40700
40701
40702
40703
40704
40705
40706
40707
40708
40709
40710
40711
40712
40713
40714
40715
40716
40717
40718
40719
40720
40721
40722
40723
40724
40725
40726
40727
40728
40729
40730
40731
40732
40733
40734
40736
42616
42617
42618
42619
42620
42621
42622
42623
42624
42625
42626
42627
42628
42629
42630
42631
42632
42633
42634
42635
42636
42637
42638
42639
42640
42641
42642
42643
42644
42645
42646
42647
42648
42649
42650
42651
42652
42653
42655
44535
44536
44537
44538
44539
44540
44541
44542
44543
44544
44545
44546
44547
44548
44549
44550
44551
44552
44553
44554
44555
44556
44557
44558
44559
44560
44561
44562
44563
44564
44565
44566
44567
44568
44569
44570
44571
44572
44574
46454
46455
46456
46457
46458
46459
46460
46461
46462
46463
46464
46465
46466
46467
46468
46469
46470
46471
46472
46473
46474
46475
46476
46477
46478
46479
46480
46481
46482
46483
46484
46485
46486
46487
46488
46489
46490
46491
46493
48373
48374
48375
48376
48377
48378
48379
48380
48381
48382
48383
48384
48385
48386
48387
48388
48389
48390
48391
48392
48393
48394
48395
48396
48397
48398
48399
48400
48401
48402
48403
48404
48405
48406
48407
48408
48409
48410
48412
50292
50293
50294
50295
50296
50297
50298
50299
50300
50301
50302
50303
50304
50305
50306
50307
50308
50309
50310
50311
50312
50313
50314
50315
50316
50317
50318
50319
50320
50321
50322
50323
50324
50325
50326
50327
50328
50329
50331
52211
52212
52213
52214
52215
52216
52217
52218
52219
52220
52221
52222
52223
52224
52225
52226
52227
52228
52229
52230
52231
52232
52233
52234
52235
52236
52237
52238
52239
52240
52241
52242
52243
52244
52245
52246
52247
52248
52250
54130
54131
54132
54133
54134
54135
54136
54137
54138
54139
54140
54141
54142
54143
54144
54145
54146
54147
54148
54149
54150
54151
54152
54153
54154
54155
54156
54157
54158
54159
54160
54161
54162
54163
54164
54165
54166
54167
54169
56049
56050
56051
56052
56053
56054
56055
56056
56057
56058
56059
56060
56061
56062
56063
56064
56065
56066
56067
56068
56069
56070
56071
56072
56073
56074
56075
56076
56077
56078
56079
56080
56081
56082
56083
56084
56085
56086
56088
57968
57969
57970
57971
57972
57973
57974
57975
57976
57977
57978
57979
57980
57981
57982
57983
57984
57985
57986
57987
57988
57989
57990
57991
57992
57993
57994
57995
57996
57997
57998
57999
58000
58001
58002
58003
58004
58005
58007
59887
59888
59889
59890
59891
59892
59893
59894
59895
59896
59897
59898
59899
59900
59901
59902
59903
59904
59905
59906
59907
59908
59909
59910
59911
59912
59913
59914
59915
59916
59917
59918
59919
59920
59921
59922
59923
59924
59926
61806
61807
61808
61809
61810
61811
61812
61813
61814
61815
61816
61817
61818
61819
61820
61821
61822
61823
61824
61825
61826
61827
61828
61829
61830
61831
61832
61833
61834
61835
61836
61837
61838
61839
61840
61841
61842
61843
61845
63725
63726
63727
63728
63729
63730
63731
63732
63733
63734
63735
63736
63737
63738
63739
63740
63741
63742
63743
63744
63745
63746
63747
63748
63749
63750
63751
63752
63753
63754
63755
63756
63757
63758
63759
63760
63761
63762
63764
65644
65645
65646
65647
65648
65649
65650
65651
65652
65653
65654
65655
65656
65657
65658
65659
65660
65661
65662
65663
65664
65665
65666
65667
65668
65669
65670
65671
65672
65673
65674
65675
65676
65677
65678
65679
65680
65681
65683
67563
67564
67565
67566
67567
67568
67569
67570
67571
67572
67573
67574
67575
67576
67577
67578
67579
67580
67581
67582
67583
67584
67585
67586
67587
67588
67589
67590
67591
67592
67593
67594
67595
67596
67597
67598
67599
67600
67602
69482
69483
69484
69485
69486
69487
69488
69489
69490
69491
69492
69493
69494
69495
69496
69497
69498
69499
69500
69501
69502
69503
69504
69505
69506
69507
69508
69509
69510
69511
69512
69513
69514
69515
69516
69517
69518
69519
69521
71401
71402
71403
71404
71405
71406
71407
71408
71409
71410
71411
71412
71413
71414
71415
71416
71417
71418
71419
71420
71421
71422
71423
71424
71425
71426
71427
71428
71429
71430
71431
71432
71433
71434
71435
71436
71437
71438
71440
73320
73321
73322
73323
73324
73325
73326
73327
73328
73329
73330
73331
73332
73333
73334
73335
73336
73337
73338
73339
73340
73341
73342
73343
73344
73345
73346
73347
73348
73349
73350
73351
73352
73353
73354
73355
73356
73357
73359
75240
75241
75242
75243
75244
75245
75246
75247
75248
75249
75250
75251
75252
75253
75254
75255
75256
75257
75258
75259
75260
75261
75262
75263
75264
75265
75266
75267
75268
75269
75270
75271
75272
75273
75274
75275
75276
75277
75279
77160
77161
77162
77163
77164
77165
77166
77167
77168
77169
77170
77171
77172
77173
77174
77175
77176
77177
77178
77179
77180
77181
77182
77183
77184
77185
77186
77187
77188
77189
77190
77191
77192
77193
77194
77195
77196
77197
77199
79080
79081
79082
79083
79084
79085
79086
79087
79088
79089
79090
79091
79092
79093
79094
79095
79096
79097
79098
79099
79100
79101
79102
79103
79104
79105
79106
79107
79108
79109
79110
79111
79112
79113
79114
79115
79116
79117
79119
81000
81001
81002
81003
81004
81005
81006
81007
81008
81009
81010
81011
81012
81013
81014
81015
81016
81017
81018
81019
81020
81021
81022
81023
81024
81025
81026
81027
81028
81029
81030
81031
81032
81033
81034
81035
81036
81037
81039
82920
82921
82922
82923
82924
82925
82926
82927
82928
82929
82930
82931
82932
82933
82934
82935
82936
82937
82938
82939
82940
82941
82942
82943
82944
82945
82946
82947
82948
82949
82950
82951
82952
82953
82954
82955
82956
82957
82959
84840
84841
84842
84843
84844
84845
84846
84847
84848
84849
84850
84851
84852
84853
84854
84855
84856
84857
84858
84859
84860
84861
84862
84863
84864
84865
84866
84867
84868
84869
84870
84871
84872
84873
84874
84875
84876
84877
84879
86760
86761
86762
86763
86764
86765
86766
86767
86768
86769
86770
86771
86772
86773
86774
86775
86776
86777
86778
86779
86780
86781
86782
86783
86784
86785
86786
86787
86788
86789
86790
86791
86792
86793
86794
86795
86796
86797
86799
88680
88681
88682
88683
88684
88685
88686
88687
88688
88689
88690
88691
88692
88693
88694
88695
88696
88697
88698
88699
88700
88701
88702
88703
88704
88705
88706
88707
88708
88709
88710
88711
88712
88713
88714
88715
88716
88717
88719
90600
90601
90602
90603
90604
90605
90606
90607
90608
90609
90610
90611
90612
90613
90614
90615
90616
90617
90618
90619
90620
90621
90622
90623
90624
90625
90626
90627
90628
90629
90630
90631
90632
90633
90634
90635
90636
90637
90639
92519
92520
92521
92522
92523
92524
92525
92526
92527
92528
92529
92530
92531
92532
92533
92534
92535
92536
92537
92538
92539
92540
92541
92542
92543
92544
92545
92546
92547
92548
92549
92550
92551
92552
92553
92554
92555
92556
92558
94438
94439
94440
94441
94442
94443
94444
94445
94446
94447
94448
94449
94450
94451
94452
94453
94454
94455
94456
94457
94458
94459
94460
94461
94462
94463
94464
94465
94466
94467
94468
94469
94470
94471
94472
94473
94474
94475
94477
96357
96358
96359
96360
96361
96362
96363
96364
96365
96366
96367
96368
96369
96370
96371
96372
96373
96374
96375
96376
96377
96378
96379
96380
96381
96382
96383
96384
96385
96386
96387
96388
96389
96390
96391
96392
96393
96394
96396
98276
98277
98278
98279
98280
98281
98282
98283
98284
98285
98286
98287
98288
98289
98290
98291
98292
98293
98294
98295
98296
98297
98298
98299
98300
98301
98302
98303
98304
98305
98306
98307
98308
98309
98310
98311
98312
98313
98315
100195
100196
100197
100198
100199
100200
100201
100202
100203
100204
100205
100206
100207
100208
100209
100210
100211
100212
100213
100214
100215
100216
100217
100218
100219
100220
100221
100222
100223
100224
100225
100226
100227
100228
100229
100230
100231
100232
100234
102114
102115
102116
102117
102118
102119
102120
102121
102122
102123
102124
102125
102126
102127
102128
102129
102130
102131
102132
102133
102134
102135
102136
102137
102138
102139
102140
102141
102142
102143
102144
102145
102146
102147
102148
102149
102150
102151
102153
104033
104034
104035
104036
104037
104038
104039
104040
104041
104042
104043
104044
104045
104046
104047
104048
104049
104050
104051
104052
104053
104054
104055
104056
104057
104058
104059
104060
104061
104062
104063
104064
104065
104066
104067
104068
104069
104070
104072
105952
105953
105954
105955
105956
105957
105958
105959
105960
105961
105962
105963
105964
105965
105966
105967
105968
105969
105970
105971
105972
105973
105974
105975
105976
105977
105978
105979
105980
105981
105982
105983
105984
105985
105986
105987
105988
105989
105991
107871
107872
107873
107874
107875
107876
107877
107878
107879
107880
107881
107882
107883
107884
107885
107886
107887
107888
107889
107890
107891
107892
107893
107894
107895
107896
107897
107898
107899
107900
107901
107902
107903
107904
107905
107906
107907
107908
107910
109790
109791
109792
109793
109794
109795
109796
109797
109798
109799
109800
109801
109802
109803
109804
109805
109806
109807
109808
109809
109810
109811
109812
109813
109814
109815
109816
109817
109818
109819
109820
109821
109822
109823
109824
109825
109826
109827
109829
111709
111710
111711
111712
111713
111714
111715
111716
111717
111718
111719
111720
111721
111722
111723
111724
111725
111726
111727
111728
111729
111730
111731
111732
111733
111734
111735
111736
111737
111738
111739
111740
111741
111742
111743
111744
111745
111746
111748
113628
113629
113630
113631
113632
113633
113634
113635
113636
113637
113638
113639
113640
113641
113642
113643
113644
113645
113646
113647
113648
113649
113650
113651
113652
113653
113654
113655
113656
113657
113658
113659
113660
113661
113662
113663
113664
113665
113667
115547
115548
115549
115550
115551
115552
115553
115554
115555
115556
115557
115558
115559
115560
115561
115562
115563
115564
115565
115566
115567
115568
115569
115570
115571
115572
115573
115574
115575
115576
115577
115578
115579
115580
115581
115582
115583
115584
115586
117466
117467
117468
117469
117470
117471
117472
117473
117474
117475
117476
117477
117478
117479
117480
117481
117482
117483
117484
117485
117486
117487
117488
117489
117490
117491
117492
117493
117494
117495
117496
117497
117498
117499
117500
117501
117502
117503
117505
119383
119384
119385
119386
119387
119388
119389
119390
119391
119392
119393
119394
119395
119396
119397
119398
119399
119400
119401
119402
119403
119404
119405
119406
119407
119408
119409
119410
119411
119412
119413
119414
119415
119416
119417
119418
119419
119420
119421
119422
119424
121302
121303
121304
121305
121306
121307
121308
121309
121310
121311
121312
121313
121314
121315
121316
121317
121318
121319
121320
121321
121322
121323
121324
121325
121326
121327
121328
121329
121330
121331
121332
121333
121334
121335
121336
121337
121338
121339
121340
121341
121343
123221
123222
123223
123224
123225
123226
123227
123228
123229
123230
123231
123232
123233
123234
123235
123236
123237
123238
123239
123240
123241
123242
123243
123244
123245
123246
123247
123248
123249
123250
123251
123252
123253
123254
123255
123256
123257
123258
123259
123260
123262
125140
125141
125142
125143
125144
125145
125146
125147
125148
125149
125150
125151
125152
125153
125154
125155
125156
125157
125158
125159
125160
125161
125162
125163
125164
125165
125166
125167
125168
125169
125170
125171
125172
125173
125174
125175
125176
125177
125178
125179
125181
127059
127060
127061
127062
127063
127064
127065
127066
127067
127068
127069
127070
127071
127072
127073
127074
127075
127076
127077
127078
127079
127080
127081
127082
127083
127084
127085
127086
127087
127088
127089
127090
127091
127092
127093
127094
127095
127096
127097
127098
127100
128978
128979
128980
128981
128982
128983
128984
128985
128986
128987
128988
128989
128990
128991
128992
128993
128994
128995
128996
128997
128998
128999
129000
129001
129002
129003
129004
129005
129006
129007
129008
129009
129010
129011
129012
129013
129014
129015
129016
129017
129019
130897
130898
130899
130900
130901
130902
130903
130904
130905
130906
130907
130908
130909
130910
130911
130912
130913
130914
130915
130916
130917
130918
130919
130920
130921
130922
130923
130924
130925
130926
130927
130928
130929
130930
130931
130932
130933
130934
130935
130936
130938
132816
132817
132818
132819
132820
132821
132822
132823
132824
132825
132826
132827
132828
132829
132830
132831
132832
132833
132834
132835
132836
132837
132838
132839
132840
132841
132842
132843
132844
132845
132846
132847
132848
132849
132850
132851
132852
132853
132854
132855
132857
134735
134736
134737
134738
134739
134740
134741
134742
134743
134744
134745
134746
134747
134748
134749
134750
134751
134752
134753
134754
134755
134756
134757
134758
134759
134760
134761
134762
134763
134764
134765
134766
134767
134768
134769
134770
134771
134772
134773
134774
134776
136654
136655
136656
136657
136658
136659
136660
136661
136662
136663
136664
136665
136666
136667
136668
136669
136670
136671
136672
136673
136674
136675
136676
136677
136678
136679
136680
136681
136682
136683
136684
136685
136686
136687
136688
136689
136690
136691
136692
136693
136695
138573
138574
138575
138576
138577
138578
138579
138580
138581
138582
138583
138584
138585
138586
138587
138588
138589
138590
138591
138592
138593
138594
138595
138596
138597
138598
138599
138600
138601
138602
138603
138604
138605
138606
138607
138608
138609
138610
138611
138612
140492
140493
140494
140495
140496
140497
140498
140499
140500
140501
140502
140503
140504
140505
140506
140507
140508
140509
140510
140511
140512
140513
140514
140515
140516
140517
140518
140519
140520
140521
140522
140523
140524
140525
140526
140527
140528
140529
140531
142411
142412
142413
142414
142415
142416
142417
142418
142419
142420
142421
142422
142423
142424
142425
142426
142427
142428
142429
142430
142431
142432
142433
142434
142435
142436
142437
142438
142439
142440
142441
142442
142443
142444
142445
142446
142447
142448
142450
144330
144331
144332
144333
144334
144335
144336
144337
144338
144339
144340
144341
144342
144343
144344
144345
144346
144347
144348
144349
144350
144351
144352
144353
144354
144355
144356
144357
144358
144359
144360
144361
144362
144363
144364
144365
144366
144367
144369
146249
146250
146251
146252
146253
146254
146255
146256
146257
146258
146259
146260
146261
146262
146263
146264
146265
146266
146267
146268
146269
146270
146271
146272
146273
146274
146275
146276
146277
146278
146279
146280
146281
146282
146283
146284
146285
146286
146288
148168
148169
148170
148171
148172
148173
148174
148175
148176
148177
148178
148179
148180
148181
148182
148183
148184
148185
148186
148187
148188
148189
148190
148191
148192
148193
148194
148195
148196
148197
148198
148199
148200
148201
148202
148203
148204
148205
148207
150087
150088
150089
150090
150091
150092
150093
150094
150095
150096
150097
150098
150099
150100
150101
150102
150103
150104
150105
150106
150107
150108
150109
150110
150111
150112
150113
150114
150115
150116
150117
150118
150119
150120
150121
150122
150123
150124
150126
151812
151813
151814
151815
151816
151817
151818
151819
151820
151821
151822
151823
151824
151825
151826
151827
151828
151829
151830
153857
153858
153859
153860
153861
153862
153863
153864
153865
153866
153867
153868
153869
153870
153871
153872
153873
153874
153875
153876
154817
154818
154819
154820
154821
154822
154823
154824
154825
154826
154827
154828
154829
154830
154831
154832
154833
154834
154835
154836
155777
155778
155779
155780
155781
155782
155783
155784
155785
155786
155787
155788
155789
155790
155791
155792
155793
155794
155795
155796
156737
156738
156739
156740
156741
156742
156743
156744
156745
156746
156747
156748
156749
156750
156751
156752
156753
156754
156755
156756
157697
157698
157699
157700
157701
157702
157703
157704
157705
157706
157707
157708
157709
157710
157711
157712
157713
157714
157715
157716
158657
158658
158659
158660
158661
158662
158663
158664
158665
158666
158667
158668
158669
158670
158671
158672
158673
158674
158675
158676
159617
159618
159619
159620
159621
159622
159623
159624
159625
159626
159627
159628
159629
159630
159631
159632
159633
159634
159635
159636
160577
160578
160579
160580
160581
160582
160583
160584
160585
160586
160587
160588
160589
160590
160591
160592
160593
160594
160595
160596
161537
161538
161539
161540
161541
161542
161543
161544
161545
161546
161547
161548
161549
161550
161551
161552
161553
161554
161555
161556
162497
162498
162499
162500
162501
162502
162503
162504
162505
162506
162507
162508
162509
162510
162511
162512
162513
162514
162515
162516
163457
163458
163459
163460
163461
163462
163463
163464
163465
163466
163467
163468
163469
163470
163471
163472
163473
163474
163475
163476
164417
164418
164419
164420
164421
164422
164423
164424
164425
164426
164427
164428
164429
164430
164431
164432
164433
164434
164435
164436
165377
165378
165379
165380
165381
165382
165383
165384
165385
165386
165387
165388
165389
165390
165391
165392
165393
165394
165395
165396
166337
166338
166339
166340
166341
166342
166343
166344
166345
166346
166347
166348
166349
166350
166351
166352
166353
166354
166355
166356
167297
167298
167299
167300
167301
167302
167303
167304
167305
167306
167307
167308
167309
167310
167311
167312
167313
167314
167315
167316
168257
168258
168259
168260
168261
168262
168263
168264
168265
168266
168267
168268
168269
168270
168271
168272
168273
168274
168275
168276
169217
169218
169219
169220
169221
169222
169223
169224
169225
169226
169227
169228
169229
169230
169231
169232
169233
169234
169235
169236
170177
170178
170179
170180
170181
170182
170183
170184
170185
170186
170187
170188
170189
170190
170191
170192
170193
170194
170195
170196
171137
171138
171139
171140
171141
171142
171143
171144
171145
171146
171147
171148
171149
171150
171151
171152
171153
171154
171155
171156
172097
172098
172099
172100
172101
172102
172103
172104
172105
172106
172107
172108
172109
172110
172111
172112
172113
172114
172115
172116
173057
173058
173059
173060
173061
173062
173063
173064
173065
173066
173067
173068
173069
173070
173071
173072
173073
173074
173075
173076
174017
174018
174019
174020
174021
174022
174023
174024
174025
174026
174027
174028
174029
174030
174031
174032
174033
174034
174035
174036
174977
174978
174979
174980
174981
174982
174983
174984
174985
174986
174987
174988
174989
174990
174991
174992
174993
174994
174995
174996
175937
175938
175939
175940
175941
175942
175943
175944
175945
175946
175947
175948
175949
175950
175951
175952
175953
175954
175955
175956
176897
176898
176899
176900
176901
176902
176903
176904
176905
176906
176907
176908
176909
176910
176911
176912
176913
176914
176915
176916
177857
177858
177859
177860
177861
177862
177863
177864
177865
177866
177867
177868
177869
177870
177871
177872
177873
177874
177875
177876
178817
178818
178819
178820
178821
178822
178823
178824
178825
178826
178827
178828
178829
178830
178831
178832
178833
178834
178835
178836
179777
179778
179779
179780
179781
179782
179783
179784
179785
179786
179787
179788
179789
179790
179791
179792
179793
179794
179795
179796
180737
180738
180739
180740
180741
180742
180743
180744
180745
180746
180747
180748
180749
180750
180751
180752
180753
180754
180755
180756
181697
181698
181699
181700
181701
181702
181703
181704
181705
181706
181707
181708
181709
181710
181711
181712
181713
181714
181715
181716
182657
182658
182659
182660
182661
182662
182663
182664
182665
182666
182667
182668
182669
182670
182671
182672
182673
182674
182675
182676
183617
183618
183619
183620
183621
183622
183623
183624
183625
183626
183627
183628
183629
183630
183631
183632
183633
183634
183635
183636
184577
184578
184579
184580
184581
184582
184583
184584
184585
184586
184587
184588
184589
184590
184591
184592
184593
184594
184595
184596
185537
185538
185539
185540
185541
185542
185543
185544
185545
185546
185547
185548
185549
185550
185551
185552
185553
185554
185555
185556
186497
186498
186499
186500
186501
186502
186503
186504
186505
186506
186507
186508
186509
186510
186511
186512
186513
186514
186515
186516
187457
187458
187459
187460
187461
187462
187463
187464
187465
187466
187467
187468
187469
187470
187471
187472
187473
187474
187475
187476
188417
188418
188419
188420
188421
188422
188423
188424
188425
188426
188427
188428
188429
188430
188431
188432
188433
188434
188435
188436
189377
189378
189379
189380
189381
189382
189383
189384
189385
189386
189387
189388
189389
189390
189391
189392
189393
189394
189395
189396
190337
190338
190339
190340
190341
190342
190343
190344
190345
190346
190347
190348
190349
190350
190351
190352
190353
190354
190355
190356
191297
191298
191299
191300
191301
191302
191303
191304
191305
191306
191307
191308
191309
191310
191311
191312
191313
191314
191315
191316
192257
192258
192259
192260
192261
192262
192263
192264
192265
192266
192267
192268
192269
192270
192271
192272
192273
192274
192275
192276
193217
193218
193219
193220
193221
193222
193223
193224
193225
193226
193227
193228
193229
193230
193231
193232
193233
193234
193235
193236
194177
194178
194179
194180
194181
194182
194183
194184
194185
194186
194187
194188
194189
194190
194191
194192
194193
194194
194195
194196
195137
195138
195139
195140
195141
195142
195143
195144
195145
195146
195147
195148
195149
195150
195151
195152
195153
195154
195155
195156
196097
196098
196099
196100
196101
196102
196103
196104
196105
196106
196107
196108
196109
196110
196111
196112
196113
196114
196115
196116
197057
197058
197059
197060
197061
197062
197063
197064
197065
197066
197067
197068
197069
197070
197071
197072
197073
197074
197075
197076
198017
198018
198019
198020
198021
198022
198023
198024
198025
198026
198027
198028
198029
198030
198031
198032
198033
198034
198035
198036
198977
198978
198979
198980
198981
198982
198983
198984
198985
198986
198987
198988
198989
198990
198991
198992
198993
198994
198995
198996
199937
199938
199939
199940
199941
199942
199943
199944
199945
199946
199947
199948
199949
199950
199951
199952
199953
199954
199955
199956
200897
200898
200899
200900
200901
200902
200903
200904
200905
200906
200907
200908
200909
200910
200911
200912
200913
200914
200915
200916
201857
201858
201859
201860
201861
201862
201863
201864
201865
201866
201867
201868
201869
201870
201871
201872
201873
201874
201875
201876
202817
202818
202819
202820
202821
202822
202823
202824
202825
202826
202827
202828
202829
202830
202831
202832
202833
202834
202835
202836
203777
203778
203779
203780
203781
203782
203783
203784
203785
203786
203787
203788
203789
203790
203791
203792
203793
203794
203795
203796
204737
204738
204739
204740
204741
204742
204743
204744
204745
204746
204747
204748
204749
204750
204751
204752
204753
204754
204755
204756
205697
205698
205699
205700
205701
205702
205703
205704
205705
205706
205707
205708
205709
205710
205711
205712
205713
205714
205715
205716
206657
206658
206659
206660
206661
206662
206663
206664
206665
206666
206667
206668
206669
206670
206671
206672
206673
206674
206675
206676
207617
207618
207619
207620
207621
207622
207623
207624
207625
207626
207627
207628
207629
207630
207631
207632
207633
207634
207635
207636
208577
208578
208579
208580
208581
208582
208583
208584
208585
208586
208587
208588
208589
208590
208591
208592
208593
208594
208595
208596
209537
209538
209539
209540
209541
209542
209543
209544
209545
209546
209547
209548
209549
209550
209551
209552
209553
209554
209555
209556
210497
210498
210499
210500
210501
210502
210503
210504
210505
210506
210507
210508
210509
210510
210511
210512
210513
210514
210515
210516
211457
211458
211459
211460
211461
211462
211463
211464
211465
211466
211467
211468
211469
211470
211471
211472
211473
211474
211475
211476
212417
212418
212419
212420
212421
212422
212423
212424
212425
212426
212427
212428
212429
212430
212431
212432
212433
212434
212435
212436
213376
213377
213378
213379
213380
213381
213382
213383
213384
213385
213386
213387
213388
213389
213390
213391
213392
213393
213394
213395
213396
214336
214337
214338
214339
214340
214341
214342
214343
214344
214345
214346
214347
214348
214349
214350
214351
214352
214353
214354
214355
214356
215296
215297
215298
215299
215300
215301
215302
215303
215304
215305
215306
215307
215308
215309
215310
215311
215312
215313
215314
215315
215316
216256
216257
216258
216259
216260
216261
216262
216263
216264
216265
216266
216267
216268
216269
216270
216271
216272
216273
216274
216275
216276
217216
217217
217218
217219
217220
217221
217222
217223
217224
217225
217226
217227
217228
217229
217230
217231
217232
217233
217234
217235
217236
218176
218177
218178
218179
218180
218181
218182
218183
218184
218185
218186
218187
218188
218189
218190
218191
218192
218193
218194
218195
218196
219136
219137
219138
219139
219140
219141
219142
219143
219144
219145
219146
219147
219148
219149
219150
219151
219152
219153
219154
219155
219156
220096
220097
220098
220099
220100
220101
220102
220103
220104
220105
220106
220107
220108
220109
220110
220111
220112
220113
220114
220115
220116
221056
221057
221058
221059
221060
221061
221062
221063
221064
221065
221066
221067
221068
221069
221070
221071
221072
221073
221074
221075
221076
222016
222017
222018
222019
222020
222021
222022
222023
222024
222025
222026
222027
222028
222029
222030
222031
222032
222033
222034
222035
222036
222976
222977
222978
222979
222980
222981
222982
222983
222984
222985
222986
222987
222988
222989
222990
222991
222992
222993
222994
222995
222996
223936
223937
223938
223939
223940
223941
223942
223943
223944
223945
223946
223947
223948
223949
223950
223951
223952
223953
223954
223955
224896
224897
224898
224899
224900
224901
224902
224903
224904
224905
224906
224907
224908
224909
224910
224911
224912
224913
224914
224915
225856
225857
225858
225859
225860
225861
225862
225863
225864
225865
225866
225867
225868
225869
225870
225871
225872
225873
225874
225875
226816
226817
226818
226819
226820
226821
226822
226823
226824
226825
226826
226827
226828
226829
226830
226831
226832
226833
226834
226835
227776
227777
227778
227779
227780
227781
227782
227783
227784
227785
227786
227787
227788
227789
227790
227791
227792
227793
227794
227795
228736
228737
228738
228739
228740
228741
228742
228743
228744
228745
228746
228747
228748
228749
228750
228751
228752
228753
228754
228755
229696
229697
229698
229699
229700
229701
229702
229703
229704
229705
229706
229707
229708
229709
229710
229711
229712
229713
229714
229715
231194
231195
231196
231197
231198
231199
231200
231201
231202
231203
231204
231205
231206
231207
231208
231209
231210
231211
231212
231213
232154
232155
232156
232157
232158
232159
232160
232161
232162
232163
232164
232165
232166
232167
232168
232169
232170
232171
232172
232173
233114
233115
233116
233117
233118
233119
233120
233121
233122
233123
233124
233125
233126
233127
233128
233129
233130
233131
233132
233133
234074
234075
234076
234077
234078
234079
234080
234081
234082
234083
234084
234085
234086
234087
234088
234089
234090
234091
234092
234093
235034
235035
235036
235037
235038
235039
235040
235041
235042
235043
235044
235045
235046
235047
235048
235049
235050
235051
235052
235053
235994
235995
235996
235997
235998
235999
236000
236001
236002
236003
236004
236005
236006
236007
236008
236009
236010
236011
236012
236013
236954
236955
236956
236957
236958
236959
236960
236961
236962
236963
236964
236965
236966
236967
236968
236969
236970
236971
236972
236973
237914
237915
237916
237917
237918
237919
237920
237921
237922
237923
237924
237925
237926
237927
237928
237929
237930
237931
237932
237933
238874
238875
238876
238877
238878
238879
238880
238881
238882
238883
238884
238885
238886
238887
238888
238889
238890
238891
238892
238893
239834
239835
239836
239837
239838
239839
239840
239841
239842
239843
239844
239845
239846
239847
239848
239849
239850
239851
239852
239853
240794
240795
240796
240797
240798
240799
240800
240801
240802
240803
240804
240805
240806
240807
240808
240809
240810
240811
240812
240813
241754
241755
241756
241757
241758
241759
241760
241761
241762
241763
241764
241765
241766
241767
241768
241769
241770
241771
241772
241773
242714
242715
242716
242717
242718
242719
242720
242721
242722
242723
242724
242725
242726
242727
242728
242729
242730
242731
242732
242733
243674
243675
243676
243677
243678
243679
243680
243681
243682
243683
243684
243685
243686
243687
243688
243689
243690
243691
243692
243693
244634
244635
244636
244637
244638
244639
244640
244641
244642
244643
244644
244645
244646
244647
244648
244649
244650
244651
244652
244653
245594
245595
245596
245597
245598
245599
245600
245601
245602
245603
245604
245605
245606
245607
245608
245609
245610
245611
245612
245613
246554
246555
246556
246557
246558
246559
246560
246561
246562
246563
246564
246565
246566
246567
246568
246569
246570
246571
246572
246573
247514
247515
247516
247517
247518
247519
247520
247521
247522
247523
247524
247525
247526
247527
247528
247529
247530
247531
247532
247533
248474
248475
248476
248477
248478
248479
248480
248481
248482
248483
248484
248485
248486
248487
248488
248489
248490
248491
248492
248493
249434
249435
249436
249437
249438
249439
249440
249441
249442
249443
249444
249445
249446
249447
249448
249449
249450
249451
249452
249453
250394
250395
250396
250397
250398
250399
250400
250401
250402
250403
250404
250405
250406
250407
250408
250409
250410
250411
250412
250413
251354
251355
251356
251357
251358
251359
251360
251361
251362
251363
251364
251365
251366
251367
251368
251369
251370
251371
251372
251373
252314
252315
252316
252317
252318
252319
252320
252321
252322
252323
252324
252325
252326
252327
252328
252329
252330
252331
252332
252333
253274
253275
253276
253277
253278
253279
253280
253281
253282
253283
253284
253285
253286
253287
253288
253289
253290
253291
253292
253293
254234
254235
254236
254237
254238
254239
254240
254241
254242
254243
254244
254245
254246
254247
254248
254249
254250
254251
254252
254253
255194
255195
255196
255197
255198
255199
255200
255201
255202
255203
255204
255205
255206
255207
255208
255209
255210
255211
255212
255213
256154
256155
256156
256157
256158
256159
256160
256161
256162
256163
256164
256165
256166
256167
256168
256169
256170
256171
256172
256173
257114
257115
257116
257117
257118
257119
257120
257121
257122
257123
257124
257125
257126
257127
257128
257129
257130
257131
257132
257133
258074
258075
258076
258077
258078
258079
258080
258081
258082
258083
258084
258085
258086
258087
258088
258089
258090
258091
258092
258093
259034
259035
259036
259037
259038
259039
259040
259041
259042
259043
259044
259045
259046
259047
259048
259049
259050
259051
259052
259053
259994
259995
259996
259997
259998
259999
260000
260001
260002
260003
260004
260005
260006
260007
260008
260009
260010
260011
260012
260013
260954
260955
260956
260957
260958
260959
260960
260961
260962
260963
260964
260965
260966
260967
260968
260969
260970
260971
260972
260973
261914
261915
261916
261917
261918
261919
261920
261921
261922
261923
261924
261925
261926
261927
261928
261929
261930
261931
261932
261933
262874
262875
262876
262877
262878
262879
262880
262881
262882
262883
262884
262885
262886
262887
262888
262889
262890
262891
262892
262893
263834
263835
263836
263837
263838
263839
263840
263841
263842
263843
263844
263845
263846
263847
263848
263849
263850
263851
263852
263853
264794
264795
264796
264797
264798
264799
264800
264801
264802
264803
264804
264805
264806
264807
264808
264809
264810
264811
264812
264813
265754
265755
265756
265757
265758
265759
265760
265761
265762
265763
265764
265765
265766
265767
265768
265769
265770
265771
265772
265773
266714
266715
266716
266717
266718
266719
266720
266721
266722
266723
266724
266725
266726
266727
266728
266729
266730
266731
266732
266733
267674
267675
267676
267677
267678
267679
267680
267681
267682
267683
267684
267685
267686
267687
267688
267689
267690
267691
267692
267693
268634
268635
268636
268637
268638
268639
268640
268641
268642
268643
268644
268645
268646
268647
268648
268649
268650
268651
268652
268653
269594
269595
269596
269597
269598
269599
269600
269601
269602
269603
269604
269605
269606
269607
269608
269609
269610
269611
269612
269613
270554
270555
270556
270557
270558
270559
270560
270561
270562
270563
270564
270565
270566
270567
270568
270569
270570
270571
270572
270573
271514
271515
271516
271517
271518
271519
271520
271521
271522
271523
271524
271525
271526
271527
271528
271529
271530
271531
271532
271533
272474
272475
272476
272477
272478
272479
272480
272481
272482
272483
272484
272485
272486
272487
272488
272489
272490
272491
272492
272493
273434
273435
273436
273437
273438
273439
273440
273441
273442
273443
273444
273445
273446
273447
273448
273449
273450
273451
273452
273453
274394
274395
274396
274397
274398
274399
274400
274401
274402
274403
274404
274405
274406
274407
274408
274409
274410
274411
274412
274413
275354
275355
275356
275357
275358
275359
275360
275361
275362
275363
275364
275365
275366
275367
275368
275369
275370
275371
275372
275373
276314
276315
276316
276317
276318
276319
276320
276321
276322
276323
276324
276325
276326
276327
276328
276329
276330
276331
276332
276333
277274
277275
277276
277277
277278
277279
277280
277281
277282
277283
277284
277285
277286
277287
277288
277289
277290
277291
277292
277293
278234
278235
278236
278237
278238
278239
278240
278241
278242
278243
278244
278245
278246
278247
278248
278249
278250
278251
278252
278253
279194
279195
279196
279197
279198
279199
279200
279201
279202
279203
279204
279205
279206
279207
279208
279209
279210
279211
279212
279213
280154
280155
280156
280157
280158
280159
280160
280161
280162
280163
280164
280165
280166
280167
280168
280169
280170
280171
280172
280173
281114
281115
281116
281117
281118
281119
281120
281121
281122
281123
281124
281125
281126
281127
281128
281129
281130
281131
281132
281133
282074
282075
282076
282077
282078
282079
282080
282081
282082
282083
282084
282085
282086
282087
282088
282089
282090
282091
282092
282093
283034
283035
283036
283037
283038
283039
283040
283041
283042
283043
283044
283045
283046
283047
283048
283049
283050
283051
283052
283053
283994
283995
283996
283997
283998
283999
284000
284001
284002
284003
284004
284005
284006
284007
284008
284009
284010
284011
284012
284013
284954
284955
284956
284957
284958
284959
284960
284961
284962
284963
284964
284965
284966
284967
284968
284969
284970
284971
284972
284973
285914
285915
285916
285917
285918
285919
285920
285921
285922
285923
285924
285925
285926
285927
285928
285929
285930
285931
285932
285933
286874
286875
286876
286877
286878
286879
286880
286881
286882
286883
286884
286885
286886
286887
286888
286889
286890
286891
286892
286893
287834
287835
287836
287837
287838
287839
287840
287841
287842
287843
287844
287845
287846
287847
287848
287849
287850
287851
287852
287853
288794
288795
288796
288797
288798
288799
288800
288801
288802
288803
288804
288805
288806
288807
288808
288809
288810
288811
288812
288813
289754
289755
289756
289757
289758
289759
289760
289761
289762
289763
289764
289765
289766
289767
289768
289769
289770
289771
289772
289773
290713
290714
290715
290716
290717
290718
290719
290720
290721
290722
290723
290724
290725
290726
290727
290728
290729
290730
290731
290732
290733
291673
291674
291675
291676
291677
291678
291679
291680
291681
291682
291683
291684
291685
291686
291687
291688
291689
291690
291691
291692
291693
292633
292634
292635
292636
292637
292638
292639
292640
292641
292642
292643
292644
292645
292646
292647
292648
292649
292650
292651
292652
292653
293593
293594
293595
293596
293597
293598
293599
293600
293601
293602
293603
293604
293605
293606
293607
293608
293609
293610
293611
293612
293613
294553
294554
294555
294556
294557
294558
294559
294560
294561
294562
294563
294564
294565
294566
294567
294568
294569
294570
294571
294572
294573
295513
295514
295515
295516
295517
295518
295519
295520
295521
295522
295523
295524
295525
295526
295527
295528
295529
295530
295531
295532
295533
296473
296474
296475
296476
296477
296478
296479
296480
296481
296482
296483
296484
296485
296486
296487
296488
296489
296490
296491
296492
296493
297433
297434
297435
297436
297437
297438
297439
297440
297441
297442
297443
297444
297445
297446
297447
297448
297449
297450
297451
297452
297453
298393
298394
298395
298396
298397
298398
298399
298400
298401
298402
298403
298404
298405
298406
298407
298408
298409
298410
298411
298412
298413
299353
299354
299355
299356
299357
299358
299359
299360
299361
299362
299363
299364
299365
299366
299367
299368
299369
299370
299371
299372
299373
300313
300314
300315
300316
300317
300318
300319
300320
300321
300322
300323
300324
300325
300326
300327
300328
300329
300330
300331
300332
300333
301273
301274
301275
301276
301277
301278
301279
301280
301281
301282
301283
301284
301285
301286
301287
301288
301289
301290
301291
301292
302233
302234
302235
302236
302237
302238
302239
302240
302241
302242
302243
302244
302245
302246
302247
302248
302249
302250
302251
302252
303193
303194
303195
303196
303197
303198
303199
303200
303201
303202
303203
303204
303205
303206
303207
303208
303209
303210
303211
303212
304153
304154
304155
304156
304157
304158
304159
304160
304161
304162
304163
304164
304165
304166
304167
304168
304169
304170
304171
304172
305113
305114
305115
305116
305117
305118
305119
305120
305121
305122
305123
305124
305125
305126
305127
305128
305129
305130
305131
305132
306073
306074
306075
306076
306077
306078
306079
306080
306081
306082
306083
306084
306085
306086
306087
306088
306089
306090
306091
306092
307033
307034
307035
307036
307037
307038
307039
307040
307041
307042
307043
307044
307045
307046
307047
307048
307049
307050
307051
307052
308690
308691
308692
308693
308694
308695
308696
308697
308698
308699
308700
308701
308702
308703
308704
308705
308706
308707
308708
308709
-390
-2310
-4230
-6150
-8070
-9990
-11910
-13829
-15748
-17667
-19586
-21505
-23424
-25343
-27262
-29181
-31100
-33019
-34938
-36857
-38776
-40695
-42614
-44533
-46452
-48371
-50290
-52209
-54128
-56047
-57966
-59885
-61804
-63723
-65642
-67561
-69480
-71399
-73318
-75238
-77158
-79078
-80998
-82918
-84838
-86758
-88678
-90598
-92517
-94436
-96355
-98274
-100193
-102112
-104031
-105950
-107869
-109788
-111707
-113626
-115545
-117464
-117465
-119381
-121300
-123219
-125138
-127057
-128976
-130895
-132814
-134733
-136652
-138571
-140490
-142409
-144328
-146247
-148166
-150085
-151811
430
2350
4270
6190
8110
10030
11950
13869
15788
17707
19626
21545
23464
25383
27302
29221
31140
33059
34978
36897
38816
40735
42654
44573
46492
48411
50330
52249
54168
56087
58006
59925
61844
63763
65682
67601
69520
71439
73358
75278
77198
79118
81038
82958
84878
86798
88718
90638
92557
94476
96395
98314
100233
102152
104071
105990
107909
109828
111747
113666
115585
117504
119423
121342
123261
125180
127099
129018
130937
132856
134775
136694
138613
138614
140530
142449
144368
146287
148206
150125
151831
)


// ************************************************************************* //
