/*--------------------------------*- C++ -*----------------------------------*\
| =========                 |                                                 |
| \\      /  F ield         | OpenFOAM: The Open Source CFD Toolbox           |
|  \\    /   O peration     | Version:  2.3.0                                 |
|   \\  /    A nd           | Web:      www.OpenFOAM.org                      |
|    \\/     M anipulation  |                                                 |
\*---------------------------------------------------------------------------*/
FoamFile
{
    version     2.0;
    format      ascii;
    class       labelList;
    location    "constant/polyMesh";
    object      pointProcAddressing;
}
// * * * * * * * * * * * * * * * * * * * * * * * * * * * * * * * * * * * * * //


3405
(
195
196
197
198
199
200
201
202
203
204
205
206
207
208
209
210
211
212
213
214
215
1156
1157
1158
1159
1160
1161
1162
1163
1164
1165
1166
1167
1168
1169
1170
1171
1172
1173
1174
1175
1176
2117
2118
2119
2120
2121
2122
2123
2124
2125
2126
2127
2128
2129
2130
2131
2132
2133
2134
2135
2136
2137
3078
3079
3080
3081
3082
3083
3084
3085
3086
3087
3088
3089
3090
3091
3092
3093
3094
3095
3096
3097
3098
4039
4040
4041
4042
4043
4044
4045
4046
4047
4048
4049
4050
4051
4052
4053
4054
4055
4056
4057
4058
4059
5000
5001
5002
5003
5004
5005
5006
5007
5008
5009
5010
5011
5012
5013
5014
5015
5016
5017
5018
5019
5020
5961
5962
5963
5964
5965
5966
5967
5968
5969
5970
5971
5972
5973
5974
5975
5976
5977
5978
5979
5980
5981
6922
6923
6924
6925
6926
6927
6928
6929
6930
6931
6932
6933
6934
6935
6936
6937
6938
6939
6940
6941
6942
7883
7884
7885
7886
7887
7888
7889
7890
7891
7892
7893
7894
7895
7896
7897
7898
7899
7900
7901
7902
7903
8844
8845
8846
8847
8848
8849
8850
8851
8852
8853
8854
8855
8856
8857
8858
8859
8860
8861
8862
8863
8864
9805
9806
9807
9808
9809
9810
9811
9812
9813
9814
9815
9816
9817
9818
9819
9820
9821
9822
9823
9824
9825
10766
10767
10768
10769
10770
10771
10772
10773
10774
10775
10776
10777
10778
10779
10780
10781
10782
10783
10784
10785
10786
11727
11728
11729
11730
11731
11732
11733
11734
11735
11736
11737
11738
11739
11740
11741
11742
11743
11744
11745
11746
11747
12688
12689
12690
12691
12692
12693
12694
12695
12696
12697
12698
12699
12700
12701
12702
12703
12704
12705
12706
12707
12708
13649
13650
13651
13652
13653
13654
13655
13656
13657
13658
13659
13660
13661
13662
13663
13664
13665
13666
13667
13668
13669
14610
14611
14612
14613
14614
14615
14616
14617
14618
14619
14620
14621
14622
14623
14624
14625
14626
14627
14628
14629
14630
15571
15572
15573
15574
15575
15576
15577
15578
15579
15580
15581
15582
15583
15584
15585
15586
15587
15588
15589
15590
15591
16532
16533
16534
16535
16536
16537
16538
16539
16540
16541
16542
16543
16544
16545
16546
16547
16548
16549
16550
16551
16552
17493
17494
17495
17496
17497
17498
17499
17500
17501
17502
17503
17504
17505
17506
17507
17508
17509
17510
17511
17512
17513
18454
18455
18456
18457
18458
18459
18460
18461
18462
18463
18464
18465
18466
18467
18468
18469
18470
18471
18472
18473
18474
19415
19416
19417
19418
19419
19420
19421
19422
19423
19424
19425
19426
19427
19428
19429
19430
19431
19432
19433
19434
19435
20376
20377
20378
20379
20380
20381
20382
20383
20384
20385
20386
20387
20388
20389
20390
20391
20392
20393
20394
20395
20396
21337
21338
21339
21340
21341
21342
21343
21344
21345
21346
21347
21348
21349
21350
21351
21352
21353
21354
21355
21356
21357
22298
22299
22300
22301
22302
22303
22304
22305
22306
22307
22308
22309
22310
22311
22312
22313
22314
22315
22316
22317
22318
23259
23260
23261
23262
23263
23264
23265
23266
23267
23268
23269
23270
23271
23272
23273
23274
23275
23276
23277
23278
23279
24220
24221
24222
24223
24224
24225
24226
24227
24228
24229
24230
24231
24232
24233
24234
24235
24236
24237
24238
24239
24240
25181
25182
25183
25184
25185
25186
25187
25188
25189
25190
25191
25192
25193
25194
25195
25196
25197
25198
25199
25200
25201
26142
26143
26144
26145
26146
26147
26148
26149
26150
26151
26152
26153
26154
26155
26156
26157
26158
26159
26160
26161
26162
27103
27104
27105
27106
27107
27108
27109
27110
27111
27112
27113
27114
27115
27116
27117
27118
27119
27120
27121
27122
27123
28064
28065
28066
28067
28068
28069
28070
28071
28072
28073
28074
28075
28076
28077
28078
28079
28080
28081
28082
28083
28084
29025
29026
29027
29028
29029
29030
29031
29032
29033
29034
29035
29036
29037
29038
29039
29040
29041
29042
29043
29044
29045
29986
29987
29988
29989
29990
29991
29992
29993
29994
29995
29996
29997
29998
29999
30000
30001
30002
30003
30004
30005
30006
30947
30948
30949
30950
30951
30952
30953
30954
30955
30956
30957
30958
30959
30960
30961
30962
30963
30964
30965
30966
30967
31908
31909
31910
31911
31912
31913
31914
31915
31916
31917
31918
31919
31920
31921
31922
31923
31924
31925
31926
31927
31928
32869
32870
32871
32872
32873
32874
32875
32876
32877
32878
32879
32880
32881
32882
32883
32884
32885
32886
32887
32888
32889
33830
33831
33832
33833
33834
33835
33836
33837
33838
33839
33840
33841
33842
33843
33844
33845
33846
33847
33848
33849
33850
34791
34792
34793
34794
34795
34796
34797
34798
34799
34800
34801
34802
34803
34804
34805
34806
34807
34808
34809
34810
34811
35752
35753
35754
35755
35756
35757
35758
35759
35760
35761
35762
35763
35764
35765
35766
35767
35768
35769
35770
35771
35772
36713
36714
36715
36716
36717
36718
36719
36720
36721
36722
36723
36724
36725
36726
36727
36728
36729
36730
36731
36732
36733
37674
37675
37676
37677
37678
37679
37680
37681
37682
37683
37684
37685
37686
37687
37688
37689
37690
37691
37692
37693
37694
38635
38636
38637
38638
38639
38640
38641
38642
38643
38644
38645
38646
38647
38648
38649
38650
38651
38652
38653
38654
38655
39596
39597
39598
39599
39600
39601
39602
39603
39604
39605
39606
39607
39608
39609
39610
39611
39612
39613
39614
39615
39616
40557
40558
40559
40560
40561
40562
40563
40564
40565
40566
40567
40568
40569
40570
40571
40572
40573
40574
40575
40576
40577
41518
41519
41520
41521
41522
41523
41524
41525
41526
41527
41528
41529
41530
41531
41532
41533
41534
41535
41536
41537
41538
42479
42480
42481
42482
42483
42484
42485
42486
42487
42488
42489
42490
42491
42492
42493
42494
42495
42496
42497
42498
42499
43440
43441
43442
43443
43444
43445
43446
43447
43448
43449
43450
43451
43452
43453
43454
43455
43456
43457
43458
43459
43460
44401
44402
44403
44404
44405
44406
44407
44408
44409
44410
44411
44412
44413
44414
44415
44416
44417
44418
44419
44420
44421
45362
45363
45364
45365
45366
45367
45368
45369
45370
45371
45372
45373
45374
45375
45376
45377
45378
45379
45380
45381
45382
46323
46324
46325
46326
46327
46328
46329
46330
46331
46332
46333
46334
46335
46336
46337
46338
46339
46340
46341
46342
46343
47284
47285
47286
47287
47288
47289
47290
47291
47292
47293
47294
47295
47296
47297
47298
47299
47300
47301
47302
47303
47304
48245
48246
48247
48248
48249
48250
48251
48252
48253
48254
48255
48256
48257
48258
48259
48260
48261
48262
48263
48264
48265
49206
49207
49208
49209
49210
49211
49212
49213
49214
49215
49216
49217
49218
49219
49220
49221
49222
49223
49224
49225
49226
50167
50168
50169
50170
50171
50172
50173
50174
50175
50176
50177
50178
50179
50180
50181
50182
50183
50184
50185
50186
50187
51128
51129
51130
51131
51132
51133
51134
51135
51136
51137
51138
51139
51140
51141
51142
51143
51144
51145
51146
51147
51148
52089
52090
52091
52092
52093
52094
52095
52096
52097
52098
52099
52100
52101
52102
52103
52104
52105
52106
52107
52108
52109
53050
53051
53052
53053
53054
53055
53056
53057
53058
53059
53060
53061
53062
53063
53064
53065
53066
53067
53068
53069
53070
54011
54012
54013
54014
54015
54016
54017
54018
54019
54020
54021
54022
54023
54024
54025
54026
54027
54028
54029
54030
54031
54972
54973
54974
54975
54976
54977
54978
54979
54980
54981
54982
54983
54984
54985
54986
54987
54988
54989
54990
54991
54992
55933
55934
55935
55936
55937
55938
55939
55940
55941
55942
55943
55944
55945
55946
55947
55948
55949
55950
55951
55952
55953
56894
56895
56896
56897
56898
56899
56900
56901
56902
56903
56904
56905
56906
56907
56908
56909
56910
56911
56912
56913
56914
57855
57856
57857
57858
57859
57860
57861
57862
57863
57864
57865
57866
57867
57868
57869
57870
57871
57872
57873
57874
57875
58815
58816
58817
58818
58819
58820
58821
58822
58823
58824
58825
58826
58827
58828
58829
58830
58831
58832
58833
58834
58835
58836
59776
59777
59778
59779
59780
59781
59782
59783
59784
59785
59786
59787
59788
59789
59790
59791
59792
59793
59794
59795
59796
59797
60737
60738
60739
60740
60741
60742
60743
60744
60745
60746
60747
60748
60749
60750
60751
60752
60753
60754
60755
60756
60757
60758
61698
61699
61700
61701
61702
61703
61704
61705
61706
61707
61708
61709
61710
61711
61712
61713
61714
61715
61716
61717
61718
61719
62659
62660
62661
62662
62663
62664
62665
62666
62667
62668
62669
62670
62671
62672
62673
62674
62675
62676
62677
62678
62679
62680
63620
63621
63622
63623
63624
63625
63626
63627
63628
63629
63630
63631
63632
63633
63634
63635
63636
63637
63638
63639
63640
63641
64581
64582
64583
64584
64585
64586
64587
64588
64589
64590
64591
64592
64593
64594
64595
64596
64597
64598
64599
64600
64601
64602
65542
65543
65544
65545
65546
65547
65548
65549
65550
65551
65552
65553
65554
65555
65556
65557
65558
65559
65560
65561
65562
65563
66503
66504
66505
66506
66507
66508
66509
66510
66511
66512
66513
66514
66515
66516
66517
66518
66519
66520
66521
66522
66523
66524
67464
67465
67466
67467
67468
67469
67470
67471
67472
67473
67474
67475
67476
67477
67478
67479
67480
67481
67482
67483
67484
67485
68425
68426
68427
68428
68429
68430
68431
68432
68433
68434
68435
68436
68437
68438
68439
68440
68441
68442
68443
68444
68445
68446
69386
69387
69388
69389
69390
69391
69392
69393
69394
69395
69396
69397
69398
69399
69400
69401
69402
69403
69404
69405
69406
69407
70347
70348
70349
70350
70351
70352
70353
70354
70355
70356
70357
70358
70359
70360
70361
70362
70363
70364
70365
70366
70367
71308
71309
71310
71311
71312
71313
71314
71315
71316
71317
71318
71319
71320
71321
71322
71323
71324
71325
71326
71327
71328
72269
72270
72271
72272
72273
72274
72275
72276
72277
72278
72279
72280
72281
72282
72283
72284
72285
72286
72287
72288
72289
73230
73231
73232
73233
73234
73235
73236
73237
73238
73239
73240
73241
73242
73243
73244
73245
73246
73247
73248
73249
73250
74191
74192
74193
74194
74195
74196
74197
74198
74199
74200
74201
74202
74203
74204
74205
74206
74207
74208
74209
74210
74211
75152
75153
75154
75155
75156
75157
75158
75159
75160
75161
75162
75163
75164
75165
75166
75167
75168
75169
75170
75171
75172
76113
76114
76115
76116
76117
76118
76119
76120
76121
76122
76123
76124
76125
76126
76127
76128
76129
76130
76131
76132
76133
77639
77640
77641
77642
77643
77644
77645
77646
77647
77648
77649
77650
77651
77652
77653
77654
77655
77656
77657
77658
77659
78600
78601
78602
78603
78604
78605
78606
78607
78608
78609
78610
78611
78612
78613
78614
78615
78616
78617
78618
78619
78620
79561
79562
79563
79564
79565
79566
79567
79568
79569
79570
79571
79572
79573
79574
79575
79576
79577
79578
79579
79580
79581
80522
80523
80524
80525
80526
80527
80528
80529
80530
80531
80532
80533
80534
80535
80536
80537
80538
80539
80540
80541
80542
81483
81484
81485
81486
81487
81488
81489
81490
81491
81492
81493
81494
81495
81496
81497
81498
81499
81500
81501
81502
81503
82444
82445
82446
82447
82448
82449
82450
82451
82452
82453
82454
82455
82456
82457
82458
82459
82460
82461
82462
82463
82464
83405
83406
83407
83408
83409
83410
83411
83412
83413
83414
83415
83416
83417
83418
83419
83420
83421
83422
83423
83424
83425
84366
84367
84368
84369
84370
84371
84372
84373
84374
84375
84376
84377
84378
84379
84380
84381
84382
84383
84384
84385
84386
85327
85328
85329
85330
85331
85332
85333
85334
85335
85336
85337
85338
85339
85340
85341
85342
85343
85344
85345
85346
85347
86288
86289
86290
86291
86292
86293
86294
86295
86296
86297
86298
86299
86300
86301
86302
86303
86304
86305
86306
86307
86308
87249
87250
87251
87252
87253
87254
87255
87256
87257
87258
87259
87260
87261
87262
87263
87264
87265
87266
87267
87268
87269
88210
88211
88212
88213
88214
88215
88216
88217
88218
88219
88220
88221
88222
88223
88224
88225
88226
88227
88228
88229
88230
89171
89172
89173
89174
89175
89176
89177
89178
89179
89180
89181
89182
89183
89184
89185
89186
89187
89188
89189
89190
89191
90132
90133
90134
90135
90136
90137
90138
90139
90140
90141
90142
90143
90144
90145
90146
90147
90148
90149
90150
90151
90152
91093
91094
91095
91096
91097
91098
91099
91100
91101
91102
91103
91104
91105
91106
91107
91108
91109
91110
91111
91112
91113
92054
92055
92056
92057
92058
92059
92060
92061
92062
92063
92064
92065
92066
92067
92068
92069
92070
92071
92072
92073
92074
93015
93016
93017
93018
93019
93020
93021
93022
93023
93024
93025
93026
93027
93028
93029
93030
93031
93032
93033
93034
93035
93976
93977
93978
93979
93980
93981
93982
93983
93984
93985
93986
93987
93988
93989
93990
93991
93992
93993
93994
93995
93996
94937
94938
94939
94940
94941
94942
94943
94944
94945
94946
94947
94948
94949
94950
94951
94952
94953
94954
94955
94956
94957
95898
95899
95900
95901
95902
95903
95904
95905
95906
95907
95908
95909
95910
95911
95912
95913
95914
95915
95916
95917
95918
96859
96860
96861
96862
96863
96864
96865
96866
96867
96868
96869
96870
96871
96872
96873
96874
96875
96876
96877
96878
96879
97820
97821
97822
97823
97824
97825
97826
97827
97828
97829
97830
97831
97832
97833
97834
97835
97836
97837
97838
97839
97840
98781
98782
98783
98784
98785
98786
98787
98788
98789
98790
98791
98792
98793
98794
98795
98796
98797
98798
98799
98800
98801
99742
99743
99744
99745
99746
99747
99748
99749
99750
99751
99752
99753
99754
99755
99756
99757
99758
99759
99760
99761
99762
100703
100704
100705
100706
100707
100708
100709
100710
100711
100712
100713
100714
100715
100716
100717
100718
100719
100720
100721
100722
100723
101664
101665
101666
101667
101668
101669
101670
101671
101672
101673
101674
101675
101676
101677
101678
101679
101680
101681
101682
101683
101684
102625
102626
102627
102628
102629
102630
102631
102632
102633
102634
102635
102636
102637
102638
102639
102640
102641
102642
102643
102644
102645
103586
103587
103588
103589
103590
103591
103592
103593
103594
103595
103596
103597
103598
103599
103600
103601
103602
103603
103604
103605
103606
104547
104548
104549
104550
104551
104552
104553
104554
104555
104556
104557
104558
104559
104560
104561
104562
104563
104564
104565
104566
104567
105508
105509
105510
105511
105512
105513
105514
105515
105516
105517
105518
105519
105520
105521
105522
105523
105524
105525
105526
105527
105528
106469
106470
106471
106472
106473
106474
106475
106476
106477
106478
106479
106480
106481
106482
106483
106484
106485
106486
106487
106488
106489
107430
107431
107432
107433
107434
107435
107436
107437
107438
107439
107440
107441
107442
107443
107444
107445
107446
107447
107448
107449
107450
108391
108392
108393
108394
108395
108396
108397
108398
108399
108400
108401
108402
108403
108404
108405
108406
108407
108408
108409
108410
108411
109352
109353
109354
109355
109356
109357
109358
109359
109360
109361
109362
109363
109364
109365
109366
109367
109368
109369
109370
109371
109372
110313
110314
110315
110316
110317
110318
110319
110320
110321
110322
110323
110324
110325
110326
110327
110328
110329
110330
110331
110332
110333
111274
111275
111276
111277
111278
111279
111280
111281
111282
111283
111284
111285
111286
111287
111288
111289
111290
111291
111292
111293
111294
112235
112236
112237
112238
112239
112240
112241
112242
112243
112244
112245
112246
112247
112248
112249
112250
112251
112252
112253
112254
112255
113196
113197
113198
113199
113200
113201
113202
113203
113204
113205
113206
113207
113208
113209
113210
113211
113212
113213
113214
113215
113216
114157
114158
114159
114160
114161
114162
114163
114164
114165
114166
114167
114168
114169
114170
114171
114172
114173
114174
114175
114176
114177
115118
115119
115120
115121
115122
115123
115124
115125
115126
115127
115128
115129
115130
115131
115132
115133
115134
115135
115136
115137
115138
116079
116080
116081
116082
116083
116084
116085
116086
116087
116088
116089
116090
116091
116092
116093
116094
116095
116096
116097
116098
116099
117040
117041
117042
117043
117044
117045
117046
117047
117048
117049
117050
117051
117052
117053
117054
117055
117056
117057
117058
117059
117060
118001
118002
118003
118004
118005
118006
118007
118008
118009
118010
118011
118012
118013
118014
118015
118016
118017
118018
118019
118020
118021
118962
118963
118964
118965
118966
118967
118968
118969
118970
118971
118972
118973
118974
118975
118976
118977
118978
118979
118980
118981
118982
119923
119924
119925
119926
119927
119928
119929
119930
119931
119932
119933
119934
119935
119936
119937
119938
119939
119940
119941
119942
119943
120884
120885
120886
120887
120888
120889
120890
120891
120892
120893
120894
120895
120896
120897
120898
120899
120900
120901
120902
120903
120904
121845
121846
121847
121848
121849
121850
121851
121852
121853
121854
121855
121856
121857
121858
121859
121860
121861
121862
121863
121864
121865
122806
122807
122808
122809
122810
122811
122812
122813
122814
122815
122816
122817
122818
122819
122820
122821
122822
122823
122824
122825
122826
123767
123768
123769
123770
123771
123772
123773
123774
123775
123776
123777
123778
123779
123780
123781
123782
123783
123784
123785
123786
123787
124728
124729
124730
124731
124732
124733
124734
124735
124736
124737
124738
124739
124740
124741
124742
124743
124744
124745
124746
124747
124748
125689
125690
125691
125692
125693
125694
125695
125696
125697
125698
125699
125700
125701
125702
125703
125704
125705
125706
125707
125708
125709
126650
126651
126652
126653
126654
126655
126656
126657
126658
126659
126660
126661
126662
126663
126664
126665
126666
126667
126668
126669
126670
127611
127612
127613
127614
127615
127616
127617
127618
127619
127620
127621
127622
127623
127624
127625
127626
127627
127628
127629
127630
127631
128572
128573
128574
128575
128576
128577
128578
128579
128580
128581
128582
128583
128584
128585
128586
128587
128588
128589
128590
128591
128592
129533
129534
129535
129536
129537
129538
129539
129540
129541
129542
129543
129544
129545
129546
129547
129548
129549
129550
129551
129552
129553
130494
130495
130496
130497
130498
130499
130500
130501
130502
130503
130504
130505
130506
130507
130508
130509
130510
130511
130512
130513
130514
131455
131456
131457
131458
131459
131460
131461
131462
131463
131464
131465
131466
131467
131468
131469
131470
131471
131472
131473
131474
131475
132416
132417
132418
132419
132420
132421
132422
132423
132424
132425
132426
132427
132428
132429
132430
132431
132432
132433
132434
132435
132436
133377
133378
133379
133380
133381
133382
133383
133384
133385
133386
133387
133388
133389
133390
133391
133392
133393
133394
133395
133396
133397
134338
134339
134340
134341
134342
134343
134344
134345
134346
134347
134348
134349
134350
134351
134352
134353
134354
134355
134356
134357
134358
135299
135300
135301
135302
135303
135304
135305
135306
135307
135308
135309
135310
135311
135312
135313
135314
135315
135316
135317
135318
135319
136259
136260
136261
136262
136263
136264
136265
136266
136267
136268
136269
136270
136271
136272
136273
136274
136275
136276
136277
136278
136279
136280
137220
137221
137222
137223
137224
137225
137226
137227
137228
137229
137230
137231
137232
137233
137234
137235
137236
137237
137238
137239
137240
137241
138181
138182
138183
138184
138185
138186
138187
138188
138189
138190
138191
138192
138193
138194
138195
138196
138197
138198
138199
138200
138201
138202
139142
139143
139144
139145
139146
139147
139148
139149
139150
139151
139152
139153
139154
139155
139156
139157
139158
139159
139160
139161
139162
139163
140103
140104
140105
140106
140107
140108
140109
140110
140111
140112
140113
140114
140115
140116
140117
140118
140119
140120
140121
140122
140123
140124
141064
141065
141066
141067
141068
141069
141070
141071
141072
141073
141074
141075
141076
141077
141078
141079
141080
141081
141082
141083
141084
141085
142025
142026
142027
142028
142029
142030
142031
142032
142033
142034
142035
142036
142037
142038
142039
142040
142041
142042
142043
142044
142045
142046
142986
142987
142988
142989
142990
142991
142992
142993
142994
142995
142996
142997
142998
142999
143000
143001
143002
143003
143004
143005
143006
143007
143947
143948
143949
143950
143951
143952
143953
143954
143955
143956
143957
143958
143959
143960
143961
143962
143963
143964
143965
143966
143967
143968
144908
144909
144910
144911
144912
144913
144914
144915
144916
144917
144918
144919
144920
144921
144922
144923
144924
144925
144926
144927
144928
144929
145869
145870
145871
145872
145873
145874
145875
145876
145877
145878
145879
145880
145881
145882
145883
145884
145885
145886
145887
145888
145889
145890
146830
146831
146832
146833
146834
146835
146836
146837
146838
146839
146840
146841
146842
146843
146844
146845
146846
146847
146848
146849
146850
146851
147791
147792
147793
147794
147795
147796
147797
147798
147799
147800
147801
147802
147803
147804
147805
147806
147807
147808
147809
147810
147811
148752
148753
148754
148755
148756
148757
148758
148759
148760
148761
148762
148763
148764
148765
148766
148767
148768
148769
148770
148771
148772
149713
149714
149715
149716
149717
149718
149719
149720
149721
149722
149723
149724
149725
149726
149727
149728
149729
149730
149731
149732
149733
150674
150675
150676
150677
150678
150679
150680
150681
150682
150683
150684
150685
150686
150687
150688
150689
150690
150691
150692
150693
150694
151635
151636
151637
151638
151639
151640
151641
151642
151643
151644
151645
151646
151647
151648
151649
151650
151651
151652
151653
151654
151655
152596
152597
152598
152599
152600
152601
152602
152603
152604
152605
152606
152607
152608
152609
152610
152611
152612
152613
152614
152615
152616
153557
153558
153559
153560
153561
153562
153563
153564
153565
153566
153567
153568
153569
153570
153571
153572
153573
153574
153575
153576
153577
155125
155126
155127
155128
155129
155130
155131
155132
155133
155134
155135
155136
155137
155138
155139
155140
155141
155142
155143
155144
155145
)


// ************************************************************************* //
