/*--------------------------------*- C++ -*----------------------------------*\
| =========                 |                                                 |
| \\      /  F ield         | OpenFOAM: The Open Source CFD Toolbox           |
|  \\    /   O peration     | Version:  2.3.0                                 |
|   \\  /    A nd           | Web:      www.OpenFOAM.org                      |
|    \\/     M anipulation  |                                                 |
\*---------------------------------------------------------------------------*/
FoamFile
{
    version     2.0;
    format      ascii;
    class       labelList;
    location    "constant/polyMesh";
    object      pointProcAddressing;
}
// * * * * * * * * * * * * * * * * * * * * * * * * * * * * * * * * * * * * * //


3407
(
14
15
16
17
18
19
20
21
22
23
24
25
26
27
28
29
30
31
32
33
34
975
976
977
978
979
980
981
982
983
984
985
986
987
988
989
990
991
992
993
994
995
1936
1937
1938
1939
1940
1941
1942
1943
1944
1945
1946
1947
1948
1949
1950
1951
1952
1953
1954
1955
1956
2897
2898
2899
2900
2901
2902
2903
2904
2905
2906
2907
2908
2909
2910
2911
2912
2913
2914
2915
2916
2917
3858
3859
3860
3861
3862
3863
3864
3865
3866
3867
3868
3869
3870
3871
3872
3873
3874
3875
3876
3877
3878
4819
4820
4821
4822
4823
4824
4825
4826
4827
4828
4829
4830
4831
4832
4833
4834
4835
4836
4837
4838
4839
5780
5781
5782
5783
5784
5785
5786
5787
5788
5789
5790
5791
5792
5793
5794
5795
5796
5797
5798
5799
5800
6741
6742
6743
6744
6745
6746
6747
6748
6749
6750
6751
6752
6753
6754
6755
6756
6757
6758
6759
6760
6761
7702
7703
7704
7705
7706
7707
7708
7709
7710
7711
7712
7713
7714
7715
7716
7717
7718
7719
7720
7721
7722
8663
8664
8665
8666
8667
8668
8669
8670
8671
8672
8673
8674
8675
8676
8677
8678
8679
8680
8681
8682
8683
9624
9625
9626
9627
9628
9629
9630
9631
9632
9633
9634
9635
9636
9637
9638
9639
9640
9641
9642
9643
9644
10585
10586
10587
10588
10589
10590
10591
10592
10593
10594
10595
10596
10597
10598
10599
10600
10601
10602
10603
10604
10605
11546
11547
11548
11549
11550
11551
11552
11553
11554
11555
11556
11557
11558
11559
11560
11561
11562
11563
11564
11565
11566
12507
12508
12509
12510
12511
12512
12513
12514
12515
12516
12517
12518
12519
12520
12521
12522
12523
12524
12525
12526
12527
13468
13469
13470
13471
13472
13473
13474
13475
13476
13477
13478
13479
13480
13481
13482
13483
13484
13485
13486
13487
13488
14429
14430
14431
14432
14433
14434
14435
14436
14437
14438
14439
14440
14441
14442
14443
14444
14445
14446
14447
14448
14449
15390
15391
15392
15393
15394
15395
15396
15397
15398
15399
15400
15401
15402
15403
15404
15405
15406
15407
15408
15409
15410
16351
16352
16353
16354
16355
16356
16357
16358
16359
16360
16361
16362
16363
16364
16365
16366
16367
16368
16369
16370
16371
17312
17313
17314
17315
17316
17317
17318
17319
17320
17321
17322
17323
17324
17325
17326
17327
17328
17329
17330
17331
17332
18273
18274
18275
18276
18277
18278
18279
18280
18281
18282
18283
18284
18285
18286
18287
18288
18289
18290
18291
18292
18293
19234
19235
19236
19237
19238
19239
19240
19241
19242
19243
19244
19245
19246
19247
19248
19249
19250
19251
19252
19253
19254
20195
20196
20197
20198
20199
20200
20201
20202
20203
20204
20205
20206
20207
20208
20209
20210
20211
20212
20213
20214
20215
21156
21157
21158
21159
21160
21161
21162
21163
21164
21165
21166
21167
21168
21169
21170
21171
21172
21173
21174
21175
21176
22117
22118
22119
22120
22121
22122
22123
22124
22125
22126
22127
22128
22129
22130
22131
22132
22133
22134
22135
22136
22137
23078
23079
23080
23081
23082
23083
23084
23085
23086
23087
23088
23089
23090
23091
23092
23093
23094
23095
23096
23097
23098
24039
24040
24041
24042
24043
24044
24045
24046
24047
24048
24049
24050
24051
24052
24053
24054
24055
24056
24057
24058
24059
25000
25001
25002
25003
25004
25005
25006
25007
25008
25009
25010
25011
25012
25013
25014
25015
25016
25017
25018
25019
25020
25961
25962
25963
25964
25965
25966
25967
25968
25969
25970
25971
25972
25973
25974
25975
25976
25977
25978
25979
25980
25981
26922
26923
26924
26925
26926
26927
26928
26929
26930
26931
26932
26933
26934
26935
26936
26937
26938
26939
26940
26941
26942
27883
27884
27885
27886
27887
27888
27889
27890
27891
27892
27893
27894
27895
27896
27897
27898
27899
27900
27901
27902
27903
28844
28845
28846
28847
28848
28849
28850
28851
28852
28853
28854
28855
28856
28857
28858
28859
28860
28861
28862
28863
28864
29805
29806
29807
29808
29809
29810
29811
29812
29813
29814
29815
29816
29817
29818
29819
29820
29821
29822
29823
29824
29825
30766
30767
30768
30769
30770
30771
30772
30773
30774
30775
30776
30777
30778
30779
30780
30781
30782
30783
30784
30785
30786
31727
31728
31729
31730
31731
31732
31733
31734
31735
31736
31737
31738
31739
31740
31741
31742
31743
31744
31745
31746
31747
32687
32688
32689
32690
32691
32692
32693
32694
32695
32696
32697
32698
32699
32700
32701
32702
32703
32704
32705
32706
32707
32708
33648
33649
33650
33651
33652
33653
33654
33655
33656
33657
33658
33659
33660
33661
33662
33663
33664
33665
33666
33667
33668
33669
34609
34610
34611
34612
34613
34614
34615
34616
34617
34618
34619
34620
34621
34622
34623
34624
34625
34626
34627
34628
34629
34630
35570
35571
35572
35573
35574
35575
35576
35577
35578
35579
35580
35581
35582
35583
35584
35585
35586
35587
35588
35589
35590
35591
36531
36532
36533
36534
36535
36536
36537
36538
36539
36540
36541
36542
36543
36544
36545
36546
36547
36548
36549
36550
36551
36552
37492
37493
37494
37495
37496
37497
37498
37499
37500
37501
37502
37503
37504
37505
37506
37507
37508
37509
37510
37511
37512
37513
38453
38454
38455
38456
38457
38458
38459
38460
38461
38462
38463
38464
38465
38466
38467
38468
38469
38470
38471
38472
38473
38474
39414
39415
39416
39417
39418
39419
39420
39421
39422
39423
39424
39425
39426
39427
39428
39429
39430
39431
39432
39433
39434
39435
40375
40376
40377
40378
40379
40380
40381
40382
40383
40384
40385
40386
40387
40388
40389
40390
40391
40392
40393
40394
40395
40396
41336
41337
41338
41339
41340
41341
41342
41343
41344
41345
41346
41347
41348
41349
41350
41351
41352
41353
41354
41355
41356
41357
42297
42298
42299
42300
42301
42302
42303
42304
42305
42306
42307
42308
42309
42310
42311
42312
42313
42314
42315
42316
42317
42318
43258
43259
43260
43261
43262
43263
43264
43265
43266
43267
43268
43269
43270
43271
43272
43273
43274
43275
43276
43277
43278
43279
44219
44220
44221
44222
44223
44224
44225
44226
44227
44228
44229
44230
44231
44232
44233
44234
44235
44236
44237
44238
44239
44240
45180
45181
45182
45183
45184
45185
45186
45187
45188
45189
45190
45191
45192
45193
45194
45195
45196
45197
45198
45199
45200
46141
46142
46143
46144
46145
46146
46147
46148
46149
46150
46151
46152
46153
46154
46155
46156
46157
46158
46159
46160
46161
47102
47103
47104
47105
47106
47107
47108
47109
47110
47111
47112
47113
47114
47115
47116
47117
47118
47119
47120
47121
47122
48063
48064
48065
48066
48067
48068
48069
48070
48071
48072
48073
48074
48075
48076
48077
48078
48079
48080
48081
48082
48083
49024
49025
49026
49027
49028
49029
49030
49031
49032
49033
49034
49035
49036
49037
49038
49039
49040
49041
49042
49043
49044
49985
49986
49987
49988
49989
49990
49991
49992
49993
49994
49995
49996
49997
49998
49999
50000
50001
50002
50003
50004
50005
50946
50947
50948
50949
50950
50951
50952
50953
50954
50955
50956
50957
50958
50959
50960
50961
50962
50963
50964
50965
50966
51907
51908
51909
51910
51911
51912
51913
51914
51915
51916
51917
51918
51919
51920
51921
51922
51923
51924
51925
51926
51927
52868
52869
52870
52871
52872
52873
52874
52875
52876
52877
52878
52879
52880
52881
52882
52883
52884
52885
52886
52887
52888
53829
53830
53831
53832
53833
53834
53835
53836
53837
53838
53839
53840
53841
53842
53843
53844
53845
53846
53847
53848
53849
54790
54791
54792
54793
54794
54795
54796
54797
54798
54799
54800
54801
54802
54803
54804
54805
54806
54807
54808
54809
54810
55751
55752
55753
55754
55755
55756
55757
55758
55759
55760
55761
55762
55763
55764
55765
55766
55767
55768
55769
55770
55771
56712
56713
56714
56715
56716
56717
56718
56719
56720
56721
56722
56723
56724
56725
56726
56727
56728
56729
56730
56731
56732
57673
57674
57675
57676
57677
57678
57679
57680
57681
57682
57683
57684
57685
57686
57687
57688
57689
57690
57691
57692
57693
58634
58635
58636
58637
58638
58639
58640
58641
58642
58643
58644
58645
58646
58647
58648
58649
58650
58651
58652
58653
58654
59595
59596
59597
59598
59599
59600
59601
59602
59603
59604
59605
59606
59607
59608
59609
59610
59611
59612
59613
59614
59615
60556
60557
60558
60559
60560
60561
60562
60563
60564
60565
60566
60567
60568
60569
60570
60571
60572
60573
60574
60575
60576
61517
61518
61519
61520
61521
61522
61523
61524
61525
61526
61527
61528
61529
61530
61531
61532
61533
61534
61535
61536
61537
62478
62479
62480
62481
62482
62483
62484
62485
62486
62487
62488
62489
62490
62491
62492
62493
62494
62495
62496
62497
62498
63439
63440
63441
63442
63443
63444
63445
63446
63447
63448
63449
63450
63451
63452
63453
63454
63455
63456
63457
63458
63459
64400
64401
64402
64403
64404
64405
64406
64407
64408
64409
64410
64411
64412
64413
64414
64415
64416
64417
64418
64419
64420
65361
65362
65363
65364
65365
65366
65367
65368
65369
65370
65371
65372
65373
65374
65375
65376
65377
65378
65379
65380
65381
66322
66323
66324
66325
66326
66327
66328
66329
66330
66331
66332
66333
66334
66335
66336
66337
66338
66339
66340
66341
66342
67283
67284
67285
67286
67287
67288
67289
67290
67291
67292
67293
67294
67295
67296
67297
67298
67299
67300
67301
67302
67303
68244
68245
68246
68247
68248
68249
68250
68251
68252
68253
68254
68255
68256
68257
68258
68259
68260
68261
68262
68263
68264
69205
69206
69207
69208
69209
69210
69211
69212
69213
69214
69215
69216
69217
69218
69219
69220
69221
69222
69223
69224
69225
70166
70167
70168
70169
70170
70171
70172
70173
70174
70175
70176
70177
70178
70179
70180
70181
70182
70183
70184
70185
70186
71127
71128
71129
71130
71131
71132
71133
71134
71135
71136
71137
71138
71139
71140
71141
71142
71143
71144
71145
71146
71147
72088
72089
72090
72091
72092
72093
72094
72095
72096
72097
72098
72099
72100
72101
72102
72103
72104
72105
72106
72107
72108
73049
73050
73051
73052
73053
73054
73055
73056
73057
73058
73059
73060
73061
73062
73063
73064
73065
73066
73067
73068
73069
74010
74011
74012
74013
74014
74015
74016
74017
74018
74019
74020
74021
74022
74023
74024
74025
74026
74027
74028
74029
74030
74971
74972
74973
74974
74975
74976
74977
74978
74979
74980
74981
74982
74983
74984
74985
74986
74987
74988
74989
74990
74991
75932
75933
75934
75935
75936
75937
75938
75939
75940
75941
75942
75943
75944
75945
75946
75947
75948
75949
75950
75951
75952
77458
77459
77460
77461
77462
77463
77464
77465
77466
77467
77468
77469
77470
77471
77472
77473
77474
77475
77476
77477
77478
78419
78420
78421
78422
78423
78424
78425
78426
78427
78428
78429
78430
78431
78432
78433
78434
78435
78436
78437
78438
78439
79380
79381
79382
79383
79384
79385
79386
79387
79388
79389
79390
79391
79392
79393
79394
79395
79396
79397
79398
79399
79400
80341
80342
80343
80344
80345
80346
80347
80348
80349
80350
80351
80352
80353
80354
80355
80356
80357
80358
80359
80360
80361
81302
81303
81304
81305
81306
81307
81308
81309
81310
81311
81312
81313
81314
81315
81316
81317
81318
81319
81320
81321
81322
82263
82264
82265
82266
82267
82268
82269
82270
82271
82272
82273
82274
82275
82276
82277
82278
82279
82280
82281
82282
82283
83224
83225
83226
83227
83228
83229
83230
83231
83232
83233
83234
83235
83236
83237
83238
83239
83240
83241
83242
83243
83244
84185
84186
84187
84188
84189
84190
84191
84192
84193
84194
84195
84196
84197
84198
84199
84200
84201
84202
84203
84204
84205
85146
85147
85148
85149
85150
85151
85152
85153
85154
85155
85156
85157
85158
85159
85160
85161
85162
85163
85164
85165
85166
86107
86108
86109
86110
86111
86112
86113
86114
86115
86116
86117
86118
86119
86120
86121
86122
86123
86124
86125
86126
86127
87068
87069
87070
87071
87072
87073
87074
87075
87076
87077
87078
87079
87080
87081
87082
87083
87084
87085
87086
87087
87088
88029
88030
88031
88032
88033
88034
88035
88036
88037
88038
88039
88040
88041
88042
88043
88044
88045
88046
88047
88048
88049
88990
88991
88992
88993
88994
88995
88996
88997
88998
88999
89000
89001
89002
89003
89004
89005
89006
89007
89008
89009
89010
89951
89952
89953
89954
89955
89956
89957
89958
89959
89960
89961
89962
89963
89964
89965
89966
89967
89968
89969
89970
89971
90912
90913
90914
90915
90916
90917
90918
90919
90920
90921
90922
90923
90924
90925
90926
90927
90928
90929
90930
90931
90932
91873
91874
91875
91876
91877
91878
91879
91880
91881
91882
91883
91884
91885
91886
91887
91888
91889
91890
91891
91892
91893
92834
92835
92836
92837
92838
92839
92840
92841
92842
92843
92844
92845
92846
92847
92848
92849
92850
92851
92852
92853
92854
93795
93796
93797
93798
93799
93800
93801
93802
93803
93804
93805
93806
93807
93808
93809
93810
93811
93812
93813
93814
93815
94756
94757
94758
94759
94760
94761
94762
94763
94764
94765
94766
94767
94768
94769
94770
94771
94772
94773
94774
94775
94776
95717
95718
95719
95720
95721
95722
95723
95724
95725
95726
95727
95728
95729
95730
95731
95732
95733
95734
95735
95736
95737
96678
96679
96680
96681
96682
96683
96684
96685
96686
96687
96688
96689
96690
96691
96692
96693
96694
96695
96696
96697
96698
97639
97640
97641
97642
97643
97644
97645
97646
97647
97648
97649
97650
97651
97652
97653
97654
97655
97656
97657
97658
97659
98600
98601
98602
98603
98604
98605
98606
98607
98608
98609
98610
98611
98612
98613
98614
98615
98616
98617
98618
98619
98620
99561
99562
99563
99564
99565
99566
99567
99568
99569
99570
99571
99572
99573
99574
99575
99576
99577
99578
99579
99580
99581
100522
100523
100524
100525
100526
100527
100528
100529
100530
100531
100532
100533
100534
100535
100536
100537
100538
100539
100540
100541
100542
101483
101484
101485
101486
101487
101488
101489
101490
101491
101492
101493
101494
101495
101496
101497
101498
101499
101500
101501
101502
101503
102444
102445
102446
102447
102448
102449
102450
102451
102452
102453
102454
102455
102456
102457
102458
102459
102460
102461
102462
102463
102464
103405
103406
103407
103408
103409
103410
103411
103412
103413
103414
103415
103416
103417
103418
103419
103420
103421
103422
103423
103424
103425
104366
104367
104368
104369
104370
104371
104372
104373
104374
104375
104376
104377
104378
104379
104380
104381
104382
104383
104384
104385
104386
105327
105328
105329
105330
105331
105332
105333
105334
105335
105336
105337
105338
105339
105340
105341
105342
105343
105344
105345
105346
105347
106288
106289
106290
106291
106292
106293
106294
106295
106296
106297
106298
106299
106300
106301
106302
106303
106304
106305
106306
106307
106308
107249
107250
107251
107252
107253
107254
107255
107256
107257
107258
107259
107260
107261
107262
107263
107264
107265
107266
107267
107268
107269
108210
108211
108212
108213
108214
108215
108216
108217
108218
108219
108220
108221
108222
108223
108224
108225
108226
108227
108228
108229
108230
109171
109172
109173
109174
109175
109176
109177
109178
109179
109180
109181
109182
109183
109184
109185
109186
109187
109188
109189
109190
109191
110131
110132
110133
110134
110135
110136
110137
110138
110139
110140
110141
110142
110143
110144
110145
110146
110147
110148
110149
110150
110151
110152
111092
111093
111094
111095
111096
111097
111098
111099
111100
111101
111102
111103
111104
111105
111106
111107
111108
111109
111110
111111
111112
111113
112053
112054
112055
112056
112057
112058
112059
112060
112061
112062
112063
112064
112065
112066
112067
112068
112069
112070
112071
112072
112073
112074
113014
113015
113016
113017
113018
113019
113020
113021
113022
113023
113024
113025
113026
113027
113028
113029
113030
113031
113032
113033
113034
113035
113975
113976
113977
113978
113979
113980
113981
113982
113983
113984
113985
113986
113987
113988
113989
113990
113991
113992
113993
113994
113995
113996
114936
114937
114938
114939
114940
114941
114942
114943
114944
114945
114946
114947
114948
114949
114950
114951
114952
114953
114954
114955
114956
114957
115897
115898
115899
115900
115901
115902
115903
115904
115905
115906
115907
115908
115909
115910
115911
115912
115913
115914
115915
115916
115917
115918
116858
116859
116860
116861
116862
116863
116864
116865
116866
116867
116868
116869
116870
116871
116872
116873
116874
116875
116876
116877
116878
116879
117819
117820
117821
117822
117823
117824
117825
117826
117827
117828
117829
117830
117831
117832
117833
117834
117835
117836
117837
117838
117839
117840
118780
118781
118782
118783
118784
118785
118786
118787
118788
118789
118790
118791
118792
118793
118794
118795
118796
118797
118798
118799
118800
118801
119741
119742
119743
119744
119745
119746
119747
119748
119749
119750
119751
119752
119753
119754
119755
119756
119757
119758
119759
119760
119761
119762
120702
120703
120704
120705
120706
120707
120708
120709
120710
120711
120712
120713
120714
120715
120716
120717
120718
120719
120720
120721
120722
120723
121663
121664
121665
121666
121667
121668
121669
121670
121671
121672
121673
121674
121675
121676
121677
121678
121679
121680
121681
121682
121683
121684
122624
122625
122626
122627
122628
122629
122630
122631
122632
122633
122634
122635
122636
122637
122638
122639
122640
122641
122642
122643
122644
123585
123586
123587
123588
123589
123590
123591
123592
123593
123594
123595
123596
123597
123598
123599
123600
123601
123602
123603
123604
123605
124546
124547
124548
124549
124550
124551
124552
124553
124554
124555
124556
124557
124558
124559
124560
124561
124562
124563
124564
124565
124566
125507
125508
125509
125510
125511
125512
125513
125514
125515
125516
125517
125518
125519
125520
125521
125522
125523
125524
125525
125526
125527
126468
126469
126470
126471
126472
126473
126474
126475
126476
126477
126478
126479
126480
126481
126482
126483
126484
126485
126486
126487
126488
127429
127430
127431
127432
127433
127434
127435
127436
127437
127438
127439
127440
127441
127442
127443
127444
127445
127446
127447
127448
127449
128390
128391
128392
128393
128394
128395
128396
128397
128398
128399
128400
128401
128402
128403
128404
128405
128406
128407
128408
128409
128410
129351
129352
129353
129354
129355
129356
129357
129358
129359
129360
129361
129362
129363
129364
129365
129366
129367
129368
129369
129370
129371
130312
130313
130314
130315
130316
130317
130318
130319
130320
130321
130322
130323
130324
130325
130326
130327
130328
130329
130330
130331
130332
131273
131274
131275
131276
131277
131278
131279
131280
131281
131282
131283
131284
131285
131286
131287
131288
131289
131290
131291
131292
131293
132234
132235
132236
132237
132238
132239
132240
132241
132242
132243
132244
132245
132246
132247
132248
132249
132250
132251
132252
132253
132254
133195
133196
133197
133198
133199
133200
133201
133202
133203
133204
133205
133206
133207
133208
133209
133210
133211
133212
133213
133214
133215
134156
134157
134158
134159
134160
134161
134162
134163
134164
134165
134166
134167
134168
134169
134170
134171
134172
134173
134174
134175
134176
135117
135118
135119
135120
135121
135122
135123
135124
135125
135126
135127
135128
135129
135130
135131
135132
135133
135134
135135
135136
135137
136078
136079
136080
136081
136082
136083
136084
136085
136086
136087
136088
136089
136090
136091
136092
136093
136094
136095
136096
136097
136098
137039
137040
137041
137042
137043
137044
137045
137046
137047
137048
137049
137050
137051
137052
137053
137054
137055
137056
137057
137058
137059
138000
138001
138002
138003
138004
138005
138006
138007
138008
138009
138010
138011
138012
138013
138014
138015
138016
138017
138018
138019
138020
138961
138962
138963
138964
138965
138966
138967
138968
138969
138970
138971
138972
138973
138974
138975
138976
138977
138978
138979
138980
138981
139922
139923
139924
139925
139926
139927
139928
139929
139930
139931
139932
139933
139934
139935
139936
139937
139938
139939
139940
139941
139942
140883
140884
140885
140886
140887
140888
140889
140890
140891
140892
140893
140894
140895
140896
140897
140898
140899
140900
140901
140902
140903
141844
141845
141846
141847
141848
141849
141850
141851
141852
141853
141854
141855
141856
141857
141858
141859
141860
141861
141862
141863
141864
142805
142806
142807
142808
142809
142810
142811
142812
142813
142814
142815
142816
142817
142818
142819
142820
142821
142822
142823
142824
142825
143766
143767
143768
143769
143770
143771
143772
143773
143774
143775
143776
143777
143778
143779
143780
143781
143782
143783
143784
143785
143786
144727
144728
144729
144730
144731
144732
144733
144734
144735
144736
144737
144738
144739
144740
144741
144742
144743
144744
144745
144746
144747
145688
145689
145690
145691
145692
145693
145694
145695
145696
145697
145698
145699
145700
145701
145702
145703
145704
145705
145706
145707
145708
146649
146650
146651
146652
146653
146654
146655
146656
146657
146658
146659
146660
146661
146662
146663
146664
146665
146666
146667
146668
146669
147610
147611
147612
147613
147614
147615
147616
147617
147618
147619
147620
147621
147622
147623
147624
147625
147626
147627
147628
147629
147630
148571
148572
148573
148574
148575
148576
148577
148578
148579
148580
148581
148582
148583
148584
148585
148586
148587
148588
148589
148590
148591
149532
149533
149534
149535
149536
149537
149538
149539
149540
149541
149542
149543
149544
149545
149546
149547
149548
149549
149550
149551
149552
150493
150494
150495
150496
150497
150498
150499
150500
150501
150502
150503
150504
150505
150506
150507
150508
150509
150510
150511
150512
150513
151454
151455
151456
151457
151458
151459
151460
151461
151462
151463
151464
151465
151466
151467
151468
151469
151470
151471
151472
151473
151474
152415
152416
152417
152418
152419
152420
152421
152422
152423
152424
152425
152426
152427
152428
152429
152430
152431
152432
152433
152434
152435
153376
153377
153378
153379
153380
153381
153382
153383
153384
153385
153386
153387
153388
153389
153390
153391
153392
153393
153394
153395
153396
154908
154910
154912
154914
154916
154918
154920
154922
154924
154926
154928
154930
154932
154934
154936
154938
154940
154942
154944
154946
154948
)


// ************************************************************************* //
