/*--------------------------------*- C++ -*----------------------------------*\
| =========                 |                                                 |
| \\      /  F ield         | OpenFOAM: The Open Source CFD Toolbox           |
|  \\    /   O peration     | Version:  2.3.0                                 |
|   \\  /    A nd           | Web:      www.OpenFOAM.org                      |
|    \\/     M anipulation  |                                                 |
\*---------------------------------------------------------------------------*/
FoamFile
{
    version     2.0;
    format      ascii;
    class       labelList;
    location    "constant/polyMesh";
    object      faceProcAddressing;
}
// * * * * * * * * * * * * * * * * * * * * * * * * * * * * * * * * * * * * * //


6525
(
1600
1601
1602
1603
1604
1605
1606
1607
1608
1609
1610
1611
1612
1613
1614
1615
1616
1617
1618
1619
1620
1621
1622
1623
1624
1625
1626
1627
1628
1629
1630
1631
1632
1633
1634
1635
1636
1637
1638
1639
1641
3520
3521
3522
3523
3524
3525
3526
3527
3528
3529
3530
3531
3532
3533
3534
3535
3536
3537
3538
3539
3540
3541
3542
3543
3544
3545
3546
3547
3548
3549
3550
3551
3552
3553
3554
3555
3556
3557
3558
3559
3561
5440
5441
5442
5443
5444
5445
5446
5447
5448
5449
5450
5451
5452
5453
5454
5455
5456
5457
5458
5459
5460
5461
5462
5463
5464
5465
5466
5467
5468
5469
5470
5471
5472
5473
5474
5475
5476
5477
5478
5479
7360
7361
7362
7363
7364
7365
7366
7367
7368
7369
7370
7371
7372
7373
7374
7375
7376
7377
7378
7379
7380
7381
7382
7383
7384
7385
7386
7387
7388
7389
7390
7391
7392
7393
7394
7395
7396
7397
7399
9280
9281
9282
9283
9284
9285
9286
9287
9288
9289
9290
9291
9292
9293
9294
9295
9296
9297
9298
9299
9300
9301
9302
9303
9304
9305
9306
9307
9308
9309
9310
9311
9312
9313
9314
9315
9316
9317
9319
11200
11201
11202
11203
11204
11205
11206
11207
11208
11209
11210
11211
11212
11213
11214
11215
11216
11217
11218
11219
11220
11221
11222
11223
11224
11225
11226
11227
11228
11229
11230
11231
11232
11233
11234
11235
11236
11237
11239
13120
13121
13122
13123
13124
13125
13126
13127
13128
13129
13130
13131
13132
13133
13134
13135
13136
13137
13138
13139
13140
13141
13142
13143
13144
13145
13146
13147
13148
13149
13150
13151
13152
13153
13154
13155
13156
13157
13159
15039
15040
15041
15042
15043
15044
15045
15046
15047
15048
15049
15050
15051
15052
15053
15054
15055
15056
15057
15058
15059
15060
15061
15062
15063
15064
15065
15066
15067
15068
15069
15070
15071
15072
15073
15074
15075
15076
15078
16958
16959
16960
16961
16962
16963
16964
16965
16966
16967
16968
16969
16970
16971
16972
16973
16974
16975
16976
16977
16978
16979
16980
16981
16982
16983
16984
16985
16986
16987
16988
16989
16990
16991
16992
16993
16994
16995
16997
18877
18878
18879
18880
18881
18882
18883
18884
18885
18886
18887
18888
18889
18890
18891
18892
18893
18894
18895
18896
18897
18898
18899
18900
18901
18902
18903
18904
18905
18906
18907
18908
18909
18910
18911
18912
18913
18914
18916
20796
20797
20798
20799
20800
20801
20802
20803
20804
20805
20806
20807
20808
20809
20810
20811
20812
20813
20814
20815
20816
20817
20818
20819
20820
20821
20822
20823
20824
20825
20826
20827
20828
20829
20830
20831
20832
20833
20835
22715
22716
22717
22718
22719
22720
22721
22722
22723
22724
22725
22726
22727
22728
22729
22730
22731
22732
22733
22734
22735
22736
22737
22738
22739
22740
22741
22742
22743
22744
22745
22746
22747
22748
22749
22750
22751
22752
22754
24634
24635
24636
24637
24638
24639
24640
24641
24642
24643
24644
24645
24646
24647
24648
24649
24650
24651
24652
24653
24654
24655
24656
24657
24658
24659
24660
24661
24662
24663
24664
24665
24666
24667
24668
24669
24670
24671
24673
26553
26554
26555
26556
26557
26558
26559
26560
26561
26562
26563
26564
26565
26566
26567
26568
26569
26570
26571
26572
26573
26574
26575
26576
26577
26578
26579
26580
26581
26582
26583
26584
26585
26586
26587
26588
26589
26590
26592
28472
28473
28474
28475
28476
28477
28478
28479
28480
28481
28482
28483
28484
28485
28486
28487
28488
28489
28490
28491
28492
28493
28494
28495
28496
28497
28498
28499
28500
28501
28502
28503
28504
28505
28506
28507
28508
28509
28511
30391
30392
30393
30394
30395
30396
30397
30398
30399
30400
30401
30402
30403
30404
30405
30406
30407
30408
30409
30410
30411
30412
30413
30414
30415
30416
30417
30418
30419
30420
30421
30422
30423
30424
30425
30426
30427
30428
30430
32310
32311
32312
32313
32314
32315
32316
32317
32318
32319
32320
32321
32322
32323
32324
32325
32326
32327
32328
32329
32330
32331
32332
32333
32334
32335
32336
32337
32338
32339
32340
32341
32342
32343
32344
32345
32346
32347
32349
34229
34230
34231
34232
34233
34234
34235
34236
34237
34238
34239
34240
34241
34242
34243
34244
34245
34246
34247
34248
34249
34250
34251
34252
34253
34254
34255
34256
34257
34258
34259
34260
34261
34262
34263
34264
34265
34266
34268
36148
36149
36150
36151
36152
36153
36154
36155
36156
36157
36158
36159
36160
36161
36162
36163
36164
36165
36166
36167
36168
36169
36170
36171
36172
36173
36174
36175
36176
36177
36178
36179
36180
36181
36182
36183
36184
36185
36187
38067
38068
38069
38070
38071
38072
38073
38074
38075
38076
38077
38078
38079
38080
38081
38082
38083
38084
38085
38086
38087
38088
38089
38090
38091
38092
38093
38094
38095
38096
38097
38098
38099
38100
38101
38102
38103
38104
38106
39986
39987
39988
39989
39990
39991
39992
39993
39994
39995
39996
39997
39998
39999
40000
40001
40002
40003
40004
40005
40006
40007
40008
40009
40010
40011
40012
40013
40014
40015
40016
40017
40018
40019
40020
40021
40022
40023
40025
41905
41906
41907
41908
41909
41910
41911
41912
41913
41914
41915
41916
41917
41918
41919
41920
41921
41922
41923
41924
41925
41926
41927
41928
41929
41930
41931
41932
41933
41934
41935
41936
41937
41938
41939
41940
41941
41942
41944
43824
43825
43826
43827
43828
43829
43830
43831
43832
43833
43834
43835
43836
43837
43838
43839
43840
43841
43842
43843
43844
43845
43846
43847
43848
43849
43850
43851
43852
43853
43854
43855
43856
43857
43858
43859
43860
43861
43863
45743
45744
45745
45746
45747
45748
45749
45750
45751
45752
45753
45754
45755
45756
45757
45758
45759
45760
45761
45762
45763
45764
45765
45766
45767
45768
45769
45770
45771
45772
45773
45774
45775
45776
45777
45778
45779
45780
45782
47662
47663
47664
47665
47666
47667
47668
47669
47670
47671
47672
47673
47674
47675
47676
47677
47678
47679
47680
47681
47682
47683
47684
47685
47686
47687
47688
47689
47690
47691
47692
47693
47694
47695
47696
47697
47698
47699
47701
49581
49582
49583
49584
49585
49586
49587
49588
49589
49590
49591
49592
49593
49594
49595
49596
49597
49598
49599
49600
49601
49602
49603
49604
49605
49606
49607
49608
49609
49610
49611
49612
49613
49614
49615
49616
49617
49618
49620
51500
51501
51502
51503
51504
51505
51506
51507
51508
51509
51510
51511
51512
51513
51514
51515
51516
51517
51518
51519
51520
51521
51522
51523
51524
51525
51526
51527
51528
51529
51530
51531
51532
51533
51534
51535
51536
51537
51539
53419
53420
53421
53422
53423
53424
53425
53426
53427
53428
53429
53430
53431
53432
53433
53434
53435
53436
53437
53438
53439
53440
53441
53442
53443
53444
53445
53446
53447
53448
53449
53450
53451
53452
53453
53454
53455
53456
53458
55338
55339
55340
55341
55342
55343
55344
55345
55346
55347
55348
55349
55350
55351
55352
55353
55354
55355
55356
55357
55358
55359
55360
55361
55362
55363
55364
55365
55366
55367
55368
55369
55370
55371
55372
55373
55374
55375
55377
57257
57258
57259
57260
57261
57262
57263
57264
57265
57266
57267
57268
57269
57270
57271
57272
57273
57274
57275
57276
57277
57278
57279
57280
57281
57282
57283
57284
57285
57286
57287
57288
57289
57290
57291
57292
57293
57294
57296
59176
59177
59178
59179
59180
59181
59182
59183
59184
59185
59186
59187
59188
59189
59190
59191
59192
59193
59194
59195
59196
59197
59198
59199
59200
59201
59202
59203
59204
59205
59206
59207
59208
59209
59210
59211
59212
59213
59215
61095
61096
61097
61098
61099
61100
61101
61102
61103
61104
61105
61106
61107
61108
61109
61110
61111
61112
61113
61114
61115
61116
61117
61118
61119
61120
61121
61122
61123
61124
61125
61126
61127
61128
61129
61130
61131
61132
61134
63014
63015
63016
63017
63018
63019
63020
63021
63022
63023
63024
63025
63026
63027
63028
63029
63030
63031
63032
63033
63034
63035
63036
63037
63038
63039
63040
63041
63042
63043
63044
63045
63046
63047
63048
63049
63050
63051
63053
64933
64934
64935
64936
64937
64938
64939
64940
64941
64942
64943
64944
64945
64946
64947
64948
64949
64950
64951
64952
64953
64954
64955
64956
64957
64958
64959
64960
64961
64962
64963
64964
64965
64966
64967
64968
64969
64970
64972
66852
66853
66854
66855
66856
66857
66858
66859
66860
66861
66862
66863
66864
66865
66866
66867
66868
66869
66870
66871
66872
66873
66874
66875
66876
66877
66878
66879
66880
66881
66882
66883
66884
66885
66886
66887
66888
66889
66891
68771
68772
68773
68774
68775
68776
68777
68778
68779
68780
68781
68782
68783
68784
68785
68786
68787
68788
68789
68790
68791
68792
68793
68794
68795
68796
68797
68798
68799
68800
68801
68802
68803
68804
68805
68806
68807
68808
68810
70690
70691
70692
70693
70694
70695
70696
70697
70698
70699
70700
70701
70702
70703
70704
70705
70706
70707
70708
70709
70710
70711
70712
70713
70714
70715
70716
70717
70718
70719
70720
70721
70722
70723
70724
70725
70726
70727
70729
72609
72610
72611
72612
72613
72614
72615
72616
72617
72618
72619
72620
72621
72622
72623
72624
72625
72626
72627
72628
72629
72630
72631
72632
72633
72634
72635
72636
72637
72638
72639
72640
72641
72642
72643
72644
72645
72646
72648
74528
74529
74530
74531
74532
74533
74534
74535
74536
74537
74538
74539
74540
74541
74542
74543
74544
74545
74546
74547
74548
74549
74550
74551
74552
74553
74554
74555
74556
74557
74558
74559
74560
74561
74562
74563
74564
74565
74567
76448
76449
76450
76451
76452
76453
76454
76455
76456
76457
76458
76459
76460
76461
76462
76463
76464
76465
76466
76467
76468
76469
76470
76471
76472
76473
76474
76475
76476
76477
76478
76479
76480
76481
76482
76483
76484
76485
76487
78368
78369
78370
78371
78372
78373
78374
78375
78376
78377
78378
78379
78380
78381
78382
78383
78384
78385
78386
78387
78388
78389
78390
78391
78392
78393
78394
78395
78396
78397
78398
78399
78400
78401
78402
78403
78404
78405
78407
80288
80289
80290
80291
80292
80293
80294
80295
80296
80297
80298
80299
80300
80301
80302
80303
80304
80305
80306
80307
80308
80309
80310
80311
80312
80313
80314
80315
80316
80317
80318
80319
80320
80321
80322
80323
80324
80325
80327
82208
82209
82210
82211
82212
82213
82214
82215
82216
82217
82218
82219
82220
82221
82222
82223
82224
82225
82226
82227
82228
82229
82230
82231
82232
82233
82234
82235
82236
82237
82238
82239
82240
82241
82242
82243
82244
82245
82247
84128
84129
84130
84131
84132
84133
84134
84135
84136
84137
84138
84139
84140
84141
84142
84143
84144
84145
84146
84147
84148
84149
84150
84151
84152
84153
84154
84155
84156
84157
84158
84159
84160
84161
84162
84163
84164
84165
84167
86048
86049
86050
86051
86052
86053
86054
86055
86056
86057
86058
86059
86060
86061
86062
86063
86064
86065
86066
86067
86068
86069
86070
86071
86072
86073
86074
86075
86076
86077
86078
86079
86080
86081
86082
86083
86084
86085
86087
87968
87969
87970
87971
87972
87973
87974
87975
87976
87977
87978
87979
87980
87981
87982
87983
87984
87985
87986
87987
87988
87989
87990
87991
87992
87993
87994
87995
87996
87997
87998
87999
88000
88001
88002
88003
88004
88005
88007
89888
89889
89890
89891
89892
89893
89894
89895
89896
89897
89898
89899
89900
89901
89902
89903
89904
89905
89906
89907
89908
89909
89910
89911
89912
89913
89914
89915
89916
89917
89918
89919
89920
89921
89922
89923
89924
89925
89927
91808
91809
91810
91811
91812
91813
91814
91815
91816
91817
91818
91819
91820
91821
91822
91823
91824
91825
91826
91827
91828
91829
91830
91831
91832
91833
91834
91835
91836
91837
91838
91839
91840
91841
91842
91843
91844
91845
91847
93727
93728
93729
93730
93731
93732
93733
93734
93735
93736
93737
93738
93739
93740
93741
93742
93743
93744
93745
93746
93747
93748
93749
93750
93751
93752
93753
93754
93755
93756
93757
93758
93759
93760
93761
93762
93763
93764
93766
95646
95647
95648
95649
95650
95651
95652
95653
95654
95655
95656
95657
95658
95659
95660
95661
95662
95663
95664
95665
95666
95667
95668
95669
95670
95671
95672
95673
95674
95675
95676
95677
95678
95679
95680
95681
95682
95683
95685
97565
97566
97567
97568
97569
97570
97571
97572
97573
97574
97575
97576
97577
97578
97579
97580
97581
97582
97583
97584
97585
97586
97587
97588
97589
97590
97591
97592
97593
97594
97595
97596
97597
97598
97599
97600
97601
97602
97604
99484
99485
99486
99487
99488
99489
99490
99491
99492
99493
99494
99495
99496
99497
99498
99499
99500
99501
99502
99503
99504
99505
99506
99507
99508
99509
99510
99511
99512
99513
99514
99515
99516
99517
99518
99519
99520
99521
99523
101403
101404
101405
101406
101407
101408
101409
101410
101411
101412
101413
101414
101415
101416
101417
101418
101419
101420
101421
101422
101423
101424
101425
101426
101427
101428
101429
101430
101431
101432
101433
101434
101435
101436
101437
101438
101439
101440
101442
103322
103323
103324
103325
103326
103327
103328
103329
103330
103331
103332
103333
103334
103335
103336
103337
103338
103339
103340
103341
103342
103343
103344
103345
103346
103347
103348
103349
103350
103351
103352
103353
103354
103355
103356
103357
103358
103359
103361
105241
105242
105243
105244
105245
105246
105247
105248
105249
105250
105251
105252
105253
105254
105255
105256
105257
105258
105259
105260
105261
105262
105263
105264
105265
105266
105267
105268
105269
105270
105271
105272
105273
105274
105275
105276
105277
105278
105280
107160
107161
107162
107163
107164
107165
107166
107167
107168
107169
107170
107171
107172
107173
107174
107175
107176
107177
107178
107179
107180
107181
107182
107183
107184
107185
107186
107187
107188
107189
107190
107191
107192
107193
107194
107195
107196
107197
107199
109079
109080
109081
109082
109083
109084
109085
109086
109087
109088
109089
109090
109091
109092
109093
109094
109095
109096
109097
109098
109099
109100
109101
109102
109103
109104
109105
109106
109107
109108
109109
109110
109111
109112
109113
109114
109115
109116
109118
110998
110999
111000
111001
111002
111003
111004
111005
111006
111007
111008
111009
111010
111011
111012
111013
111014
111015
111016
111017
111018
111019
111020
111021
111022
111023
111024
111025
111026
111027
111028
111029
111030
111031
111032
111033
111034
111035
111037
112917
112918
112919
112920
112921
112922
112923
112924
112925
112926
112927
112928
112929
112930
112931
112932
112933
112934
112935
112936
112937
112938
112939
112940
112941
112942
112943
112944
112945
112946
112947
112948
112949
112950
112951
112952
112953
112954
112956
114836
114837
114838
114839
114840
114841
114842
114843
114844
114845
114846
114847
114848
114849
114850
114851
114852
114853
114854
114855
114856
114857
114858
114859
114860
114861
114862
114863
114864
114865
114866
114867
114868
114869
114870
114871
114872
114873
114875
116755
116756
116757
116758
116759
116760
116761
116762
116763
116764
116765
116766
116767
116768
116769
116770
116771
116772
116773
116774
116775
116776
116777
116778
116779
116780
116781
116782
116783
116784
116785
116786
116787
116788
116789
116790
116791
116792
116794
118674
118675
118676
118677
118678
118679
118680
118681
118682
118683
118684
118685
118686
118687
118688
118689
118690
118691
118692
118693
118694
118695
118696
118697
118698
118699
118700
118701
118702
118703
118704
118705
118706
118707
118708
118709
118710
118711
118713
120593
120594
120595
120596
120597
120598
120599
120600
120601
120602
120603
120604
120605
120606
120607
120608
120609
120610
120611
120612
120613
120614
120615
120616
120617
120618
120619
120620
120621
120622
120623
120624
120625
120626
120627
120628
120629
120630
120632
122512
122513
122514
122515
122516
122517
122518
122519
122520
122521
122522
122523
122524
122525
122526
122527
122528
122529
122530
122531
122532
122533
122534
122535
122536
122537
122538
122539
122540
122541
122542
122543
122544
122545
122546
122547
122548
122549
122551
124431
124432
124433
124434
124435
124436
124437
124438
124439
124440
124441
124442
124443
124444
124445
124446
124447
124448
124449
124450
124451
124452
124453
124454
124455
124456
124457
124458
124459
124460
124461
124462
124463
124464
124465
124466
124467
124468
124470
126350
126351
126352
126353
126354
126355
126356
126357
126358
126359
126360
126361
126362
126363
126364
126365
126366
126367
126368
126369
126370
126371
126372
126373
126374
126375
126376
126377
126378
126379
126380
126381
126382
126383
126384
126385
126386
126387
126389
128269
128270
128271
128272
128273
128274
128275
128276
128277
128278
128279
128280
128281
128282
128283
128284
128285
128286
128287
128288
128289
128290
128291
128292
128293
128294
128295
128296
128297
128298
128299
128300
128301
128302
128303
128304
128305
128306
128308
130188
130189
130190
130191
130192
130193
130194
130195
130196
130197
130198
130199
130200
130201
130202
130203
130204
130205
130206
130207
130208
130209
130210
130211
130212
130213
130214
130215
130216
130217
130218
130219
130220
130221
130222
130223
130224
130225
130227
132107
132108
132109
132110
132111
132112
132113
132114
132115
132116
132117
132118
132119
132120
132121
132122
132123
132124
132125
132126
132127
132128
132129
132130
132131
132132
132133
132134
132135
132136
132137
132138
132139
132140
132141
132142
132143
132144
132146
134026
134027
134028
134029
134030
134031
134032
134033
134034
134035
134036
134037
134038
134039
134040
134041
134042
134043
134044
134045
134046
134047
134048
134049
134050
134051
134052
134053
134054
134055
134056
134057
134058
134059
134060
134061
134062
134063
134065
135945
135946
135947
135948
135949
135950
135951
135952
135953
135954
135955
135956
135957
135958
135959
135960
135961
135962
135963
135964
135965
135966
135967
135968
135969
135970
135971
135972
135973
135974
135975
135976
135977
135978
135979
135980
135981
135982
135984
137864
137865
137866
137867
137868
137869
137870
137871
137872
137873
137874
137875
137876
137877
137878
137879
137880
137881
137882
137883
137884
137885
137886
137887
137888
137889
137890
137891
137892
137893
137894
137895
137896
137897
137898
137899
137900
137901
137903
139781
139782
139783
139784
139785
139786
139787
139788
139789
139790
139791
139792
139793
139794
139795
139796
139797
139798
139799
139800
139801
139802
139803
139804
139805
139806
139807
139808
139809
139810
139811
139812
139813
139814
139815
139816
139817
139818
139819
139820
139822
141700
141701
141702
141703
141704
141705
141706
141707
141708
141709
141710
141711
141712
141713
141714
141715
141716
141717
141718
141719
141720
141721
141722
141723
141724
141725
141726
141727
141728
141729
141730
141731
141732
141733
141734
141735
141736
141737
141738
141739
141741
143619
143620
143621
143622
143623
143624
143625
143626
143627
143628
143629
143630
143631
143632
143633
143634
143635
143636
143637
143638
143639
143640
143641
143642
143643
143644
143645
143646
143647
143648
143649
143650
143651
143652
143653
143654
143655
143656
143657
143658
143660
145538
145539
145540
145541
145542
145543
145544
145545
145546
145547
145548
145549
145550
145551
145552
145553
145554
145555
145556
145557
145558
145559
145560
145561
145562
145563
145564
145565
145566
145567
145568
145569
145570
145571
145572
145573
145574
145575
145576
145577
145579
147457
147458
147459
147460
147461
147462
147463
147464
147465
147466
147467
147468
147469
147470
147471
147472
147473
147474
147475
147476
147477
147478
147479
147480
147481
147482
147483
147484
147485
147486
147487
147488
147489
147490
147491
147492
147493
147494
147495
147496
147498
149376
149377
149378
149379
149380
149381
149382
149383
149384
149385
149386
149387
149388
149389
149390
149391
149392
149393
149394
149395
149396
149397
149398
149399
149400
149401
149402
149403
149404
149405
149406
149407
149408
149409
149410
149411
149412
149413
149414
149415
149417
151295
151296
151297
151298
151299
151300
151301
151302
151303
151304
151305
151306
151307
151308
151309
151310
151311
151312
151313
151314
151315
151316
151317
151318
151319
151320
151321
151322
151323
151324
151325
151326
151327
151328
151329
151330
151331
151332
151333
151334
151336
152416
152417
152418
152419
152420
152421
152422
152423
152424
152425
152426
152427
152428
152429
152430
152431
152432
152433
152434
152435
154461
154462
154463
154464
154465
154466
154467
154468
154469
154470
154471
154472
154473
154474
154475
154476
154477
154478
154479
154480
154481
155421
155422
155423
155424
155425
155426
155427
155428
155429
155430
155431
155432
155433
155434
155435
155436
155437
155438
155439
155440
155441
156381
156382
156383
156384
156385
156386
156387
156388
156389
156390
156391
156392
156393
156394
156395
156396
156397
156398
156399
156400
156401
157341
157342
157343
157344
157345
157346
157347
157348
157349
157350
157351
157352
157353
157354
157355
157356
157357
157358
157359
157360
158301
158302
158303
158304
158305
158306
158307
158308
158309
158310
158311
158312
158313
158314
158315
158316
158317
158318
158319
158320
159261
159262
159263
159264
159265
159266
159267
159268
159269
159270
159271
159272
159273
159274
159275
159276
159277
159278
159279
159280
160221
160222
160223
160224
160225
160226
160227
160228
160229
160230
160231
160232
160233
160234
160235
160236
160237
160238
160239
160240
161181
161182
161183
161184
161185
161186
161187
161188
161189
161190
161191
161192
161193
161194
161195
161196
161197
161198
161199
161200
162141
162142
162143
162144
162145
162146
162147
162148
162149
162150
162151
162152
162153
162154
162155
162156
162157
162158
162159
162160
163101
163102
163103
163104
163105
163106
163107
163108
163109
163110
163111
163112
163113
163114
163115
163116
163117
163118
163119
163120
164061
164062
164063
164064
164065
164066
164067
164068
164069
164070
164071
164072
164073
164074
164075
164076
164077
164078
164079
164080
165021
165022
165023
165024
165025
165026
165027
165028
165029
165030
165031
165032
165033
165034
165035
165036
165037
165038
165039
165040
165981
165982
165983
165984
165985
165986
165987
165988
165989
165990
165991
165992
165993
165994
165995
165996
165997
165998
165999
166000
166941
166942
166943
166944
166945
166946
166947
166948
166949
166950
166951
166952
166953
166954
166955
166956
166957
166958
166959
166960
167901
167902
167903
167904
167905
167906
167907
167908
167909
167910
167911
167912
167913
167914
167915
167916
167917
167918
167919
167920
168861
168862
168863
168864
168865
168866
168867
168868
168869
168870
168871
168872
168873
168874
168875
168876
168877
168878
168879
168880
169821
169822
169823
169824
169825
169826
169827
169828
169829
169830
169831
169832
169833
169834
169835
169836
169837
169838
169839
169840
170781
170782
170783
170784
170785
170786
170787
170788
170789
170790
170791
170792
170793
170794
170795
170796
170797
170798
170799
170800
171741
171742
171743
171744
171745
171746
171747
171748
171749
171750
171751
171752
171753
171754
171755
171756
171757
171758
171759
171760
172701
172702
172703
172704
172705
172706
172707
172708
172709
172710
172711
172712
172713
172714
172715
172716
172717
172718
172719
172720
173661
173662
173663
173664
173665
173666
173667
173668
173669
173670
173671
173672
173673
173674
173675
173676
173677
173678
173679
173680
174621
174622
174623
174624
174625
174626
174627
174628
174629
174630
174631
174632
174633
174634
174635
174636
174637
174638
174639
174640
175581
175582
175583
175584
175585
175586
175587
175588
175589
175590
175591
175592
175593
175594
175595
175596
175597
175598
175599
175600
176541
176542
176543
176544
176545
176546
176547
176548
176549
176550
176551
176552
176553
176554
176555
176556
176557
176558
176559
176560
177501
177502
177503
177504
177505
177506
177507
177508
177509
177510
177511
177512
177513
177514
177515
177516
177517
177518
177519
177520
178461
178462
178463
178464
178465
178466
178467
178468
178469
178470
178471
178472
178473
178474
178475
178476
178477
178478
178479
178480
179421
179422
179423
179424
179425
179426
179427
179428
179429
179430
179431
179432
179433
179434
179435
179436
179437
179438
179439
179440
180381
180382
180383
180384
180385
180386
180387
180388
180389
180390
180391
180392
180393
180394
180395
180396
180397
180398
180399
180400
181341
181342
181343
181344
181345
181346
181347
181348
181349
181350
181351
181352
181353
181354
181355
181356
181357
181358
181359
181360
182301
182302
182303
182304
182305
182306
182307
182308
182309
182310
182311
182312
182313
182314
182315
182316
182317
182318
182319
182320
183261
183262
183263
183264
183265
183266
183267
183268
183269
183270
183271
183272
183273
183274
183275
183276
183277
183278
183279
183280
184221
184222
184223
184224
184225
184226
184227
184228
184229
184230
184231
184232
184233
184234
184235
184236
184237
184238
184239
184240
185181
185182
185183
185184
185185
185186
185187
185188
185189
185190
185191
185192
185193
185194
185195
185196
185197
185198
185199
185200
186141
186142
186143
186144
186145
186146
186147
186148
186149
186150
186151
186152
186153
186154
186155
186156
186157
186158
186159
186160
187101
187102
187103
187104
187105
187106
187107
187108
187109
187110
187111
187112
187113
187114
187115
187116
187117
187118
187119
187120
188061
188062
188063
188064
188065
188066
188067
188068
188069
188070
188071
188072
188073
188074
188075
188076
188077
188078
188079
188080
189021
189022
189023
189024
189025
189026
189027
189028
189029
189030
189031
189032
189033
189034
189035
189036
189037
189038
189039
189040
189981
189982
189983
189984
189985
189986
189987
189988
189989
189990
189991
189992
189993
189994
189995
189996
189997
189998
189999
190000
190941
190942
190943
190944
190945
190946
190947
190948
190949
190950
190951
190952
190953
190954
190955
190956
190957
190958
190959
190960
191901
191902
191903
191904
191905
191906
191907
191908
191909
191910
191911
191912
191913
191914
191915
191916
191917
191918
191919
191920
192861
192862
192863
192864
192865
192866
192867
192868
192869
192870
192871
192872
192873
192874
192875
192876
192877
192878
192879
192880
193821
193822
193823
193824
193825
193826
193827
193828
193829
193830
193831
193832
193833
193834
193835
193836
193837
193838
193839
193840
194781
194782
194783
194784
194785
194786
194787
194788
194789
194790
194791
194792
194793
194794
194795
194796
194797
194798
194799
194800
195741
195742
195743
195744
195745
195746
195747
195748
195749
195750
195751
195752
195753
195754
195755
195756
195757
195758
195759
195760
196701
196702
196703
196704
196705
196706
196707
196708
196709
196710
196711
196712
196713
196714
196715
196716
196717
196718
196719
196720
197661
197662
197663
197664
197665
197666
197667
197668
197669
197670
197671
197672
197673
197674
197675
197676
197677
197678
197679
197680
198621
198622
198623
198624
198625
198626
198627
198628
198629
198630
198631
198632
198633
198634
198635
198636
198637
198638
198639
198640
199581
199582
199583
199584
199585
199586
199587
199588
199589
199590
199591
199592
199593
199594
199595
199596
199597
199598
199599
199600
200541
200542
200543
200544
200545
200546
200547
200548
200549
200550
200551
200552
200553
200554
200555
200556
200557
200558
200559
200560
201501
201502
201503
201504
201505
201506
201507
201508
201509
201510
201511
201512
201513
201514
201515
201516
201517
201518
201519
201520
202461
202462
202463
202464
202465
202466
202467
202468
202469
202470
202471
202472
202473
202474
202475
202476
202477
202478
202479
202480
203421
203422
203423
203424
203425
203426
203427
203428
203429
203430
203431
203432
203433
203434
203435
203436
203437
203438
203439
203440
204381
204382
204383
204384
204385
204386
204387
204388
204389
204390
204391
204392
204393
204394
204395
204396
204397
204398
204399
204400
205341
205342
205343
205344
205345
205346
205347
205348
205349
205350
205351
205352
205353
205354
205355
205356
205357
205358
205359
205360
206301
206302
206303
206304
206305
206306
206307
206308
206309
206310
206311
206312
206313
206314
206315
206316
206317
206318
206319
206320
207261
207262
207263
207264
207265
207266
207267
207268
207269
207270
207271
207272
207273
207274
207275
207276
207277
207278
207279
207280
208221
208222
208223
208224
208225
208226
208227
208228
208229
208230
208231
208232
208233
208234
208235
208236
208237
208238
208239
208240
209181
209182
209183
209184
209185
209186
209187
209188
209189
209190
209191
209192
209193
209194
209195
209196
209197
209198
209199
209200
210141
210142
210143
210144
210145
210146
210147
210148
210149
210150
210151
210152
210153
210154
210155
210156
210157
210158
210159
210160
211101
211102
211103
211104
211105
211106
211107
211108
211109
211110
211111
211112
211113
211114
211115
211116
211117
211118
211119
211120
212061
212062
212063
212064
212065
212066
212067
212068
212069
212070
212071
212072
212073
212074
212075
212076
212077
212078
212079
212080
213021
213022
213023
213024
213025
213026
213027
213028
213029
213030
213031
213032
213033
213034
213035
213036
213037
213038
213039
213040
213981
213982
213983
213984
213985
213986
213987
213988
213989
213990
213991
213992
213993
213994
213995
213996
213997
213998
213999
214000
214941
214942
214943
214944
214945
214946
214947
214948
214949
214950
214951
214952
214953
214954
214955
214956
214957
214958
214959
214960
215901
215902
215903
215904
215905
215906
215907
215908
215909
215910
215911
215912
215913
215914
215915
215916
215917
215918
215919
215920
216861
216862
216863
216864
216865
216866
216867
216868
216869
216870
216871
216872
216873
216874
216875
216876
216877
216878
216879
216880
217821
217822
217823
217824
217825
217826
217827
217828
217829
217830
217831
217832
217833
217834
217835
217836
217837
217838
217839
217840
218781
218782
218783
218784
218785
218786
218787
218788
218789
218790
218791
218792
218793
218794
218795
218796
218797
218798
218799
218800
219741
219742
219743
219744
219745
219746
219747
219748
219749
219750
219751
219752
219753
219754
219755
219756
219757
219758
219759
219760
220701
220702
220703
220704
220705
220706
220707
220708
220709
220710
220711
220712
220713
220714
220715
220716
220717
220718
220719
220720
221661
221662
221663
221664
221665
221666
221667
221668
221669
221670
221671
221672
221673
221674
221675
221676
221677
221678
221679
221680
222621
222622
222623
222624
222625
222626
222627
222628
222629
222630
222631
222632
222633
222634
222635
222636
222637
222638
222639
222640
223580
223581
223582
223583
223584
223585
223586
223587
223588
223589
223590
223591
223592
223593
223594
223595
223596
223597
223598
223599
223600
224540
224541
224542
224543
224544
224545
224546
224547
224548
224549
224550
224551
224552
224553
224554
224555
224556
224557
224558
224559
224560
225500
225501
225502
225503
225504
225505
225506
225507
225508
225509
225510
225511
225512
225513
225514
225515
225516
225517
225518
225519
225520
226460
226461
226462
226463
226464
226465
226466
226467
226468
226469
226470
226471
226472
226473
226474
226475
226476
226477
226478
226479
226480
227420
227421
227422
227423
227424
227425
227426
227427
227428
227429
227430
227431
227432
227433
227434
227435
227436
227437
227438
227439
227440
228380
228381
228382
228383
228384
228385
228386
228387
228388
228389
228390
228391
228392
228393
228394
228395
228396
228397
228398
228399
228400
229340
229341
229342
229343
229344
229345
229346
229347
229348
229349
229350
229351
229352
229353
229354
229355
229356
229357
229358
229359
229360
230300
230301
230302
230303
230304
230305
230306
230307
230308
230309
230310
230311
230312
230313
230314
230315
230316
230317
230318
230319
230320
231798
231799
231800
231801
231802
231803
231804
231805
231806
231807
231808
231809
231810
231811
231812
231813
231814
231815
231816
231817
231818
232758
232759
232760
232761
232762
232763
232764
232765
232766
232767
232768
232769
232770
232771
232772
232773
232774
232775
232776
232777
232778
233718
233719
233720
233721
233722
233723
233724
233725
233726
233727
233728
233729
233730
233731
233732
233733
233734
233735
233736
233737
233738
234678
234679
234680
234681
234682
234683
234684
234685
234686
234687
234688
234689
234690
234691
234692
234693
234694
234695
234696
234697
235638
235639
235640
235641
235642
235643
235644
235645
235646
235647
235648
235649
235650
235651
235652
235653
235654
235655
235656
235657
236598
236599
236600
236601
236602
236603
236604
236605
236606
236607
236608
236609
236610
236611
236612
236613
236614
236615
236616
236617
237558
237559
237560
237561
237562
237563
237564
237565
237566
237567
237568
237569
237570
237571
237572
237573
237574
237575
237576
237577
238518
238519
238520
238521
238522
238523
238524
238525
238526
238527
238528
238529
238530
238531
238532
238533
238534
238535
238536
238537
239478
239479
239480
239481
239482
239483
239484
239485
239486
239487
239488
239489
239490
239491
239492
239493
239494
239495
239496
239497
240438
240439
240440
240441
240442
240443
240444
240445
240446
240447
240448
240449
240450
240451
240452
240453
240454
240455
240456
240457
241398
241399
241400
241401
241402
241403
241404
241405
241406
241407
241408
241409
241410
241411
241412
241413
241414
241415
241416
241417
242358
242359
242360
242361
242362
242363
242364
242365
242366
242367
242368
242369
242370
242371
242372
242373
242374
242375
242376
242377
243318
243319
243320
243321
243322
243323
243324
243325
243326
243327
243328
243329
243330
243331
243332
243333
243334
243335
243336
243337
244278
244279
244280
244281
244282
244283
244284
244285
244286
244287
244288
244289
244290
244291
244292
244293
244294
244295
244296
244297
245238
245239
245240
245241
245242
245243
245244
245245
245246
245247
245248
245249
245250
245251
245252
245253
245254
245255
245256
245257
246198
246199
246200
246201
246202
246203
246204
246205
246206
246207
246208
246209
246210
246211
246212
246213
246214
246215
246216
246217
247158
247159
247160
247161
247162
247163
247164
247165
247166
247167
247168
247169
247170
247171
247172
247173
247174
247175
247176
247177
248118
248119
248120
248121
248122
248123
248124
248125
248126
248127
248128
248129
248130
248131
248132
248133
248134
248135
248136
248137
249078
249079
249080
249081
249082
249083
249084
249085
249086
249087
249088
249089
249090
249091
249092
249093
249094
249095
249096
249097
250038
250039
250040
250041
250042
250043
250044
250045
250046
250047
250048
250049
250050
250051
250052
250053
250054
250055
250056
250057
250998
250999
251000
251001
251002
251003
251004
251005
251006
251007
251008
251009
251010
251011
251012
251013
251014
251015
251016
251017
251958
251959
251960
251961
251962
251963
251964
251965
251966
251967
251968
251969
251970
251971
251972
251973
251974
251975
251976
251977
252918
252919
252920
252921
252922
252923
252924
252925
252926
252927
252928
252929
252930
252931
252932
252933
252934
252935
252936
252937
253878
253879
253880
253881
253882
253883
253884
253885
253886
253887
253888
253889
253890
253891
253892
253893
253894
253895
253896
253897
254838
254839
254840
254841
254842
254843
254844
254845
254846
254847
254848
254849
254850
254851
254852
254853
254854
254855
254856
254857
255798
255799
255800
255801
255802
255803
255804
255805
255806
255807
255808
255809
255810
255811
255812
255813
255814
255815
255816
255817
256758
256759
256760
256761
256762
256763
256764
256765
256766
256767
256768
256769
256770
256771
256772
256773
256774
256775
256776
256777
257718
257719
257720
257721
257722
257723
257724
257725
257726
257727
257728
257729
257730
257731
257732
257733
257734
257735
257736
257737
258678
258679
258680
258681
258682
258683
258684
258685
258686
258687
258688
258689
258690
258691
258692
258693
258694
258695
258696
258697
259638
259639
259640
259641
259642
259643
259644
259645
259646
259647
259648
259649
259650
259651
259652
259653
259654
259655
259656
259657
260598
260599
260600
260601
260602
260603
260604
260605
260606
260607
260608
260609
260610
260611
260612
260613
260614
260615
260616
260617
261558
261559
261560
261561
261562
261563
261564
261565
261566
261567
261568
261569
261570
261571
261572
261573
261574
261575
261576
261577
262518
262519
262520
262521
262522
262523
262524
262525
262526
262527
262528
262529
262530
262531
262532
262533
262534
262535
262536
262537
263478
263479
263480
263481
263482
263483
263484
263485
263486
263487
263488
263489
263490
263491
263492
263493
263494
263495
263496
263497
264438
264439
264440
264441
264442
264443
264444
264445
264446
264447
264448
264449
264450
264451
264452
264453
264454
264455
264456
264457
265398
265399
265400
265401
265402
265403
265404
265405
265406
265407
265408
265409
265410
265411
265412
265413
265414
265415
265416
265417
266358
266359
266360
266361
266362
266363
266364
266365
266366
266367
266368
266369
266370
266371
266372
266373
266374
266375
266376
266377
267318
267319
267320
267321
267322
267323
267324
267325
267326
267327
267328
267329
267330
267331
267332
267333
267334
267335
267336
267337
268278
268279
268280
268281
268282
268283
268284
268285
268286
268287
268288
268289
268290
268291
268292
268293
268294
268295
268296
268297
269238
269239
269240
269241
269242
269243
269244
269245
269246
269247
269248
269249
269250
269251
269252
269253
269254
269255
269256
269257
270198
270199
270200
270201
270202
270203
270204
270205
270206
270207
270208
270209
270210
270211
270212
270213
270214
270215
270216
270217
271158
271159
271160
271161
271162
271163
271164
271165
271166
271167
271168
271169
271170
271171
271172
271173
271174
271175
271176
271177
272118
272119
272120
272121
272122
272123
272124
272125
272126
272127
272128
272129
272130
272131
272132
272133
272134
272135
272136
272137
273078
273079
273080
273081
273082
273083
273084
273085
273086
273087
273088
273089
273090
273091
273092
273093
273094
273095
273096
273097
274038
274039
274040
274041
274042
274043
274044
274045
274046
274047
274048
274049
274050
274051
274052
274053
274054
274055
274056
274057
274998
274999
275000
275001
275002
275003
275004
275005
275006
275007
275008
275009
275010
275011
275012
275013
275014
275015
275016
275017
275958
275959
275960
275961
275962
275963
275964
275965
275966
275967
275968
275969
275970
275971
275972
275973
275974
275975
275976
275977
276918
276919
276920
276921
276922
276923
276924
276925
276926
276927
276928
276929
276930
276931
276932
276933
276934
276935
276936
276937
277878
277879
277880
277881
277882
277883
277884
277885
277886
277887
277888
277889
277890
277891
277892
277893
277894
277895
277896
277897
278838
278839
278840
278841
278842
278843
278844
278845
278846
278847
278848
278849
278850
278851
278852
278853
278854
278855
278856
278857
279798
279799
279800
279801
279802
279803
279804
279805
279806
279807
279808
279809
279810
279811
279812
279813
279814
279815
279816
279817
280758
280759
280760
280761
280762
280763
280764
280765
280766
280767
280768
280769
280770
280771
280772
280773
280774
280775
280776
280777
281718
281719
281720
281721
281722
281723
281724
281725
281726
281727
281728
281729
281730
281731
281732
281733
281734
281735
281736
281737
282678
282679
282680
282681
282682
282683
282684
282685
282686
282687
282688
282689
282690
282691
282692
282693
282694
282695
282696
282697
283638
283639
283640
283641
283642
283643
283644
283645
283646
283647
283648
283649
283650
283651
283652
283653
283654
283655
283656
283657
284598
284599
284600
284601
284602
284603
284604
284605
284606
284607
284608
284609
284610
284611
284612
284613
284614
284615
284616
284617
285558
285559
285560
285561
285562
285563
285564
285565
285566
285567
285568
285569
285570
285571
285572
285573
285574
285575
285576
285577
286518
286519
286520
286521
286522
286523
286524
286525
286526
286527
286528
286529
286530
286531
286532
286533
286534
286535
286536
286537
287478
287479
287480
287481
287482
287483
287484
287485
287486
287487
287488
287489
287490
287491
287492
287493
287494
287495
287496
287497
288438
288439
288440
288441
288442
288443
288444
288445
288446
288447
288448
288449
288450
288451
288452
288453
288454
288455
288456
288457
289398
289399
289400
289401
289402
289403
289404
289405
289406
289407
289408
289409
289410
289411
289412
289413
289414
289415
289416
289417
290358
290359
290360
290361
290362
290363
290364
290365
290366
290367
290368
290369
290370
290371
290372
290373
290374
290375
290376
290377
291318
291319
291320
291321
291322
291323
291324
291325
291326
291327
291328
291329
291330
291331
291332
291333
291334
291335
291336
291337
292278
292279
292280
292281
292282
292283
292284
292285
292286
292287
292288
292289
292290
292291
292292
292293
292294
292295
292296
292297
293238
293239
293240
293241
293242
293243
293244
293245
293246
293247
293248
293249
293250
293251
293252
293253
293254
293255
293256
293257
294198
294199
294200
294201
294202
294203
294204
294205
294206
294207
294208
294209
294210
294211
294212
294213
294214
294215
294216
294217
295158
295159
295160
295161
295162
295163
295164
295165
295166
295167
295168
295169
295170
295171
295172
295173
295174
295175
295176
295177
296118
296119
296120
296121
296122
296123
296124
296125
296126
296127
296128
296129
296130
296131
296132
296133
296134
296135
296136
296137
297078
297079
297080
297081
297082
297083
297084
297085
297086
297087
297088
297089
297090
297091
297092
297093
297094
297095
297096
297097
298038
298039
298040
298041
298042
298043
298044
298045
298046
298047
298048
298049
298050
298051
298052
298053
298054
298055
298056
298057
298998
298999
299000
299001
299002
299003
299004
299005
299006
299007
299008
299009
299010
299011
299012
299013
299014
299015
299016
299017
299958
299959
299960
299961
299962
299963
299964
299965
299966
299967
299968
299969
299970
299971
299972
299973
299974
299975
299976
299977
300917
300918
300919
300920
300921
300922
300923
300924
300925
300926
300927
300928
300929
300930
300931
300932
300933
300934
300935
300936
300937
301877
301878
301879
301880
301881
301882
301883
301884
301885
301886
301887
301888
301889
301890
301891
301892
301893
301894
301895
301896
301897
302837
302838
302839
302840
302841
302842
302843
302844
302845
302846
302847
302848
302849
302850
302851
302852
302853
302854
302855
302856
302857
303797
303798
303799
303800
303801
303802
303803
303804
303805
303806
303807
303808
303809
303810
303811
303812
303813
303814
303815
303816
303817
304757
304758
304759
304760
304761
304762
304763
304764
304765
304766
304767
304768
304769
304770
304771
304772
304773
304774
304775
304776
304777
305717
305718
305719
305720
305721
305722
305723
305724
305725
305726
305727
305728
305729
305730
305731
305732
305733
305734
305735
305736
305737
306677
306678
306679
306680
306681
306682
306683
306684
306685
306686
306687
306688
306689
306690
306691
306692
306693
306694
306695
306696
306697
307637
307638
307639
307640
307641
307642
307643
307644
307645
307646
307647
307648
307649
307650
307651
307652
307653
307654
307655
307656
307657
309294
309295
309296
309297
309298
309299
309300
309301
309302
309303
309304
309305
309306
309307
309308
309309
309310
309311
309312
309313
309314
-1598
-3518
-5438
-7358
-9278
-11198
-13118
-15037
-16956
-18875
-20794
-22713
-24632
-26551
-28470
-30389
-32308
-34227
-36146
-38065
-39984
-41903
-43822
-45741
-47660
-49579
-51498
-53417
-55336
-57255
-59174
-61093
-63012
-64931
-66850
-68769
-70688
-72607
-74526
-76446
-78366
-80286
-82206
-84126
-86046
-87966
-89886
-91806
-93725
-95644
-97563
-99482
-101401
-103320
-105239
-107158
-109077
-110996
-112915
-114834
-116753
-118672
-120591
-122510
-124429
-126348
-128267
-130186
-132105
-134024
-135943
-137862
-137863
-139779
-141698
-143617
-145536
-147455
-149374
-151293
-152415
1640
3560
5480
5481
7398
9318
11238
13158
15077
16996
18915
20834
22753
24672
26591
28510
30429
32348
34267
36186
38105
40024
41943
43862
45781
47700
49619
51538
53457
55376
57295
59214
61133
63052
64971
66890
68809
70728
72647
74566
76486
78406
80326
82246
84166
86086
88006
89926
91846
93765
95684
97603
99522
101441
103360
105279
107198
109117
111036
112955
114874
116793
118712
120631
122550
124469
126388
128307
130226
132145
134064
135983
137902
139821
141740
143659
145578
147497
149416
151335
152436
)


// ************************************************************************* //
