/*--------------------------------*- C++ -*----------------------------------*\
| =========                 |                                                 |
| \\      /  F ield         | OpenFOAM: The Open Source CFD Toolbox           |
|  \\    /   O peration     | Version:  2.3.0                                 |
|   \\  /    A nd           | Web:      www.OpenFOAM.org                      |
|    \\/     M anipulation  |                                                 |
\*---------------------------------------------------------------------------*/
FoamFile
{
    version     2.0;
    format      ascii;
    class       labelList;
    location    "constant/polyMesh";
    object      faceProcAddressing;
}
// * * * * * * * * * * * * * * * * * * * * * * * * * * * * * * * * * * * * * //


6525
(
1762
1763
1764
1765
1766
1767
1768
1769
1770
1771
1772
1773
1774
1775
1776
1777
1778
1779
1780
1781
1782
1783
1784
1785
1786
1787
1788
1789
1790
1791
1792
1793
1794
1795
1796
1797
1798
1799
1801
3682
3683
3684
3685
3686
3687
3688
3689
3690
3691
3692
3693
3694
3695
3696
3697
3698
3699
3700
3701
3702
3703
3704
3705
3706
3707
3708
3709
3710
3711
3712
3713
3714
3715
3716
3717
3718
3719
3721
5602
5603
5604
5605
5606
5607
5608
5609
5610
5611
5612
5613
5614
5615
5616
5617
5618
5619
5620
5621
5622
5623
5624
5625
5626
5627
5628
5629
5630
5631
5632
5633
5634
5635
5636
5637
5638
5639
5641
7522
7523
7524
7525
7526
7527
7528
7529
7530
7531
7532
7533
7534
7535
7536
7537
7538
7539
7540
7541
7542
7543
7544
7545
7546
7547
7548
7549
7550
7551
7552
7553
7554
7555
7556
7557
7558
7559
7561
9442
9443
9444
9445
9446
9447
9448
9449
9450
9451
9452
9453
9454
9455
9456
9457
9458
9459
9460
9461
9462
9463
9464
9465
9466
9467
9468
9469
9470
9471
9472
9473
9474
9475
9476
9477
9478
9479
9481
11362
11363
11364
11365
11366
11367
11368
11369
11370
11371
11372
11373
11374
11375
11376
11377
11378
11379
11380
11381
11382
11383
11384
11385
11386
11387
11388
11389
11390
11391
11392
11393
11394
11395
11396
11397
11398
11399
11401
13282
13283
13284
13285
13286
13287
13288
13289
13290
13291
13292
13293
13294
13295
13296
13297
13298
13299
13300
13301
13302
13303
13304
13305
13306
13307
13308
13309
13310
13311
13312
13313
13314
13315
13316
13317
13318
13319
13321
15201
15202
15203
15204
15205
15206
15207
15208
15209
15210
15211
15212
15213
15214
15215
15216
15217
15218
15219
15220
15221
15222
15223
15224
15225
15226
15227
15228
15229
15230
15231
15232
15233
15234
15235
15236
15237
15238
15240
17120
17121
17122
17123
17124
17125
17126
17127
17128
17129
17130
17131
17132
17133
17134
17135
17136
17137
17138
17139
17140
17141
17142
17143
17144
17145
17146
17147
17148
17149
17150
17151
17152
17153
17154
17155
17156
17157
17159
19039
19040
19041
19042
19043
19044
19045
19046
19047
19048
19049
19050
19051
19052
19053
19054
19055
19056
19057
19058
19059
19060
19061
19062
19063
19064
19065
19066
19067
19068
19069
19070
19071
19072
19073
19074
19075
19076
19078
20958
20959
20960
20961
20962
20963
20964
20965
20966
20967
20968
20969
20970
20971
20972
20973
20974
20975
20976
20977
20978
20979
20980
20981
20982
20983
20984
20985
20986
20987
20988
20989
20990
20991
20992
20993
20994
20995
20997
22877
22878
22879
22880
22881
22882
22883
22884
22885
22886
22887
22888
22889
22890
22891
22892
22893
22894
22895
22896
22897
22898
22899
22900
22901
22902
22903
22904
22905
22906
22907
22908
22909
22910
22911
22912
22913
22914
22916
24796
24797
24798
24799
24800
24801
24802
24803
24804
24805
24806
24807
24808
24809
24810
24811
24812
24813
24814
24815
24816
24817
24818
24819
24820
24821
24822
24823
24824
24825
24826
24827
24828
24829
24830
24831
24832
24833
24835
26715
26716
26717
26718
26719
26720
26721
26722
26723
26724
26725
26726
26727
26728
26729
26730
26731
26732
26733
26734
26735
26736
26737
26738
26739
26740
26741
26742
26743
26744
26745
26746
26747
26748
26749
26750
26751
26752
26754
28634
28635
28636
28637
28638
28639
28640
28641
28642
28643
28644
28645
28646
28647
28648
28649
28650
28651
28652
28653
28654
28655
28656
28657
28658
28659
28660
28661
28662
28663
28664
28665
28666
28667
28668
28669
28670
28671
28673
30553
30554
30555
30556
30557
30558
30559
30560
30561
30562
30563
30564
30565
30566
30567
30568
30569
30570
30571
30572
30573
30574
30575
30576
30577
30578
30579
30580
30581
30582
30583
30584
30585
30586
30587
30588
30589
30590
30592
32472
32473
32474
32475
32476
32477
32478
32479
32480
32481
32482
32483
32484
32485
32486
32487
32488
32489
32490
32491
32492
32493
32494
32495
32496
32497
32498
32499
32500
32501
32502
32503
32504
32505
32506
32507
32508
32509
32511
34391
34392
34393
34394
34395
34396
34397
34398
34399
34400
34401
34402
34403
34404
34405
34406
34407
34408
34409
34410
34411
34412
34413
34414
34415
34416
34417
34418
34419
34420
34421
34422
34423
34424
34425
34426
34427
34428
34430
36310
36311
36312
36313
36314
36315
36316
36317
36318
36319
36320
36321
36322
36323
36324
36325
36326
36327
36328
36329
36330
36331
36332
36333
36334
36335
36336
36337
36338
36339
36340
36341
36342
36343
36344
36345
36346
36347
36349
38229
38230
38231
38232
38233
38234
38235
38236
38237
38238
38239
38240
38241
38242
38243
38244
38245
38246
38247
38248
38249
38250
38251
38252
38253
38254
38255
38256
38257
38258
38259
38260
38261
38262
38263
38264
38265
38266
38268
40148
40149
40150
40151
40152
40153
40154
40155
40156
40157
40158
40159
40160
40161
40162
40163
40164
40165
40166
40167
40168
40169
40170
40171
40172
40173
40174
40175
40176
40177
40178
40179
40180
40181
40182
40183
40184
40185
40187
42067
42068
42069
42070
42071
42072
42073
42074
42075
42076
42077
42078
42079
42080
42081
42082
42083
42084
42085
42086
42087
42088
42089
42090
42091
42092
42093
42094
42095
42096
42097
42098
42099
42100
42101
42102
42103
42104
42106
43986
43987
43988
43989
43990
43991
43992
43993
43994
43995
43996
43997
43998
43999
44000
44001
44002
44003
44004
44005
44006
44007
44008
44009
44010
44011
44012
44013
44014
44015
44016
44017
44018
44019
44020
44021
44022
44023
44025
45905
45906
45907
45908
45909
45910
45911
45912
45913
45914
45915
45916
45917
45918
45919
45920
45921
45922
45923
45924
45925
45926
45927
45928
45929
45930
45931
45932
45933
45934
45935
45936
45937
45938
45939
45940
45941
45942
45944
47824
47825
47826
47827
47828
47829
47830
47831
47832
47833
47834
47835
47836
47837
47838
47839
47840
47841
47842
47843
47844
47845
47846
47847
47848
47849
47850
47851
47852
47853
47854
47855
47856
47857
47858
47859
47860
47861
47863
49743
49744
49745
49746
49747
49748
49749
49750
49751
49752
49753
49754
49755
49756
49757
49758
49759
49760
49761
49762
49763
49764
49765
49766
49767
49768
49769
49770
49771
49772
49773
49774
49775
49776
49777
49778
49779
49780
49782
51662
51663
51664
51665
51666
51667
51668
51669
51670
51671
51672
51673
51674
51675
51676
51677
51678
51679
51680
51681
51682
51683
51684
51685
51686
51687
51688
51689
51690
51691
51692
51693
51694
51695
51696
51697
51698
51699
51701
53581
53582
53583
53584
53585
53586
53587
53588
53589
53590
53591
53592
53593
53594
53595
53596
53597
53598
53599
53600
53601
53602
53603
53604
53605
53606
53607
53608
53609
53610
53611
53612
53613
53614
53615
53616
53617
53618
53620
55500
55501
55502
55503
55504
55505
55506
55507
55508
55509
55510
55511
55512
55513
55514
55515
55516
55517
55518
55519
55520
55521
55522
55523
55524
55525
55526
55527
55528
55529
55530
55531
55532
55533
55534
55535
55536
55537
55539
57419
57420
57421
57422
57423
57424
57425
57426
57427
57428
57429
57430
57431
57432
57433
57434
57435
57436
57437
57438
57439
57440
57441
57442
57443
57444
57445
57446
57447
57448
57449
57450
57451
57452
57453
57454
57455
57456
57458
59338
59339
59340
59341
59342
59343
59344
59345
59346
59347
59348
59349
59350
59351
59352
59353
59354
59355
59356
59357
59358
59359
59360
59361
59362
59363
59364
59365
59366
59367
59368
59369
59370
59371
59372
59373
59374
59375
59377
61257
61258
61259
61260
61261
61262
61263
61264
61265
61266
61267
61268
61269
61270
61271
61272
61273
61274
61275
61276
61277
61278
61279
61280
61281
61282
61283
61284
61285
61286
61287
61288
61289
61290
61291
61292
61293
61294
61296
63176
63177
63178
63179
63180
63181
63182
63183
63184
63185
63186
63187
63188
63189
63190
63191
63192
63193
63194
63195
63196
63197
63198
63199
63200
63201
63202
63203
63204
63205
63206
63207
63208
63209
63210
63211
63212
63213
63215
65095
65096
65097
65098
65099
65100
65101
65102
65103
65104
65105
65106
65107
65108
65109
65110
65111
65112
65113
65114
65115
65116
65117
65118
65119
65120
65121
65122
65123
65124
65125
65126
65127
65128
65129
65130
65131
65132
65134
67014
67015
67016
67017
67018
67019
67020
67021
67022
67023
67024
67025
67026
67027
67028
67029
67030
67031
67032
67033
67034
67035
67036
67037
67038
67039
67040
67041
67042
67043
67044
67045
67046
67047
67048
67049
67050
67051
67053
68933
68934
68935
68936
68937
68938
68939
68940
68941
68942
68943
68944
68945
68946
68947
68948
68949
68950
68951
68952
68953
68954
68955
68956
68957
68958
68959
68960
68961
68962
68963
68964
68965
68966
68967
68968
68969
68970
68972
70850
70851
70852
70853
70854
70855
70856
70857
70858
70859
70860
70861
70862
70863
70864
70865
70866
70867
70868
70869
70870
70871
70872
70873
70874
70875
70876
70877
70878
70879
70880
70881
70882
70883
70884
70885
70886
70887
70888
70889
70891
72769
72770
72771
72772
72773
72774
72775
72776
72777
72778
72779
72780
72781
72782
72783
72784
72785
72786
72787
72788
72789
72790
72791
72792
72793
72794
72795
72796
72797
72798
72799
72800
72801
72802
72803
72804
72805
72806
72807
72808
72810
74688
74689
74690
74691
74692
74693
74694
74695
74696
74697
74698
74699
74700
74701
74702
74703
74704
74705
74706
74707
74708
74709
74710
74711
74712
74713
74714
74715
74716
74717
74718
74719
74720
74721
74722
74723
74724
74725
74726
74727
74729
76608
76609
76610
76611
76612
76613
76614
76615
76616
76617
76618
76619
76620
76621
76622
76623
76624
76625
76626
76627
76628
76629
76630
76631
76632
76633
76634
76635
76636
76637
76638
76639
76640
76641
76642
76643
76644
76645
76646
76647
76649
78528
78529
78530
78531
78532
78533
78534
78535
78536
78537
78538
78539
78540
78541
78542
78543
78544
78545
78546
78547
78548
78549
78550
78551
78552
78553
78554
78555
78556
78557
78558
78559
78560
78561
78562
78563
78564
78565
78566
78567
78569
80448
80449
80450
80451
80452
80453
80454
80455
80456
80457
80458
80459
80460
80461
80462
80463
80464
80465
80466
80467
80468
80469
80470
80471
80472
80473
80474
80475
80476
80477
80478
80479
80480
80481
80482
80483
80484
80485
80486
80487
80489
82368
82369
82370
82371
82372
82373
82374
82375
82376
82377
82378
82379
82380
82381
82382
82383
82384
82385
82386
82387
82388
82389
82390
82391
82392
82393
82394
82395
82396
82397
82398
82399
82400
82401
82402
82403
82404
82405
82406
82407
82409
84288
84289
84290
84291
84292
84293
84294
84295
84296
84297
84298
84299
84300
84301
84302
84303
84304
84305
84306
84307
84308
84309
84310
84311
84312
84313
84314
84315
84316
84317
84318
84319
84320
84321
84322
84323
84324
84325
84326
84327
84329
86208
86209
86210
86211
86212
86213
86214
86215
86216
86217
86218
86219
86220
86221
86222
86223
86224
86225
86226
86227
86228
86229
86230
86231
86232
86233
86234
86235
86236
86237
86238
86239
86240
86241
86242
86243
86244
86245
86246
86247
86249
88128
88129
88130
88131
88132
88133
88134
88135
88136
88137
88138
88139
88140
88141
88142
88143
88144
88145
88146
88147
88148
88149
88150
88151
88152
88153
88154
88155
88156
88157
88158
88159
88160
88161
88162
88163
88164
88165
88166
88167
88169
90048
90049
90050
90051
90052
90053
90054
90055
90056
90057
90058
90059
90060
90061
90062
90063
90064
90065
90066
90067
90068
90069
90070
90071
90072
90073
90074
90075
90076
90077
90078
90079
90080
90081
90082
90083
90084
90085
90086
90087
91968
91969
91970
91971
91972
91973
91974
91975
91976
91977
91978
91979
91980
91981
91982
91983
91984
91985
91986
91987
91988
91989
91990
91991
91992
91993
91994
91995
91996
91997
91998
91999
92000
92001
92002
92003
92004
92005
92007
93887
93888
93889
93890
93891
93892
93893
93894
93895
93896
93897
93898
93899
93900
93901
93902
93903
93904
93905
93906
93907
93908
93909
93910
93911
93912
93913
93914
93915
93916
93917
93918
93919
93920
93921
93922
93923
93924
93926
95806
95807
95808
95809
95810
95811
95812
95813
95814
95815
95816
95817
95818
95819
95820
95821
95822
95823
95824
95825
95826
95827
95828
95829
95830
95831
95832
95833
95834
95835
95836
95837
95838
95839
95840
95841
95842
95843
95845
97725
97726
97727
97728
97729
97730
97731
97732
97733
97734
97735
97736
97737
97738
97739
97740
97741
97742
97743
97744
97745
97746
97747
97748
97749
97750
97751
97752
97753
97754
97755
97756
97757
97758
97759
97760
97761
97762
97764
99644
99645
99646
99647
99648
99649
99650
99651
99652
99653
99654
99655
99656
99657
99658
99659
99660
99661
99662
99663
99664
99665
99666
99667
99668
99669
99670
99671
99672
99673
99674
99675
99676
99677
99678
99679
99680
99681
99683
101563
101564
101565
101566
101567
101568
101569
101570
101571
101572
101573
101574
101575
101576
101577
101578
101579
101580
101581
101582
101583
101584
101585
101586
101587
101588
101589
101590
101591
101592
101593
101594
101595
101596
101597
101598
101599
101600
101602
103482
103483
103484
103485
103486
103487
103488
103489
103490
103491
103492
103493
103494
103495
103496
103497
103498
103499
103500
103501
103502
103503
103504
103505
103506
103507
103508
103509
103510
103511
103512
103513
103514
103515
103516
103517
103518
103519
103521
105401
105402
105403
105404
105405
105406
105407
105408
105409
105410
105411
105412
105413
105414
105415
105416
105417
105418
105419
105420
105421
105422
105423
105424
105425
105426
105427
105428
105429
105430
105431
105432
105433
105434
105435
105436
105437
105438
105440
107320
107321
107322
107323
107324
107325
107326
107327
107328
107329
107330
107331
107332
107333
107334
107335
107336
107337
107338
107339
107340
107341
107342
107343
107344
107345
107346
107347
107348
107349
107350
107351
107352
107353
107354
107355
107356
107357
107359
109239
109240
109241
109242
109243
109244
109245
109246
109247
109248
109249
109250
109251
109252
109253
109254
109255
109256
109257
109258
109259
109260
109261
109262
109263
109264
109265
109266
109267
109268
109269
109270
109271
109272
109273
109274
109275
109276
109278
111158
111159
111160
111161
111162
111163
111164
111165
111166
111167
111168
111169
111170
111171
111172
111173
111174
111175
111176
111177
111178
111179
111180
111181
111182
111183
111184
111185
111186
111187
111188
111189
111190
111191
111192
111193
111194
111195
111197
113077
113078
113079
113080
113081
113082
113083
113084
113085
113086
113087
113088
113089
113090
113091
113092
113093
113094
113095
113096
113097
113098
113099
113100
113101
113102
113103
113104
113105
113106
113107
113108
113109
113110
113111
113112
113113
113114
113116
114996
114997
114998
114999
115000
115001
115002
115003
115004
115005
115006
115007
115008
115009
115010
115011
115012
115013
115014
115015
115016
115017
115018
115019
115020
115021
115022
115023
115024
115025
115026
115027
115028
115029
115030
115031
115032
115033
115035
116915
116916
116917
116918
116919
116920
116921
116922
116923
116924
116925
116926
116927
116928
116929
116930
116931
116932
116933
116934
116935
116936
116937
116938
116939
116940
116941
116942
116943
116944
116945
116946
116947
116948
116949
116950
116951
116952
116954
118834
118835
118836
118837
118838
118839
118840
118841
118842
118843
118844
118845
118846
118847
118848
118849
118850
118851
118852
118853
118854
118855
118856
118857
118858
118859
118860
118861
118862
118863
118864
118865
118866
118867
118868
118869
118870
118871
118873
120753
120754
120755
120756
120757
120758
120759
120760
120761
120762
120763
120764
120765
120766
120767
120768
120769
120770
120771
120772
120773
120774
120775
120776
120777
120778
120779
120780
120781
120782
120783
120784
120785
120786
120787
120788
120789
120790
120792
122672
122673
122674
122675
122676
122677
122678
122679
122680
122681
122682
122683
122684
122685
122686
122687
122688
122689
122690
122691
122692
122693
122694
122695
122696
122697
122698
122699
122700
122701
122702
122703
122704
122705
122706
122707
122708
122709
122711
124591
124592
124593
124594
124595
124596
124597
124598
124599
124600
124601
124602
124603
124604
124605
124606
124607
124608
124609
124610
124611
124612
124613
124614
124615
124616
124617
124618
124619
124620
124621
124622
124623
124624
124625
124626
124627
124628
124630
126510
126511
126512
126513
126514
126515
126516
126517
126518
126519
126520
126521
126522
126523
126524
126525
126526
126527
126528
126529
126530
126531
126532
126533
126534
126535
126536
126537
126538
126539
126540
126541
126542
126543
126544
126545
126546
126547
126549
128429
128430
128431
128432
128433
128434
128435
128436
128437
128438
128439
128440
128441
128442
128443
128444
128445
128446
128447
128448
128449
128450
128451
128452
128453
128454
128455
128456
128457
128458
128459
128460
128461
128462
128463
128464
128465
128466
128468
130348
130349
130350
130351
130352
130353
130354
130355
130356
130357
130358
130359
130360
130361
130362
130363
130364
130365
130366
130367
130368
130369
130370
130371
130372
130373
130374
130375
130376
130377
130378
130379
130380
130381
130382
130383
130384
130385
130387
132267
132268
132269
132270
132271
132272
132273
132274
132275
132276
132277
132278
132279
132280
132281
132282
132283
132284
132285
132286
132287
132288
132289
132290
132291
132292
132293
132294
132295
132296
132297
132298
132299
132300
132301
132302
132303
132304
132306
134186
134187
134188
134189
134190
134191
134192
134193
134194
134195
134196
134197
134198
134199
134200
134201
134202
134203
134204
134205
134206
134207
134208
134209
134210
134211
134212
134213
134214
134215
134216
134217
134218
134219
134220
134221
134222
134223
134225
136105
136106
136107
136108
136109
136110
136111
136112
136113
136114
136115
136116
136117
136118
136119
136120
136121
136122
136123
136124
136125
136126
136127
136128
136129
136130
136131
136132
136133
136134
136135
136136
136137
136138
136139
136140
136141
136142
136144
138024
138025
138026
138027
138028
138029
138030
138031
138032
138033
138034
138035
138036
138037
138038
138039
138040
138041
138042
138043
138044
138045
138046
138047
138048
138049
138050
138051
138052
138053
138054
138055
138056
138057
138058
138059
138060
138061
138063
139943
139944
139945
139946
139947
139948
139949
139950
139951
139952
139953
139954
139955
139956
139957
139958
139959
139960
139961
139962
139963
139964
139965
139966
139967
139968
139969
139970
139971
139972
139973
139974
139975
139976
139977
139978
139979
139980
139982
141862
141863
141864
141865
141866
141867
141868
141869
141870
141871
141872
141873
141874
141875
141876
141877
141878
141879
141880
141881
141882
141883
141884
141885
141886
141887
141888
141889
141890
141891
141892
141893
141894
141895
141896
141897
141898
141899
141901
143781
143782
143783
143784
143785
143786
143787
143788
143789
143790
143791
143792
143793
143794
143795
143796
143797
143798
143799
143800
143801
143802
143803
143804
143805
143806
143807
143808
143809
143810
143811
143812
143813
143814
143815
143816
143817
143818
143820
145700
145701
145702
145703
145704
145705
145706
145707
145708
145709
145710
145711
145712
145713
145714
145715
145716
145717
145718
145719
145720
145721
145722
145723
145724
145725
145726
145727
145728
145729
145730
145731
145732
145733
145734
145735
145736
145737
145739
147619
147620
147621
147622
147623
147624
147625
147626
147627
147628
147629
147630
147631
147632
147633
147634
147635
147636
147637
147638
147639
147640
147641
147642
147643
147644
147645
147646
147647
147648
147649
147650
147651
147652
147653
147654
147655
147656
147658
149538
149539
149540
149541
149542
149543
149544
149545
149546
149547
149548
149549
149550
149551
149552
149553
149554
149555
149556
149557
149558
149559
149560
149561
149562
149563
149564
149565
149566
149567
149568
149569
149570
149571
149572
149573
149574
149575
149577
151457
151458
151459
151460
151461
151462
151463
151464
151465
151466
151467
151468
151469
151470
151471
151472
151473
151474
151475
151476
151477
151478
151479
151480
151481
151482
151483
151484
151485
151486
151487
151488
151489
151490
151491
151492
151493
151494
151496
152497
152498
152499
152500
152501
152502
152503
152504
152505
152506
152507
152508
152509
152510
152511
152512
152513
152514
152515
154542
154543
154544
154545
154546
154547
154548
154549
154550
154551
154552
154553
154554
154555
154556
154557
154558
154559
154560
154561
155502
155503
155504
155505
155506
155507
155508
155509
155510
155511
155512
155513
155514
155515
155516
155517
155518
155519
155520
155521
156462
156463
156464
156465
156466
156467
156468
156469
156470
156471
156472
156473
156474
156475
156476
156477
156478
156479
156480
156481
157422
157423
157424
157425
157426
157427
157428
157429
157430
157431
157432
157433
157434
157435
157436
157437
157438
157439
157440
157441
158382
158383
158384
158385
158386
158387
158388
158389
158390
158391
158392
158393
158394
158395
158396
158397
158398
158399
158400
158401
159342
159343
159344
159345
159346
159347
159348
159349
159350
159351
159352
159353
159354
159355
159356
159357
159358
159359
159360
159361
160302
160303
160304
160305
160306
160307
160308
160309
160310
160311
160312
160313
160314
160315
160316
160317
160318
160319
160320
160321
161262
161263
161264
161265
161266
161267
161268
161269
161270
161271
161272
161273
161274
161275
161276
161277
161278
161279
161280
161281
162222
162223
162224
162225
162226
162227
162228
162229
162230
162231
162232
162233
162234
162235
162236
162237
162238
162239
162240
162241
163182
163183
163184
163185
163186
163187
163188
163189
163190
163191
163192
163193
163194
163195
163196
163197
163198
163199
163200
163201
164142
164143
164144
164145
164146
164147
164148
164149
164150
164151
164152
164153
164154
164155
164156
164157
164158
164159
164160
164161
165102
165103
165104
165105
165106
165107
165108
165109
165110
165111
165112
165113
165114
165115
165116
165117
165118
165119
165120
165121
166062
166063
166064
166065
166066
166067
166068
166069
166070
166071
166072
166073
166074
166075
166076
166077
166078
166079
166080
166081
167022
167023
167024
167025
167026
167027
167028
167029
167030
167031
167032
167033
167034
167035
167036
167037
167038
167039
167040
167041
167982
167983
167984
167985
167986
167987
167988
167989
167990
167991
167992
167993
167994
167995
167996
167997
167998
167999
168000
168001
168942
168943
168944
168945
168946
168947
168948
168949
168950
168951
168952
168953
168954
168955
168956
168957
168958
168959
168960
168961
169902
169903
169904
169905
169906
169907
169908
169909
169910
169911
169912
169913
169914
169915
169916
169917
169918
169919
169920
169921
170862
170863
170864
170865
170866
170867
170868
170869
170870
170871
170872
170873
170874
170875
170876
170877
170878
170879
170880
170881
171822
171823
171824
171825
171826
171827
171828
171829
171830
171831
171832
171833
171834
171835
171836
171837
171838
171839
171840
171841
172782
172783
172784
172785
172786
172787
172788
172789
172790
172791
172792
172793
172794
172795
172796
172797
172798
172799
172800
172801
173742
173743
173744
173745
173746
173747
173748
173749
173750
173751
173752
173753
173754
173755
173756
173757
173758
173759
173760
173761
174702
174703
174704
174705
174706
174707
174708
174709
174710
174711
174712
174713
174714
174715
174716
174717
174718
174719
174720
174721
175662
175663
175664
175665
175666
175667
175668
175669
175670
175671
175672
175673
175674
175675
175676
175677
175678
175679
175680
175681
176622
176623
176624
176625
176626
176627
176628
176629
176630
176631
176632
176633
176634
176635
176636
176637
176638
176639
176640
176641
177582
177583
177584
177585
177586
177587
177588
177589
177590
177591
177592
177593
177594
177595
177596
177597
177598
177599
177600
177601
178542
178543
178544
178545
178546
178547
178548
178549
178550
178551
178552
178553
178554
178555
178556
178557
178558
178559
178560
178561
179502
179503
179504
179505
179506
179507
179508
179509
179510
179511
179512
179513
179514
179515
179516
179517
179518
179519
179520
179521
180462
180463
180464
180465
180466
180467
180468
180469
180470
180471
180472
180473
180474
180475
180476
180477
180478
180479
180480
180481
181422
181423
181424
181425
181426
181427
181428
181429
181430
181431
181432
181433
181434
181435
181436
181437
181438
181439
181440
181441
182382
182383
182384
182385
182386
182387
182388
182389
182390
182391
182392
182393
182394
182395
182396
182397
182398
182399
182400
182401
183342
183343
183344
183345
183346
183347
183348
183349
183350
183351
183352
183353
183354
183355
183356
183357
183358
183359
183360
183361
184302
184303
184304
184305
184306
184307
184308
184309
184310
184311
184312
184313
184314
184315
184316
184317
184318
184319
184320
184321
185262
185263
185264
185265
185266
185267
185268
185269
185270
185271
185272
185273
185274
185275
185276
185277
185278
185279
185280
185281
186222
186223
186224
186225
186226
186227
186228
186229
186230
186231
186232
186233
186234
186235
186236
186237
186238
186239
186240
186241
187182
187183
187184
187185
187186
187187
187188
187189
187190
187191
187192
187193
187194
187195
187196
187197
187198
187199
187200
187201
188142
188143
188144
188145
188146
188147
188148
188149
188150
188151
188152
188153
188154
188155
188156
188157
188158
188159
188160
188161
189101
189102
189103
189104
189105
189106
189107
189108
189109
189110
189111
189112
189113
189114
189115
189116
189117
189118
189119
189120
189121
190061
190062
190063
190064
190065
190066
190067
190068
190069
190070
190071
190072
190073
190074
190075
190076
190077
190078
190079
190080
190081
191021
191022
191023
191024
191025
191026
191027
191028
191029
191030
191031
191032
191033
191034
191035
191036
191037
191038
191039
191040
191041
191981
191982
191983
191984
191985
191986
191987
191988
191989
191990
191991
191992
191993
191994
191995
191996
191997
191998
191999
192000
192001
192941
192942
192943
192944
192945
192946
192947
192948
192949
192950
192951
192952
192953
192954
192955
192956
192957
192958
192959
192960
192961
193901
193902
193903
193904
193905
193906
193907
193908
193909
193910
193911
193912
193913
193914
193915
193916
193917
193918
193919
193920
193921
194861
194862
194863
194864
194865
194866
194867
194868
194869
194870
194871
194872
194873
194874
194875
194876
194877
194878
194879
194880
194881
195821
195822
195823
195824
195825
195826
195827
195828
195829
195830
195831
195832
195833
195834
195835
195836
195837
195838
195839
195840
195841
196781
196782
196783
196784
196785
196786
196787
196788
196789
196790
196791
196792
196793
196794
196795
196796
196797
196798
196799
196800
196801
197741
197742
197743
197744
197745
197746
197747
197748
197749
197750
197751
197752
197753
197754
197755
197756
197757
197758
197759
197760
197761
198701
198702
198703
198704
198705
198706
198707
198708
198709
198710
198711
198712
198713
198714
198715
198716
198717
198718
198719
198720
198721
199661
199662
199663
199664
199665
199666
199667
199668
199669
199670
199671
199672
199673
199674
199675
199676
199677
199678
199679
199680
200621
200622
200623
200624
200625
200626
200627
200628
200629
200630
200631
200632
200633
200634
200635
200636
200637
200638
200639
200640
201581
201582
201583
201584
201585
201586
201587
201588
201589
201590
201591
201592
201593
201594
201595
201596
201597
201598
201599
201600
202541
202542
202543
202544
202545
202546
202547
202548
202549
202550
202551
202552
202553
202554
202555
202556
202557
202558
202559
202560
203501
203502
203503
203504
203505
203506
203507
203508
203509
203510
203511
203512
203513
203514
203515
203516
203517
203518
203519
203520
204461
204462
204463
204464
204465
204466
204467
204468
204469
204470
204471
204472
204473
204474
204475
204476
204477
204478
204479
204480
205421
205422
205423
205424
205425
205426
205427
205428
205429
205430
205431
205432
205433
205434
205435
205436
205437
205438
205439
205440
206381
206382
206383
206384
206385
206386
206387
206388
206389
206390
206391
206392
206393
206394
206395
206396
206397
206398
206399
206400
207341
207342
207343
207344
207345
207346
207347
207348
207349
207350
207351
207352
207353
207354
207355
207356
207357
207358
207359
207360
208301
208302
208303
208304
208305
208306
208307
208308
208309
208310
208311
208312
208313
208314
208315
208316
208317
208318
208319
208320
209261
209262
209263
209264
209265
209266
209267
209268
209269
209270
209271
209272
209273
209274
209275
209276
209277
209278
209279
209280
210221
210222
210223
210224
210225
210226
210227
210228
210229
210230
210231
210232
210233
210234
210235
210236
210237
210238
210239
210240
211181
211182
211183
211184
211185
211186
211187
211188
211189
211190
211191
211192
211193
211194
211195
211196
211197
211198
211199
211200
212141
212142
212143
212144
212145
212146
212147
212148
212149
212150
212151
212152
212153
212154
212155
212156
212157
212158
212159
212160
213101
213102
213103
213104
213105
213106
213107
213108
213109
213110
213111
213112
213113
213114
213115
213116
213117
213118
213119
213120
214061
214062
214063
214064
214065
214066
214067
214068
214069
214070
214071
214072
214073
214074
214075
214076
214077
214078
214079
214080
215021
215022
215023
215024
215025
215026
215027
215028
215029
215030
215031
215032
215033
215034
215035
215036
215037
215038
215039
215040
215981
215982
215983
215984
215985
215986
215987
215988
215989
215990
215991
215992
215993
215994
215995
215996
215997
215998
215999
216000
216941
216942
216943
216944
216945
216946
216947
216948
216949
216950
216951
216952
216953
216954
216955
216956
216957
216958
216959
216960
217901
217902
217903
217904
217905
217906
217907
217908
217909
217910
217911
217912
217913
217914
217915
217916
217917
217918
217919
217920
218861
218862
218863
218864
218865
218866
218867
218868
218869
218870
218871
218872
218873
218874
218875
218876
218877
218878
218879
218880
219821
219822
219823
219824
219825
219826
219827
219828
219829
219830
219831
219832
219833
219834
219835
219836
219837
219838
219839
219840
220781
220782
220783
220784
220785
220786
220787
220788
220789
220790
220791
220792
220793
220794
220795
220796
220797
220798
220799
220800
221741
221742
221743
221744
221745
221746
221747
221748
221749
221750
221751
221752
221753
221754
221755
221756
221757
221758
221759
221760
222701
222702
222703
222704
222705
222706
222707
222708
222709
222710
222711
222712
222713
222714
222715
222716
222717
222718
222719
222720
223661
223662
223663
223664
223665
223666
223667
223668
223669
223670
223671
223672
223673
223674
223675
223676
223677
223678
223679
223680
224621
224622
224623
224624
224625
224626
224627
224628
224629
224630
224631
224632
224633
224634
224635
224636
224637
224638
224639
224640
225581
225582
225583
225584
225585
225586
225587
225588
225589
225590
225591
225592
225593
225594
225595
225596
225597
225598
225599
225600
226541
226542
226543
226544
226545
226546
226547
226548
226549
226550
226551
226552
226553
226554
226555
226556
226557
226558
226559
226560
227501
227502
227503
227504
227505
227506
227507
227508
227509
227510
227511
227512
227513
227514
227515
227516
227517
227518
227519
227520
228461
228462
228463
228464
228465
228466
228467
228468
228469
228470
228471
228472
228473
228474
228475
228476
228477
228478
228479
228480
229421
229422
229423
229424
229425
229426
229427
229428
229429
229430
229431
229432
229433
229434
229435
229436
229437
229438
229439
229440
230381
230382
230383
230384
230385
230386
230387
230388
230389
230390
230391
230392
230393
230394
230395
230396
230397
230398
230399
230400
231879
231880
231881
231882
231883
231884
231885
231886
231887
231888
231889
231890
231891
231892
231893
231894
231895
231896
231897
231898
232839
232840
232841
232842
232843
232844
232845
232846
232847
232848
232849
232850
232851
232852
232853
232854
232855
232856
232857
232858
233799
233800
233801
233802
233803
233804
233805
233806
233807
233808
233809
233810
233811
233812
233813
233814
233815
233816
233817
233818
234759
234760
234761
234762
234763
234764
234765
234766
234767
234768
234769
234770
234771
234772
234773
234774
234775
234776
234777
234778
235719
235720
235721
235722
235723
235724
235725
235726
235727
235728
235729
235730
235731
235732
235733
235734
235735
235736
235737
235738
236679
236680
236681
236682
236683
236684
236685
236686
236687
236688
236689
236690
236691
236692
236693
236694
236695
236696
236697
236698
237639
237640
237641
237642
237643
237644
237645
237646
237647
237648
237649
237650
237651
237652
237653
237654
237655
237656
237657
237658
238599
238600
238601
238602
238603
238604
238605
238606
238607
238608
238609
238610
238611
238612
238613
238614
238615
238616
238617
238618
239559
239560
239561
239562
239563
239564
239565
239566
239567
239568
239569
239570
239571
239572
239573
239574
239575
239576
239577
239578
240519
240520
240521
240522
240523
240524
240525
240526
240527
240528
240529
240530
240531
240532
240533
240534
240535
240536
240537
240538
241479
241480
241481
241482
241483
241484
241485
241486
241487
241488
241489
241490
241491
241492
241493
241494
241495
241496
241497
241498
242439
242440
242441
242442
242443
242444
242445
242446
242447
242448
242449
242450
242451
242452
242453
242454
242455
242456
242457
242458
243399
243400
243401
243402
243403
243404
243405
243406
243407
243408
243409
243410
243411
243412
243413
243414
243415
243416
243417
243418
244359
244360
244361
244362
244363
244364
244365
244366
244367
244368
244369
244370
244371
244372
244373
244374
244375
244376
244377
244378
245319
245320
245321
245322
245323
245324
245325
245326
245327
245328
245329
245330
245331
245332
245333
245334
245335
245336
245337
245338
246279
246280
246281
246282
246283
246284
246285
246286
246287
246288
246289
246290
246291
246292
246293
246294
246295
246296
246297
246298
247239
247240
247241
247242
247243
247244
247245
247246
247247
247248
247249
247250
247251
247252
247253
247254
247255
247256
247257
247258
248199
248200
248201
248202
248203
248204
248205
248206
248207
248208
248209
248210
248211
248212
248213
248214
248215
248216
248217
248218
249159
249160
249161
249162
249163
249164
249165
249166
249167
249168
249169
249170
249171
249172
249173
249174
249175
249176
249177
249178
250119
250120
250121
250122
250123
250124
250125
250126
250127
250128
250129
250130
250131
250132
250133
250134
250135
250136
250137
250138
251079
251080
251081
251082
251083
251084
251085
251086
251087
251088
251089
251090
251091
251092
251093
251094
251095
251096
251097
251098
252039
252040
252041
252042
252043
252044
252045
252046
252047
252048
252049
252050
252051
252052
252053
252054
252055
252056
252057
252058
252999
253000
253001
253002
253003
253004
253005
253006
253007
253008
253009
253010
253011
253012
253013
253014
253015
253016
253017
253018
253959
253960
253961
253962
253963
253964
253965
253966
253967
253968
253969
253970
253971
253972
253973
253974
253975
253976
253977
253978
254919
254920
254921
254922
254923
254924
254925
254926
254927
254928
254929
254930
254931
254932
254933
254934
254935
254936
254937
254938
255879
255880
255881
255882
255883
255884
255885
255886
255887
255888
255889
255890
255891
255892
255893
255894
255895
255896
255897
255898
256839
256840
256841
256842
256843
256844
256845
256846
256847
256848
256849
256850
256851
256852
256853
256854
256855
256856
256857
256858
257799
257800
257801
257802
257803
257804
257805
257806
257807
257808
257809
257810
257811
257812
257813
257814
257815
257816
257817
257818
258759
258760
258761
258762
258763
258764
258765
258766
258767
258768
258769
258770
258771
258772
258773
258774
258775
258776
258777
258778
259719
259720
259721
259722
259723
259724
259725
259726
259727
259728
259729
259730
259731
259732
259733
259734
259735
259736
259737
259738
260679
260680
260681
260682
260683
260684
260685
260686
260687
260688
260689
260690
260691
260692
260693
260694
260695
260696
260697
260698
261639
261640
261641
261642
261643
261644
261645
261646
261647
261648
261649
261650
261651
261652
261653
261654
261655
261656
261657
261658
262599
262600
262601
262602
262603
262604
262605
262606
262607
262608
262609
262610
262611
262612
262613
262614
262615
262616
262617
262618
263559
263560
263561
263562
263563
263564
263565
263566
263567
263568
263569
263570
263571
263572
263573
263574
263575
263576
263577
263578
264519
264520
264521
264522
264523
264524
264525
264526
264527
264528
264529
264530
264531
264532
264533
264534
264535
264536
264537
264538
265479
265480
265481
265482
265483
265484
265485
265486
265487
265488
265489
265490
265491
265492
265493
265494
265495
265496
265497
265498
266438
266439
266440
266441
266442
266443
266444
266445
266446
266447
266448
266449
266450
266451
266452
266453
266454
266455
266456
266457
266458
267398
267399
267400
267401
267402
267403
267404
267405
267406
267407
267408
267409
267410
267411
267412
267413
267414
267415
267416
267417
267418
268358
268359
268360
268361
268362
268363
268364
268365
268366
268367
268368
268369
268370
268371
268372
268373
268374
268375
268376
268377
268378
269318
269319
269320
269321
269322
269323
269324
269325
269326
269327
269328
269329
269330
269331
269332
269333
269334
269335
269336
269337
269338
270278
270279
270280
270281
270282
270283
270284
270285
270286
270287
270288
270289
270290
270291
270292
270293
270294
270295
270296
270297
270298
271238
271239
271240
271241
271242
271243
271244
271245
271246
271247
271248
271249
271250
271251
271252
271253
271254
271255
271256
271257
271258
272198
272199
272200
272201
272202
272203
272204
272205
272206
272207
272208
272209
272210
272211
272212
272213
272214
272215
272216
272217
272218
273158
273159
273160
273161
273162
273163
273164
273165
273166
273167
273168
273169
273170
273171
273172
273173
273174
273175
273176
273177
273178
274118
274119
274120
274121
274122
274123
274124
274125
274126
274127
274128
274129
274130
274131
274132
274133
274134
274135
274136
274137
274138
275078
275079
275080
275081
275082
275083
275084
275085
275086
275087
275088
275089
275090
275091
275092
275093
275094
275095
275096
275097
275098
276038
276039
276040
276041
276042
276043
276044
276045
276046
276047
276048
276049
276050
276051
276052
276053
276054
276055
276056
276057
276058
276998
276999
277000
277001
277002
277003
277004
277005
277006
277007
277008
277009
277010
277011
277012
277013
277014
277015
277016
277017
277958
277959
277960
277961
277962
277963
277964
277965
277966
277967
277968
277969
277970
277971
277972
277973
277974
277975
277976
277977
278918
278919
278920
278921
278922
278923
278924
278925
278926
278927
278928
278929
278930
278931
278932
278933
278934
278935
278936
278937
279878
279879
279880
279881
279882
279883
279884
279885
279886
279887
279888
279889
279890
279891
279892
279893
279894
279895
279896
279897
280838
280839
280840
280841
280842
280843
280844
280845
280846
280847
280848
280849
280850
280851
280852
280853
280854
280855
280856
280857
281798
281799
281800
281801
281802
281803
281804
281805
281806
281807
281808
281809
281810
281811
281812
281813
281814
281815
281816
281817
282758
282759
282760
282761
282762
282763
282764
282765
282766
282767
282768
282769
282770
282771
282772
282773
282774
282775
282776
282777
283718
283719
283720
283721
283722
283723
283724
283725
283726
283727
283728
283729
283730
283731
283732
283733
283734
283735
283736
283737
284678
284679
284680
284681
284682
284683
284684
284685
284686
284687
284688
284689
284690
284691
284692
284693
284694
284695
284696
284697
285638
285639
285640
285641
285642
285643
285644
285645
285646
285647
285648
285649
285650
285651
285652
285653
285654
285655
285656
285657
286598
286599
286600
286601
286602
286603
286604
286605
286606
286607
286608
286609
286610
286611
286612
286613
286614
286615
286616
286617
287558
287559
287560
287561
287562
287563
287564
287565
287566
287567
287568
287569
287570
287571
287572
287573
287574
287575
287576
287577
288518
288519
288520
288521
288522
288523
288524
288525
288526
288527
288528
288529
288530
288531
288532
288533
288534
288535
288536
288537
289478
289479
289480
289481
289482
289483
289484
289485
289486
289487
289488
289489
289490
289491
289492
289493
289494
289495
289496
289497
290438
290439
290440
290441
290442
290443
290444
290445
290446
290447
290448
290449
290450
290451
290452
290453
290454
290455
290456
290457
291398
291399
291400
291401
291402
291403
291404
291405
291406
291407
291408
291409
291410
291411
291412
291413
291414
291415
291416
291417
292358
292359
292360
292361
292362
292363
292364
292365
292366
292367
292368
292369
292370
292371
292372
292373
292374
292375
292376
292377
293318
293319
293320
293321
293322
293323
293324
293325
293326
293327
293328
293329
293330
293331
293332
293333
293334
293335
293336
293337
294278
294279
294280
294281
294282
294283
294284
294285
294286
294287
294288
294289
294290
294291
294292
294293
294294
294295
294296
294297
295238
295239
295240
295241
295242
295243
295244
295245
295246
295247
295248
295249
295250
295251
295252
295253
295254
295255
295256
295257
296198
296199
296200
296201
296202
296203
296204
296205
296206
296207
296208
296209
296210
296211
296212
296213
296214
296215
296216
296217
297158
297159
297160
297161
297162
297163
297164
297165
297166
297167
297168
297169
297170
297171
297172
297173
297174
297175
297176
297177
298118
298119
298120
298121
298122
298123
298124
298125
298126
298127
298128
298129
298130
298131
298132
298133
298134
298135
298136
298137
299078
299079
299080
299081
299082
299083
299084
299085
299086
299087
299088
299089
299090
299091
299092
299093
299094
299095
299096
299097
300038
300039
300040
300041
300042
300043
300044
300045
300046
300047
300048
300049
300050
300051
300052
300053
300054
300055
300056
300057
300998
300999
301000
301001
301002
301003
301004
301005
301006
301007
301008
301009
301010
301011
301012
301013
301014
301015
301016
301017
301958
301959
301960
301961
301962
301963
301964
301965
301966
301967
301968
301969
301970
301971
301972
301973
301974
301975
301976
301977
302918
302919
302920
302921
302922
302923
302924
302925
302926
302927
302928
302929
302930
302931
302932
302933
302934
302935
302936
302937
303878
303879
303880
303881
303882
303883
303884
303885
303886
303887
303888
303889
303890
303891
303892
303893
303894
303895
303896
303897
304838
304839
304840
304841
304842
304843
304844
304845
304846
304847
304848
304849
304850
304851
304852
304853
304854
304855
304856
304857
305798
305799
305800
305801
305802
305803
305804
305805
305806
305807
305808
305809
305810
305811
305812
305813
305814
305815
305816
305817
306758
306759
306760
306761
306762
306763
306764
306765
306766
306767
306768
306769
306770
306771
306772
306773
306774
306775
306776
306777
307718
307719
307720
307721
307722
307723
307724
307725
307726
307727
307728
307729
307730
307731
307732
307733
307734
307735
307736
307737
309375
309376
309377
309378
309379
309380
309381
309382
309383
309384
309385
309386
309387
309388
309389
309390
309391
309392
309393
309394
-1760
-3680
-5600
-7520
-9440
-11360
-13280
-15199
-17118
-19037
-20956
-22875
-24794
-26713
-28632
-30551
-32470
-34389
-36308
-38227
-40146
-42065
-43984
-45903
-47822
-49741
-51660
-53579
-55498
-57417
-59336
-61255
-63174
-65093
-67012
-68931
-68932
-70848
-72767
-74686
-76606
-78526
-80446
-82366
-84286
-86206
-88126
-90046
-91966
-93885
-95804
-97723
-99642
-101561
-103480
-105399
-107318
-109237
-111156
-113075
-114994
-116913
-118832
-120751
-122670
-124589
-126508
-128427
-130346
-132265
-134184
-136103
-138022
-139941
-141860
-143779
-145698
-147617
-149536
-151455
-152496
1800
3720
5640
7560
9480
11400
13320
15239
17158
19077
20996
22915
24834
26753
28672
30591
32510
34429
36348
38267
40186
42105
44024
45943
47862
49781
51700
53619
55538
57457
59376
61295
63214
65133
67052
68971
70890
72809
74728
76648
78568
80488
82408
84328
86248
88168
90088
90089
92006
93925
95844
97763
99682
101601
103520
105439
107358
109277
111196
113115
115034
116953
118872
120791
122710
124629
126548
128467
130386
132305
134224
136143
138062
139981
141900
143819
145738
147657
149576
151495
152516
)


// ************************************************************************* //
