/*--------------------------------*- C++ -*----------------------------------*\
| =========                 |                                                 |
| \\      /  F ield         | OpenFOAM: The Open Source CFD Toolbox           |
|  \\    /   O peration     | Version:  2.3.0                                 |
|   \\  /    A nd           | Web:      www.OpenFOAM.org                      |
|    \\/     M anipulation  |                                                 |
\*---------------------------------------------------------------------------*/
FoamFile
{
    version     2.0;
    format      ascii;
    class       labelList;
    location    "constant/polyMesh";
    object      faceProcAddressing;
}
// * * * * * * * * * * * * * * * * * * * * * * * * * * * * * * * * * * * * * //


6529
(
192
193
194
195
196
197
198
199
200
201
202
203
204
205
206
207
208
209
210
211
212
213
214
215
216
217
218
219
220
221
222
223
224
225
226
227
228
229
231
2112
2113
2114
2115
2116
2117
2118
2119
2120
2121
2122
2123
2124
2125
2126
2127
2128
2129
2130
2131
2132
2133
2134
2135
2136
2137
2138
2139
2140
2141
2142
2143
2144
2145
2146
2147
2148
2149
2151
4032
4033
4034
4035
4036
4037
4038
4039
4040
4041
4042
4043
4044
4045
4046
4047
4048
4049
4050
4051
4052
4053
4054
4055
4056
4057
4058
4059
4060
4061
4062
4063
4064
4065
4066
4067
4068
4069
4071
5950
5951
5952
5953
5954
5955
5956
5957
5958
5959
5960
5961
5962
5963
5964
5965
5966
5967
5968
5969
5970
5971
5972
5973
5974
5975
5976
5977
5978
5979
5980
5981
5982
5983
5984
5985
5986
5987
5988
5989
5991
7870
7871
7872
7873
7874
7875
7876
7877
7878
7879
7880
7881
7882
7883
7884
7885
7886
7887
7888
7889
7890
7891
7892
7893
7894
7895
7896
7897
7898
7899
7900
7901
7902
7903
7904
7905
7906
7907
7908
7909
7911
9790
9791
9792
9793
9794
9795
9796
9797
9798
9799
9800
9801
9802
9803
9804
9805
9806
9807
9808
9809
9810
9811
9812
9813
9814
9815
9816
9817
9818
9819
9820
9821
9822
9823
9824
9825
9826
9827
9828
9829
9831
11710
11711
11712
11713
11714
11715
11716
11717
11718
11719
11720
11721
11722
11723
11724
11725
11726
11727
11728
11729
11730
11731
11732
11733
11734
11735
11736
11737
11738
11739
11740
11741
11742
11743
11744
11745
11746
11747
11748
11749
11751
13629
13630
13631
13632
13633
13634
13635
13636
13637
13638
13639
13640
13641
13642
13643
13644
13645
13646
13647
13648
13649
13650
13651
13652
13653
13654
13655
13656
13657
13658
13659
13660
13661
13662
13663
13664
13665
13666
13667
13668
13670
15548
15549
15550
15551
15552
15553
15554
15555
15556
15557
15558
15559
15560
15561
15562
15563
15564
15565
15566
15567
15568
15569
15570
15571
15572
15573
15574
15575
15576
15577
15578
15579
15580
15581
15582
15583
15584
15585
15586
15587
15589
17467
17468
17469
17470
17471
17472
17473
17474
17475
17476
17477
17478
17479
17480
17481
17482
17483
17484
17485
17486
17487
17488
17489
17490
17491
17492
17493
17494
17495
17496
17497
17498
17499
17500
17501
17502
17503
17504
17505
17506
17508
19386
19387
19388
19389
19390
19391
19392
19393
19394
19395
19396
19397
19398
19399
19400
19401
19402
19403
19404
19405
19406
19407
19408
19409
19410
19411
19412
19413
19414
19415
19416
19417
19418
19419
19420
19421
19422
19423
19424
19425
19427
21305
21306
21307
21308
21309
21310
21311
21312
21313
21314
21315
21316
21317
21318
21319
21320
21321
21322
21323
21324
21325
21326
21327
21328
21329
21330
21331
21332
21333
21334
21335
21336
21337
21338
21339
21340
21341
21342
21343
21344
21346
23224
23225
23226
23227
23228
23229
23230
23231
23232
23233
23234
23235
23236
23237
23238
23239
23240
23241
23242
23243
23244
23245
23246
23247
23248
23249
23250
23251
23252
23253
23254
23255
23256
23257
23258
23259
23260
23261
23262
23263
23265
25143
25144
25145
25146
25147
25148
25149
25150
25151
25152
25153
25154
25155
25156
25157
25158
25159
25160
25161
25162
25163
25164
25165
25166
25167
25168
25169
25170
25171
25172
25173
25174
25175
25176
25177
25178
25179
25180
25181
25182
25184
27062
27063
27064
27065
27066
27067
27068
27069
27070
27071
27072
27073
27074
27075
27076
27077
27078
27079
27080
27081
27082
27083
27084
27085
27086
27087
27088
27089
27090
27091
27092
27093
27094
27095
27096
27097
27098
27099
27100
27101
28981
28982
28983
28984
28985
28986
28987
28988
28989
28990
28991
28992
28993
28994
28995
28996
28997
28998
28999
29000
29001
29002
29003
29004
29005
29006
29007
29008
29009
29010
29011
29012
29013
29014
29015
29016
29017
29018
29020
30900
30901
30902
30903
30904
30905
30906
30907
30908
30909
30910
30911
30912
30913
30914
30915
30916
30917
30918
30919
30920
30921
30922
30923
30924
30925
30926
30927
30928
30929
30930
30931
30932
30933
30934
30935
30936
30937
30939
32819
32820
32821
32822
32823
32824
32825
32826
32827
32828
32829
32830
32831
32832
32833
32834
32835
32836
32837
32838
32839
32840
32841
32842
32843
32844
32845
32846
32847
32848
32849
32850
32851
32852
32853
32854
32855
32856
32858
34738
34739
34740
34741
34742
34743
34744
34745
34746
34747
34748
34749
34750
34751
34752
34753
34754
34755
34756
34757
34758
34759
34760
34761
34762
34763
34764
34765
34766
34767
34768
34769
34770
34771
34772
34773
34774
34775
34777
36657
36658
36659
36660
36661
36662
36663
36664
36665
36666
36667
36668
36669
36670
36671
36672
36673
36674
36675
36676
36677
36678
36679
36680
36681
36682
36683
36684
36685
36686
36687
36688
36689
36690
36691
36692
36693
36694
36696
38576
38577
38578
38579
38580
38581
38582
38583
38584
38585
38586
38587
38588
38589
38590
38591
38592
38593
38594
38595
38596
38597
38598
38599
38600
38601
38602
38603
38604
38605
38606
38607
38608
38609
38610
38611
38612
38613
38615
40495
40496
40497
40498
40499
40500
40501
40502
40503
40504
40505
40506
40507
40508
40509
40510
40511
40512
40513
40514
40515
40516
40517
40518
40519
40520
40521
40522
40523
40524
40525
40526
40527
40528
40529
40530
40531
40532
40534
42414
42415
42416
42417
42418
42419
42420
42421
42422
42423
42424
42425
42426
42427
42428
42429
42430
42431
42432
42433
42434
42435
42436
42437
42438
42439
42440
42441
42442
42443
42444
42445
42446
42447
42448
42449
42450
42451
42453
44333
44334
44335
44336
44337
44338
44339
44340
44341
44342
44343
44344
44345
44346
44347
44348
44349
44350
44351
44352
44353
44354
44355
44356
44357
44358
44359
44360
44361
44362
44363
44364
44365
44366
44367
44368
44369
44370
44372
46252
46253
46254
46255
46256
46257
46258
46259
46260
46261
46262
46263
46264
46265
46266
46267
46268
46269
46270
46271
46272
46273
46274
46275
46276
46277
46278
46279
46280
46281
46282
46283
46284
46285
46286
46287
46288
46289
46291
48171
48172
48173
48174
48175
48176
48177
48178
48179
48180
48181
48182
48183
48184
48185
48186
48187
48188
48189
48190
48191
48192
48193
48194
48195
48196
48197
48198
48199
48200
48201
48202
48203
48204
48205
48206
48207
48208
48210
50090
50091
50092
50093
50094
50095
50096
50097
50098
50099
50100
50101
50102
50103
50104
50105
50106
50107
50108
50109
50110
50111
50112
50113
50114
50115
50116
50117
50118
50119
50120
50121
50122
50123
50124
50125
50126
50127
50129
52009
52010
52011
52012
52013
52014
52015
52016
52017
52018
52019
52020
52021
52022
52023
52024
52025
52026
52027
52028
52029
52030
52031
52032
52033
52034
52035
52036
52037
52038
52039
52040
52041
52042
52043
52044
52045
52046
52048
53928
53929
53930
53931
53932
53933
53934
53935
53936
53937
53938
53939
53940
53941
53942
53943
53944
53945
53946
53947
53948
53949
53950
53951
53952
53953
53954
53955
53956
53957
53958
53959
53960
53961
53962
53963
53964
53965
53967
55847
55848
55849
55850
55851
55852
55853
55854
55855
55856
55857
55858
55859
55860
55861
55862
55863
55864
55865
55866
55867
55868
55869
55870
55871
55872
55873
55874
55875
55876
55877
55878
55879
55880
55881
55882
55883
55884
55886
57766
57767
57768
57769
57770
57771
57772
57773
57774
57775
57776
57777
57778
57779
57780
57781
57782
57783
57784
57785
57786
57787
57788
57789
57790
57791
57792
57793
57794
57795
57796
57797
57798
57799
57800
57801
57802
57803
57805
59685
59686
59687
59688
59689
59690
59691
59692
59693
59694
59695
59696
59697
59698
59699
59700
59701
59702
59703
59704
59705
59706
59707
59708
59709
59710
59711
59712
59713
59714
59715
59716
59717
59718
59719
59720
59721
59722
59724
61604
61605
61606
61607
61608
61609
61610
61611
61612
61613
61614
61615
61616
61617
61618
61619
61620
61621
61622
61623
61624
61625
61626
61627
61628
61629
61630
61631
61632
61633
61634
61635
61636
61637
61638
61639
61640
61641
61643
63523
63524
63525
63526
63527
63528
63529
63530
63531
63532
63533
63534
63535
63536
63537
63538
63539
63540
63541
63542
63543
63544
63545
63546
63547
63548
63549
63550
63551
63552
63553
63554
63555
63556
63557
63558
63559
63560
63562
65442
65443
65444
65445
65446
65447
65448
65449
65450
65451
65452
65453
65454
65455
65456
65457
65458
65459
65460
65461
65462
65463
65464
65465
65466
65467
65468
65469
65470
65471
65472
65473
65474
65475
65476
65477
65478
65479
65481
67361
67362
67363
67364
67365
67366
67367
67368
67369
67370
67371
67372
67373
67374
67375
67376
67377
67378
67379
67380
67381
67382
67383
67384
67385
67386
67387
67388
67389
67390
67391
67392
67393
67394
67395
67396
67397
67398
67400
69280
69281
69282
69283
69284
69285
69286
69287
69288
69289
69290
69291
69292
69293
69294
69295
69296
69297
69298
69299
69300
69301
69302
69303
69304
69305
69306
69307
69308
69309
69310
69311
69312
69313
69314
69315
69316
69317
69319
71199
71200
71201
71202
71203
71204
71205
71206
71207
71208
71209
71210
71211
71212
71213
71214
71215
71216
71217
71218
71219
71220
71221
71222
71223
71224
71225
71226
71227
71228
71229
71230
71231
71232
71233
71234
71235
71236
71238
73118
73119
73120
73121
73122
73123
73124
73125
73126
73127
73128
73129
73130
73131
73132
73133
73134
73135
73136
73137
73138
73139
73140
73141
73142
73143
73144
73145
73146
73147
73148
73149
73150
73151
73152
73153
73154
73155
73157
75038
75039
75040
75041
75042
75043
75044
75045
75046
75047
75048
75049
75050
75051
75052
75053
75054
75055
75056
75057
75058
75059
75060
75061
75062
75063
75064
75065
75066
75067
75068
75069
75070
75071
75072
75073
75074
75075
75077
76958
76959
76960
76961
76962
76963
76964
76965
76966
76967
76968
76969
76970
76971
76972
76973
76974
76975
76976
76977
76978
76979
76980
76981
76982
76983
76984
76985
76986
76987
76988
76989
76990
76991
76992
76993
76994
76995
76997
78878
78879
78880
78881
78882
78883
78884
78885
78886
78887
78888
78889
78890
78891
78892
78893
78894
78895
78896
78897
78898
78899
78900
78901
78902
78903
78904
78905
78906
78907
78908
78909
78910
78911
78912
78913
78914
78915
78917
80798
80799
80800
80801
80802
80803
80804
80805
80806
80807
80808
80809
80810
80811
80812
80813
80814
80815
80816
80817
80818
80819
80820
80821
80822
80823
80824
80825
80826
80827
80828
80829
80830
80831
80832
80833
80834
80835
80837
82718
82719
82720
82721
82722
82723
82724
82725
82726
82727
82728
82729
82730
82731
82732
82733
82734
82735
82736
82737
82738
82739
82740
82741
82742
82743
82744
82745
82746
82747
82748
82749
82750
82751
82752
82753
82754
82755
82757
84638
84639
84640
84641
84642
84643
84644
84645
84646
84647
84648
84649
84650
84651
84652
84653
84654
84655
84656
84657
84658
84659
84660
84661
84662
84663
84664
84665
84666
84667
84668
84669
84670
84671
84672
84673
84674
84675
84677
86558
86559
86560
86561
86562
86563
86564
86565
86566
86567
86568
86569
86570
86571
86572
86573
86574
86575
86576
86577
86578
86579
86580
86581
86582
86583
86584
86585
86586
86587
86588
86589
86590
86591
86592
86593
86594
86595
86597
88478
88479
88480
88481
88482
88483
88484
88485
88486
88487
88488
88489
88490
88491
88492
88493
88494
88495
88496
88497
88498
88499
88500
88501
88502
88503
88504
88505
88506
88507
88508
88509
88510
88511
88512
88513
88514
88515
88517
90398
90399
90400
90401
90402
90403
90404
90405
90406
90407
90408
90409
90410
90411
90412
90413
90414
90415
90416
90417
90418
90419
90420
90421
90422
90423
90424
90425
90426
90427
90428
90429
90430
90431
90432
90433
90434
90435
90437
92317
92318
92319
92320
92321
92322
92323
92324
92325
92326
92327
92328
92329
92330
92331
92332
92333
92334
92335
92336
92337
92338
92339
92340
92341
92342
92343
92344
92345
92346
92347
92348
92349
92350
92351
92352
92353
92354
92356
94236
94237
94238
94239
94240
94241
94242
94243
94244
94245
94246
94247
94248
94249
94250
94251
94252
94253
94254
94255
94256
94257
94258
94259
94260
94261
94262
94263
94264
94265
94266
94267
94268
94269
94270
94271
94272
94273
94275
96155
96156
96157
96158
96159
96160
96161
96162
96163
96164
96165
96166
96167
96168
96169
96170
96171
96172
96173
96174
96175
96176
96177
96178
96179
96180
96181
96182
96183
96184
96185
96186
96187
96188
96189
96190
96191
96192
96194
98074
98075
98076
98077
98078
98079
98080
98081
98082
98083
98084
98085
98086
98087
98088
98089
98090
98091
98092
98093
98094
98095
98096
98097
98098
98099
98100
98101
98102
98103
98104
98105
98106
98107
98108
98109
98110
98111
98113
99993
99994
99995
99996
99997
99998
99999
100000
100001
100002
100003
100004
100005
100006
100007
100008
100009
100010
100011
100012
100013
100014
100015
100016
100017
100018
100019
100020
100021
100022
100023
100024
100025
100026
100027
100028
100029
100030
100032
101912
101913
101914
101915
101916
101917
101918
101919
101920
101921
101922
101923
101924
101925
101926
101927
101928
101929
101930
101931
101932
101933
101934
101935
101936
101937
101938
101939
101940
101941
101942
101943
101944
101945
101946
101947
101948
101949
101951
103831
103832
103833
103834
103835
103836
103837
103838
103839
103840
103841
103842
103843
103844
103845
103846
103847
103848
103849
103850
103851
103852
103853
103854
103855
103856
103857
103858
103859
103860
103861
103862
103863
103864
103865
103866
103867
103868
103870
105750
105751
105752
105753
105754
105755
105756
105757
105758
105759
105760
105761
105762
105763
105764
105765
105766
105767
105768
105769
105770
105771
105772
105773
105774
105775
105776
105777
105778
105779
105780
105781
105782
105783
105784
105785
105786
105787
105789
107669
107670
107671
107672
107673
107674
107675
107676
107677
107678
107679
107680
107681
107682
107683
107684
107685
107686
107687
107688
107689
107690
107691
107692
107693
107694
107695
107696
107697
107698
107699
107700
107701
107702
107703
107704
107705
107706
107708
109588
109589
109590
109591
109592
109593
109594
109595
109596
109597
109598
109599
109600
109601
109602
109603
109604
109605
109606
109607
109608
109609
109610
109611
109612
109613
109614
109615
109616
109617
109618
109619
109620
109621
109622
109623
109624
109625
109627
111507
111508
111509
111510
111511
111512
111513
111514
111515
111516
111517
111518
111519
111520
111521
111522
111523
111524
111525
111526
111527
111528
111529
111530
111531
111532
111533
111534
111535
111536
111537
111538
111539
111540
111541
111542
111543
111544
111546
113426
113427
113428
113429
113430
113431
113432
113433
113434
113435
113436
113437
113438
113439
113440
113441
113442
113443
113444
113445
113446
113447
113448
113449
113450
113451
113452
113453
113454
113455
113456
113457
113458
113459
113460
113461
113462
113463
113465
115345
115346
115347
115348
115349
115350
115351
115352
115353
115354
115355
115356
115357
115358
115359
115360
115361
115362
115363
115364
115365
115366
115367
115368
115369
115370
115371
115372
115373
115374
115375
115376
115377
115378
115379
115380
115381
115382
115384
117264
117265
117266
117267
117268
117269
117270
117271
117272
117273
117274
117275
117276
117277
117278
117279
117280
117281
117282
117283
117284
117285
117286
117287
117288
117289
117290
117291
117292
117293
117294
117295
117296
117297
117298
117299
117300
117301
117303
119183
119184
119185
119186
119187
119188
119189
119190
119191
119192
119193
119194
119195
119196
119197
119198
119199
119200
119201
119202
119203
119204
119205
119206
119207
119208
119209
119210
119211
119212
119213
119214
119215
119216
119217
119218
119219
119220
119222
121102
121103
121104
121105
121106
121107
121108
121109
121110
121111
121112
121113
121114
121115
121116
121117
121118
121119
121120
121121
121122
121123
121124
121125
121126
121127
121128
121129
121130
121131
121132
121133
121134
121135
121136
121137
121138
121139
121141
123021
123022
123023
123024
123025
123026
123027
123028
123029
123030
123031
123032
123033
123034
123035
123036
123037
123038
123039
123040
123041
123042
123043
123044
123045
123046
123047
123048
123049
123050
123051
123052
123053
123054
123055
123056
123057
123058
123060
124940
124941
124942
124943
124944
124945
124946
124947
124948
124949
124950
124951
124952
124953
124954
124955
124956
124957
124958
124959
124960
124961
124962
124963
124964
124965
124966
124967
124968
124969
124970
124971
124972
124973
124974
124975
124976
124977
124979
126859
126860
126861
126862
126863
126864
126865
126866
126867
126868
126869
126870
126871
126872
126873
126874
126875
126876
126877
126878
126879
126880
126881
126882
126883
126884
126885
126886
126887
126888
126889
126890
126891
126892
126893
126894
126895
126896
126898
128778
128779
128780
128781
128782
128783
128784
128785
128786
128787
128788
128789
128790
128791
128792
128793
128794
128795
128796
128797
128798
128799
128800
128801
128802
128803
128804
128805
128806
128807
128808
128809
128810
128811
128812
128813
128814
128815
128817
130697
130698
130699
130700
130701
130702
130703
130704
130705
130706
130707
130708
130709
130710
130711
130712
130713
130714
130715
130716
130717
130718
130719
130720
130721
130722
130723
130724
130725
130726
130727
130728
130729
130730
130731
130732
130733
130734
130736
132616
132617
132618
132619
132620
132621
132622
132623
132624
132625
132626
132627
132628
132629
132630
132631
132632
132633
132634
132635
132636
132637
132638
132639
132640
132641
132642
132643
132644
132645
132646
132647
132648
132649
132650
132651
132652
132653
132655
134535
134536
134537
134538
134539
134540
134541
134542
134543
134544
134545
134546
134547
134548
134549
134550
134551
134552
134553
134554
134555
134556
134557
134558
134559
134560
134561
134562
134563
134564
134565
134566
134567
134568
134569
134570
134571
134572
134574
136454
136455
136456
136457
136458
136459
136460
136461
136462
136463
136464
136465
136466
136467
136468
136469
136470
136471
136472
136473
136474
136475
136476
136477
136478
136479
136480
136481
136482
136483
136484
136485
136486
136487
136488
136489
136490
136491
136493
138373
138374
138375
138376
138377
138378
138379
138380
138381
138382
138383
138384
138385
138386
138387
138388
138389
138390
138391
138392
138393
138394
138395
138396
138397
138398
138399
138400
138401
138402
138403
138404
138405
138406
138407
138408
138409
138410
138412
140292
140293
140294
140295
140296
140297
140298
140299
140300
140301
140302
140303
140304
140305
140306
140307
140308
140309
140310
140311
140312
140313
140314
140315
140316
140317
140318
140319
140320
140321
140322
140323
140324
140325
140326
140327
140328
140329
140331
142211
142212
142213
142214
142215
142216
142217
142218
142219
142220
142221
142222
142223
142224
142225
142226
142227
142228
142229
142230
142231
142232
142233
142234
142235
142236
142237
142238
142239
142240
142241
142242
142243
142244
142245
142246
142247
142248
142250
144130
144131
144132
144133
144134
144135
144136
144137
144138
144139
144140
144141
144142
144143
144144
144145
144146
144147
144148
144149
144150
144151
144152
144153
144154
144155
144156
144157
144158
144159
144160
144161
144162
144163
144164
144165
144166
144167
144169
146049
146050
146051
146052
146053
146054
146055
146056
146057
146058
146059
146060
146061
146062
146063
146064
146065
146066
146067
146068
146069
146070
146071
146072
146073
146074
146075
146076
146077
146078
146079
146080
146081
146082
146083
146084
146085
146086
146088
147968
147969
147970
147971
147972
147973
147974
147975
147976
147977
147978
147979
147980
147981
147982
147983
147984
147985
147986
147987
147988
147989
147990
147991
147992
147993
147994
147995
147996
147997
147998
147999
148000
148001
148002
148003
148004
148005
148007
149887
149888
149889
149890
149891
149892
149893
149894
149895
149896
149897
149898
149899
149900
149901
149902
149903
149904
149905
149906
149907
149908
149909
149910
149911
149912
149913
149914
149915
149916
149917
149918
149919
149920
149921
149922
149923
149924
149926
151712
151713
151714
151715
151716
151717
151718
151719
151720
151721
151722
151723
151724
151725
151726
151727
151728
151729
151730
153757
153758
153759
153760
153761
153762
153763
153764
153765
153766
153767
153768
153769
153770
153771
153772
153773
153774
153775
153776
154717
154718
154719
154720
154721
154722
154723
154724
154725
154726
154727
154728
154729
154730
154731
154732
154733
154734
154735
154736
155677
155678
155679
155680
155681
155682
155683
155684
155685
155686
155687
155688
155689
155690
155691
155692
155693
155694
155695
155696
156636
156637
156638
156639
156640
156641
156642
156643
156644
156645
156646
156647
156648
156649
156650
156651
156652
156653
156654
156655
156656
157596
157597
157598
157599
157600
157601
157602
157603
157604
157605
157606
157607
157608
157609
157610
157611
157612
157613
157614
157615
157616
158556
158557
158558
158559
158560
158561
158562
158563
158564
158565
158566
158567
158568
158569
158570
158571
158572
158573
158574
158575
158576
159516
159517
159518
159519
159520
159521
159522
159523
159524
159525
159526
159527
159528
159529
159530
159531
159532
159533
159534
159535
159536
160476
160477
160478
160479
160480
160481
160482
160483
160484
160485
160486
160487
160488
160489
160490
160491
160492
160493
160494
160495
160496
161436
161437
161438
161439
161440
161441
161442
161443
161444
161445
161446
161447
161448
161449
161450
161451
161452
161453
161454
161455
161456
162396
162397
162398
162399
162400
162401
162402
162403
162404
162405
162406
162407
162408
162409
162410
162411
162412
162413
162414
162415
162416
163356
163357
163358
163359
163360
163361
163362
163363
163364
163365
163366
163367
163368
163369
163370
163371
163372
163373
163374
163375
163376
164316
164317
164318
164319
164320
164321
164322
164323
164324
164325
164326
164327
164328
164329
164330
164331
164332
164333
164334
164335
164336
165276
165277
165278
165279
165280
165281
165282
165283
165284
165285
165286
165287
165288
165289
165290
165291
165292
165293
165294
165295
165296
166236
166237
166238
166239
166240
166241
166242
166243
166244
166245
166246
166247
166248
166249
166250
166251
166252
166253
166254
166255
166256
167196
167197
167198
167199
167200
167201
167202
167203
167204
167205
167206
167207
167208
167209
167210
167211
167212
167213
167214
167215
167216
168156
168157
168158
168159
168160
168161
168162
168163
168164
168165
168166
168167
168168
168169
168170
168171
168172
168173
168174
168175
169116
169117
169118
169119
169120
169121
169122
169123
169124
169125
169126
169127
169128
169129
169130
169131
169132
169133
169134
169135
170076
170077
170078
170079
170080
170081
170082
170083
170084
170085
170086
170087
170088
170089
170090
170091
170092
170093
170094
170095
171036
171037
171038
171039
171040
171041
171042
171043
171044
171045
171046
171047
171048
171049
171050
171051
171052
171053
171054
171055
171996
171997
171998
171999
172000
172001
172002
172003
172004
172005
172006
172007
172008
172009
172010
172011
172012
172013
172014
172015
172956
172957
172958
172959
172960
172961
172962
172963
172964
172965
172966
172967
172968
172969
172970
172971
172972
172973
172974
172975
173916
173917
173918
173919
173920
173921
173922
173923
173924
173925
173926
173927
173928
173929
173930
173931
173932
173933
173934
173935
174876
174877
174878
174879
174880
174881
174882
174883
174884
174885
174886
174887
174888
174889
174890
174891
174892
174893
174894
174895
175836
175837
175838
175839
175840
175841
175842
175843
175844
175845
175846
175847
175848
175849
175850
175851
175852
175853
175854
175855
176796
176797
176798
176799
176800
176801
176802
176803
176804
176805
176806
176807
176808
176809
176810
176811
176812
176813
176814
176815
177756
177757
177758
177759
177760
177761
177762
177763
177764
177765
177766
177767
177768
177769
177770
177771
177772
177773
177774
177775
178716
178717
178718
178719
178720
178721
178722
178723
178724
178725
178726
178727
178728
178729
178730
178731
178732
178733
178734
178735
179676
179677
179678
179679
179680
179681
179682
179683
179684
179685
179686
179687
179688
179689
179690
179691
179692
179693
179694
179695
180636
180637
180638
180639
180640
180641
180642
180643
180644
180645
180646
180647
180648
180649
180650
180651
180652
180653
180654
180655
181596
181597
181598
181599
181600
181601
181602
181603
181604
181605
181606
181607
181608
181609
181610
181611
181612
181613
181614
181615
182556
182557
182558
182559
182560
182561
182562
182563
182564
182565
182566
182567
182568
182569
182570
182571
182572
182573
182574
182575
183516
183517
183518
183519
183520
183521
183522
183523
183524
183525
183526
183527
183528
183529
183530
183531
183532
183533
183534
183535
184476
184477
184478
184479
184480
184481
184482
184483
184484
184485
184486
184487
184488
184489
184490
184491
184492
184493
184494
184495
185436
185437
185438
185439
185440
185441
185442
185443
185444
185445
185446
185447
185448
185449
185450
185451
185452
185453
185454
185455
186396
186397
186398
186399
186400
186401
186402
186403
186404
186405
186406
186407
186408
186409
186410
186411
186412
186413
186414
186415
187356
187357
187358
187359
187360
187361
187362
187363
187364
187365
187366
187367
187368
187369
187370
187371
187372
187373
187374
187375
188316
188317
188318
188319
188320
188321
188322
188323
188324
188325
188326
188327
188328
188329
188330
188331
188332
188333
188334
188335
189276
189277
189278
189279
189280
189281
189282
189283
189284
189285
189286
189287
189288
189289
189290
189291
189292
189293
189294
189295
190236
190237
190238
190239
190240
190241
190242
190243
190244
190245
190246
190247
190248
190249
190250
190251
190252
190253
190254
190255
191196
191197
191198
191199
191200
191201
191202
191203
191204
191205
191206
191207
191208
191209
191210
191211
191212
191213
191214
191215
192156
192157
192158
192159
192160
192161
192162
192163
192164
192165
192166
192167
192168
192169
192170
192171
192172
192173
192174
192175
193116
193117
193118
193119
193120
193121
193122
193123
193124
193125
193126
193127
193128
193129
193130
193131
193132
193133
193134
193135
194076
194077
194078
194079
194080
194081
194082
194083
194084
194085
194086
194087
194088
194089
194090
194091
194092
194093
194094
194095
195036
195037
195038
195039
195040
195041
195042
195043
195044
195045
195046
195047
195048
195049
195050
195051
195052
195053
195054
195055
195996
195997
195998
195999
196000
196001
196002
196003
196004
196005
196006
196007
196008
196009
196010
196011
196012
196013
196014
196015
196956
196957
196958
196959
196960
196961
196962
196963
196964
196965
196966
196967
196968
196969
196970
196971
196972
196973
196974
196975
197916
197917
197918
197919
197920
197921
197922
197923
197924
197925
197926
197927
197928
197929
197930
197931
197932
197933
197934
197935
198876
198877
198878
198879
198880
198881
198882
198883
198884
198885
198886
198887
198888
198889
198890
198891
198892
198893
198894
198895
199836
199837
199838
199839
199840
199841
199842
199843
199844
199845
199846
199847
199848
199849
199850
199851
199852
199853
199854
199855
200796
200797
200798
200799
200800
200801
200802
200803
200804
200805
200806
200807
200808
200809
200810
200811
200812
200813
200814
200815
201756
201757
201758
201759
201760
201761
201762
201763
201764
201765
201766
201767
201768
201769
201770
201771
201772
201773
201774
201775
202716
202717
202718
202719
202720
202721
202722
202723
202724
202725
202726
202727
202728
202729
202730
202731
202732
202733
202734
202735
203676
203677
203678
203679
203680
203681
203682
203683
203684
203685
203686
203687
203688
203689
203690
203691
203692
203693
203694
203695
204636
204637
204638
204639
204640
204641
204642
204643
204644
204645
204646
204647
204648
204649
204650
204651
204652
204653
204654
204655
205596
205597
205598
205599
205600
205601
205602
205603
205604
205605
205606
205607
205608
205609
205610
205611
205612
205613
205614
205615
206556
206557
206558
206559
206560
206561
206562
206563
206564
206565
206566
206567
206568
206569
206570
206571
206572
206573
206574
206575
207516
207517
207518
207519
207520
207521
207522
207523
207524
207525
207526
207527
207528
207529
207530
207531
207532
207533
207534
207535
208476
208477
208478
208479
208480
208481
208482
208483
208484
208485
208486
208487
208488
208489
208490
208491
208492
208493
208494
208495
209436
209437
209438
209439
209440
209441
209442
209443
209444
209445
209446
209447
209448
209449
209450
209451
209452
209453
209454
209455
210396
210397
210398
210399
210400
210401
210402
210403
210404
210405
210406
210407
210408
210409
210410
210411
210412
210413
210414
210415
211356
211357
211358
211359
211360
211361
211362
211363
211364
211365
211366
211367
211368
211369
211370
211371
211372
211373
211374
211375
212316
212317
212318
212319
212320
212321
212322
212323
212324
212325
212326
212327
212328
212329
212330
212331
212332
212333
212334
212335
213276
213277
213278
213279
213280
213281
213282
213283
213284
213285
213286
213287
213288
213289
213290
213291
213292
213293
213294
213295
214236
214237
214238
214239
214240
214241
214242
214243
214244
214245
214246
214247
214248
214249
214250
214251
214252
214253
214254
214255
215196
215197
215198
215199
215200
215201
215202
215203
215204
215205
215206
215207
215208
215209
215210
215211
215212
215213
215214
215215
216156
216157
216158
216159
216160
216161
216162
216163
216164
216165
216166
216167
216168
216169
216170
216171
216172
216173
216174
216175
217116
217117
217118
217119
217120
217121
217122
217123
217124
217125
217126
217127
217128
217129
217130
217131
217132
217133
217134
217135
218076
218077
218078
218079
218080
218081
218082
218083
218084
218085
218086
218087
218088
218089
218090
218091
218092
218093
218094
218095
219036
219037
219038
219039
219040
219041
219042
219043
219044
219045
219046
219047
219048
219049
219050
219051
219052
219053
219054
219055
219996
219997
219998
219999
220000
220001
220002
220003
220004
220005
220006
220007
220008
220009
220010
220011
220012
220013
220014
220015
220956
220957
220958
220959
220960
220961
220962
220963
220964
220965
220966
220967
220968
220969
220970
220971
220972
220973
220974
220975
221916
221917
221918
221919
221920
221921
221922
221923
221924
221925
221926
221927
221928
221929
221930
221931
221932
221933
221934
221935
222876
222877
222878
222879
222880
222881
222882
222883
222884
222885
222886
222887
222888
222889
222890
222891
222892
222893
222894
222895
223836
223837
223838
223839
223840
223841
223842
223843
223844
223845
223846
223847
223848
223849
223850
223851
223852
223853
223854
223855
224796
224797
224798
224799
224800
224801
224802
224803
224804
224805
224806
224807
224808
224809
224810
224811
224812
224813
224814
224815
225756
225757
225758
225759
225760
225761
225762
225763
225764
225765
225766
225767
225768
225769
225770
225771
225772
225773
225774
225775
226716
226717
226718
226719
226720
226721
226722
226723
226724
226725
226726
226727
226728
226729
226730
226731
226732
226733
226734
226735
227676
227677
227678
227679
227680
227681
227682
227683
227684
227685
227686
227687
227688
227689
227690
227691
227692
227693
227694
227695
228636
228637
228638
228639
228640
228641
228642
228643
228644
228645
228646
228647
228648
228649
228650
228651
228652
228653
228654
228655
229596
229597
229598
229599
229600
229601
229602
229603
229604
229605
229606
229607
229608
229609
229610
229611
229612
229613
229614
229615
231094
231095
231096
231097
231098
231099
231100
231101
231102
231103
231104
231105
231106
231107
231108
231109
231110
231111
231112
231113
232054
232055
232056
232057
232058
232059
232060
232061
232062
232063
232064
232065
232066
232067
232068
232069
232070
232071
232072
232073
233014
233015
233016
233017
233018
233019
233020
233021
233022
233023
233024
233025
233026
233027
233028
233029
233030
233031
233032
233033
233973
233974
233975
233976
233977
233978
233979
233980
233981
233982
233983
233984
233985
233986
233987
233988
233989
233990
233991
233992
233993
234933
234934
234935
234936
234937
234938
234939
234940
234941
234942
234943
234944
234945
234946
234947
234948
234949
234950
234951
234952
234953
235893
235894
235895
235896
235897
235898
235899
235900
235901
235902
235903
235904
235905
235906
235907
235908
235909
235910
235911
235912
235913
236853
236854
236855
236856
236857
236858
236859
236860
236861
236862
236863
236864
236865
236866
236867
236868
236869
236870
236871
236872
236873
237813
237814
237815
237816
237817
237818
237819
237820
237821
237822
237823
237824
237825
237826
237827
237828
237829
237830
237831
237832
237833
238773
238774
238775
238776
238777
238778
238779
238780
238781
238782
238783
238784
238785
238786
238787
238788
238789
238790
238791
238792
238793
239733
239734
239735
239736
239737
239738
239739
239740
239741
239742
239743
239744
239745
239746
239747
239748
239749
239750
239751
239752
239753
240693
240694
240695
240696
240697
240698
240699
240700
240701
240702
240703
240704
240705
240706
240707
240708
240709
240710
240711
240712
240713
241653
241654
241655
241656
241657
241658
241659
241660
241661
241662
241663
241664
241665
241666
241667
241668
241669
241670
241671
241672
241673
242613
242614
242615
242616
242617
242618
242619
242620
242621
242622
242623
242624
242625
242626
242627
242628
242629
242630
242631
242632
242633
243573
243574
243575
243576
243577
243578
243579
243580
243581
243582
243583
243584
243585
243586
243587
243588
243589
243590
243591
243592
243593
244533
244534
244535
244536
244537
244538
244539
244540
244541
244542
244543
244544
244545
244546
244547
244548
244549
244550
244551
244552
244553
245493
245494
245495
245496
245497
245498
245499
245500
245501
245502
245503
245504
245505
245506
245507
245508
245509
245510
245511
245512
246453
246454
246455
246456
246457
246458
246459
246460
246461
246462
246463
246464
246465
246466
246467
246468
246469
246470
246471
246472
247413
247414
247415
247416
247417
247418
247419
247420
247421
247422
247423
247424
247425
247426
247427
247428
247429
247430
247431
247432
248373
248374
248375
248376
248377
248378
248379
248380
248381
248382
248383
248384
248385
248386
248387
248388
248389
248390
248391
248392
249333
249334
249335
249336
249337
249338
249339
249340
249341
249342
249343
249344
249345
249346
249347
249348
249349
249350
249351
249352
250293
250294
250295
250296
250297
250298
250299
250300
250301
250302
250303
250304
250305
250306
250307
250308
250309
250310
250311
250312
251253
251254
251255
251256
251257
251258
251259
251260
251261
251262
251263
251264
251265
251266
251267
251268
251269
251270
251271
251272
252213
252214
252215
252216
252217
252218
252219
252220
252221
252222
252223
252224
252225
252226
252227
252228
252229
252230
252231
252232
253173
253174
253175
253176
253177
253178
253179
253180
253181
253182
253183
253184
253185
253186
253187
253188
253189
253190
253191
253192
254133
254134
254135
254136
254137
254138
254139
254140
254141
254142
254143
254144
254145
254146
254147
254148
254149
254150
254151
254152
255093
255094
255095
255096
255097
255098
255099
255100
255101
255102
255103
255104
255105
255106
255107
255108
255109
255110
255111
255112
256053
256054
256055
256056
256057
256058
256059
256060
256061
256062
256063
256064
256065
256066
256067
256068
256069
256070
256071
256072
257013
257014
257015
257016
257017
257018
257019
257020
257021
257022
257023
257024
257025
257026
257027
257028
257029
257030
257031
257032
257973
257974
257975
257976
257977
257978
257979
257980
257981
257982
257983
257984
257985
257986
257987
257988
257989
257990
257991
257992
258933
258934
258935
258936
258937
258938
258939
258940
258941
258942
258943
258944
258945
258946
258947
258948
258949
258950
258951
258952
259893
259894
259895
259896
259897
259898
259899
259900
259901
259902
259903
259904
259905
259906
259907
259908
259909
259910
259911
259912
260853
260854
260855
260856
260857
260858
260859
260860
260861
260862
260863
260864
260865
260866
260867
260868
260869
260870
260871
260872
261813
261814
261815
261816
261817
261818
261819
261820
261821
261822
261823
261824
261825
261826
261827
261828
261829
261830
261831
261832
262773
262774
262775
262776
262777
262778
262779
262780
262781
262782
262783
262784
262785
262786
262787
262788
262789
262790
262791
262792
263733
263734
263735
263736
263737
263738
263739
263740
263741
263742
263743
263744
263745
263746
263747
263748
263749
263750
263751
263752
264693
264694
264695
264696
264697
264698
264699
264700
264701
264702
264703
264704
264705
264706
264707
264708
264709
264710
264711
264712
265653
265654
265655
265656
265657
265658
265659
265660
265661
265662
265663
265664
265665
265666
265667
265668
265669
265670
265671
265672
266613
266614
266615
266616
266617
266618
266619
266620
266621
266622
266623
266624
266625
266626
266627
266628
266629
266630
266631
266632
267573
267574
267575
267576
267577
267578
267579
267580
267581
267582
267583
267584
267585
267586
267587
267588
267589
267590
267591
267592
268533
268534
268535
268536
268537
268538
268539
268540
268541
268542
268543
268544
268545
268546
268547
268548
268549
268550
268551
268552
269493
269494
269495
269496
269497
269498
269499
269500
269501
269502
269503
269504
269505
269506
269507
269508
269509
269510
269511
269512
270453
270454
270455
270456
270457
270458
270459
270460
270461
270462
270463
270464
270465
270466
270467
270468
270469
270470
270471
270472
271413
271414
271415
271416
271417
271418
271419
271420
271421
271422
271423
271424
271425
271426
271427
271428
271429
271430
271431
271432
272373
272374
272375
272376
272377
272378
272379
272380
272381
272382
272383
272384
272385
272386
272387
272388
272389
272390
272391
272392
273333
273334
273335
273336
273337
273338
273339
273340
273341
273342
273343
273344
273345
273346
273347
273348
273349
273350
273351
273352
274293
274294
274295
274296
274297
274298
274299
274300
274301
274302
274303
274304
274305
274306
274307
274308
274309
274310
274311
274312
275253
275254
275255
275256
275257
275258
275259
275260
275261
275262
275263
275264
275265
275266
275267
275268
275269
275270
275271
275272
276213
276214
276215
276216
276217
276218
276219
276220
276221
276222
276223
276224
276225
276226
276227
276228
276229
276230
276231
276232
277173
277174
277175
277176
277177
277178
277179
277180
277181
277182
277183
277184
277185
277186
277187
277188
277189
277190
277191
277192
278133
278134
278135
278136
278137
278138
278139
278140
278141
278142
278143
278144
278145
278146
278147
278148
278149
278150
278151
278152
279093
279094
279095
279096
279097
279098
279099
279100
279101
279102
279103
279104
279105
279106
279107
279108
279109
279110
279111
279112
280053
280054
280055
280056
280057
280058
280059
280060
280061
280062
280063
280064
280065
280066
280067
280068
280069
280070
280071
280072
281013
281014
281015
281016
281017
281018
281019
281020
281021
281022
281023
281024
281025
281026
281027
281028
281029
281030
281031
281032
281973
281974
281975
281976
281977
281978
281979
281980
281981
281982
281983
281984
281985
281986
281987
281988
281989
281990
281991
281992
282933
282934
282935
282936
282937
282938
282939
282940
282941
282942
282943
282944
282945
282946
282947
282948
282949
282950
282951
282952
283893
283894
283895
283896
283897
283898
283899
283900
283901
283902
283903
283904
283905
283906
283907
283908
283909
283910
283911
283912
284853
284854
284855
284856
284857
284858
284859
284860
284861
284862
284863
284864
284865
284866
284867
284868
284869
284870
284871
284872
285813
285814
285815
285816
285817
285818
285819
285820
285821
285822
285823
285824
285825
285826
285827
285828
285829
285830
285831
285832
286773
286774
286775
286776
286777
286778
286779
286780
286781
286782
286783
286784
286785
286786
286787
286788
286789
286790
286791
286792
287733
287734
287735
287736
287737
287738
287739
287740
287741
287742
287743
287744
287745
287746
287747
287748
287749
287750
287751
287752
288693
288694
288695
288696
288697
288698
288699
288700
288701
288702
288703
288704
288705
288706
288707
288708
288709
288710
288711
288712
289653
289654
289655
289656
289657
289658
289659
289660
289661
289662
289663
289664
289665
289666
289667
289668
289669
289670
289671
289672
290613
290614
290615
290616
290617
290618
290619
290620
290621
290622
290623
290624
290625
290626
290627
290628
290629
290630
290631
290632
291573
291574
291575
291576
291577
291578
291579
291580
291581
291582
291583
291584
291585
291586
291587
291588
291589
291590
291591
291592
292533
292534
292535
292536
292537
292538
292539
292540
292541
292542
292543
292544
292545
292546
292547
292548
292549
292550
292551
292552
293493
293494
293495
293496
293497
293498
293499
293500
293501
293502
293503
293504
293505
293506
293507
293508
293509
293510
293511
293512
294453
294454
294455
294456
294457
294458
294459
294460
294461
294462
294463
294464
294465
294466
294467
294468
294469
294470
294471
294472
295413
295414
295415
295416
295417
295418
295419
295420
295421
295422
295423
295424
295425
295426
295427
295428
295429
295430
295431
295432
296373
296374
296375
296376
296377
296378
296379
296380
296381
296382
296383
296384
296385
296386
296387
296388
296389
296390
296391
296392
297333
297334
297335
297336
297337
297338
297339
297340
297341
297342
297343
297344
297345
297346
297347
297348
297349
297350
297351
297352
298293
298294
298295
298296
298297
298298
298299
298300
298301
298302
298303
298304
298305
298306
298307
298308
298309
298310
298311
298312
299253
299254
299255
299256
299257
299258
299259
299260
299261
299262
299263
299264
299265
299266
299267
299268
299269
299270
299271
299272
300213
300214
300215
300216
300217
300218
300219
300220
300221
300222
300223
300224
300225
300226
300227
300228
300229
300230
300231
300232
301173
301174
301175
301176
301177
301178
301179
301180
301181
301182
301183
301184
301185
301186
301187
301188
301189
301190
301191
301192
302133
302134
302135
302136
302137
302138
302139
302140
302141
302142
302143
302144
302145
302146
302147
302148
302149
302150
302151
302152
303093
303094
303095
303096
303097
303098
303099
303100
303101
303102
303103
303104
303105
303106
303107
303108
303109
303110
303111
303112
304053
304054
304055
304056
304057
304058
304059
304060
304061
304062
304063
304064
304065
304066
304067
304068
304069
304070
304071
304072
305013
305014
305015
305016
305017
305018
305019
305020
305021
305022
305023
305024
305025
305026
305027
305028
305029
305030
305031
305032
305973
305974
305975
305976
305977
305978
305979
305980
305981
305982
305983
305984
305985
305986
305987
305988
305989
305990
305991
305992
306933
306934
306935
306936
306937
306938
306939
306940
306941
306942
306943
306944
306945
306946
306947
306948
306949
306950
306951
306952
308590
308591
308592
308593
308594
308595
308596
308597
308598
308599
308600
308601
308602
308603
308604
308605
308606
308607
308608
308609
-190
-2110
-4030
-4031
-5948
-7868
-9788
-11708
-13627
-15546
-17465
-19384
-21303
-23222
-25141
-27060
-28979
-30898
-32817
-34736
-36655
-38574
-40493
-42412
-44331
-46250
-48169
-50088
-52007
-53926
-55845
-57764
-59683
-61602
-63521
-65440
-67359
-69278
-71197
-73116
-75036
-76956
-78876
-80796
-82716
-84636
-86556
-88476
-90396
-92315
-94234
-96153
-98072
-99991
-101910
-103829
-105748
-107667
-109586
-111505
-113424
-115343
-117262
-119181
-121100
-123019
-124938
-126857
-128776
-130695
-132614
-134533
-136452
-138371
-140290
-142209
-144128
-146047
-147966
-149885
-151711
230
2150
4070
5990
7910
9830
11750
13669
15588
17507
19426
21345
23264
25183
27102
27103
29019
30938
32857
34776
36695
38614
40533
42452
44371
46290
48209
50128
52047
53966
55885
57804
59723
61642
63561
65480
67399
69318
71237
73156
75076
76996
78916
80836
82756
84676
86596
88516
90436
92355
94274
96193
98112
100031
101950
103869
105788
107707
109626
111545
113464
115383
117302
119221
121140
123059
124978
126897
128816
130735
132654
134573
136492
138411
140330
142249
144168
146087
148006
149925
151731
)


// ************************************************************************* //
