/*--------------------------------*- C++ -*----------------------------------*\
| =========                 |                                                 |
| \\      /  F ield         | OpenFOAM: The Open Source CFD Toolbox           |
|  \\    /   O peration     | Version:  2.3.0                                 |
|   \\  /    A nd           | Web:      www.OpenFOAM.org                      |
|    \\/     M anipulation  |                                                 |
\*---------------------------------------------------------------------------*/
FoamFile
{
    version     2.0;
    format      ascii;
    class       labelList;
    location    "constant/polyMesh";
    object      faceProcAddressing;
}
// * * * * * * * * * * * * * * * * * * * * * * * * * * * * * * * * * * * * * //


6525
(
432
433
434
435
436
437
438
439
440
441
442
443
444
445
446
447
448
449
450
451
452
453
454
455
456
457
458
459
460
461
462
463
464
465
466
467
468
469
470
471
473
2352
2353
2354
2355
2356
2357
2358
2359
2360
2361
2362
2363
2364
2365
2366
2367
2368
2369
2370
2371
2372
2373
2374
2375
2376
2377
2378
2379
2380
2381
2382
2383
2384
2385
2386
2387
2388
2389
2390
2391
2393
4272
4273
4274
4275
4276
4277
4278
4279
4280
4281
4282
4283
4284
4285
4286
4287
4288
4289
4290
4291
4292
4293
4294
4295
4296
4297
4298
4299
4300
4301
4302
4303
4304
4305
4306
4307
4308
4309
4310
4311
4313
6192
6193
6194
6195
6196
6197
6198
6199
6200
6201
6202
6203
6204
6205
6206
6207
6208
6209
6210
6211
6212
6213
6214
6215
6216
6217
6218
6219
6220
6221
6222
6223
6224
6225
6226
6227
6228
6229
6230
6231
8112
8113
8114
8115
8116
8117
8118
8119
8120
8121
8122
8123
8124
8125
8126
8127
8128
8129
8130
8131
8132
8133
8134
8135
8136
8137
8138
8139
8140
8141
8142
8143
8144
8145
8146
8147
8148
8149
8151
10032
10033
10034
10035
10036
10037
10038
10039
10040
10041
10042
10043
10044
10045
10046
10047
10048
10049
10050
10051
10052
10053
10054
10055
10056
10057
10058
10059
10060
10061
10062
10063
10064
10065
10066
10067
10068
10069
10071
11952
11953
11954
11955
11956
11957
11958
11959
11960
11961
11962
11963
11964
11965
11966
11967
11968
11969
11970
11971
11972
11973
11974
11975
11976
11977
11978
11979
11980
11981
11982
11983
11984
11985
11986
11987
11988
11989
11991
13871
13872
13873
13874
13875
13876
13877
13878
13879
13880
13881
13882
13883
13884
13885
13886
13887
13888
13889
13890
13891
13892
13893
13894
13895
13896
13897
13898
13899
13900
13901
13902
13903
13904
13905
13906
13907
13908
13910
15790
15791
15792
15793
15794
15795
15796
15797
15798
15799
15800
15801
15802
15803
15804
15805
15806
15807
15808
15809
15810
15811
15812
15813
15814
15815
15816
15817
15818
15819
15820
15821
15822
15823
15824
15825
15826
15827
15829
17709
17710
17711
17712
17713
17714
17715
17716
17717
17718
17719
17720
17721
17722
17723
17724
17725
17726
17727
17728
17729
17730
17731
17732
17733
17734
17735
17736
17737
17738
17739
17740
17741
17742
17743
17744
17745
17746
17748
19628
19629
19630
19631
19632
19633
19634
19635
19636
19637
19638
19639
19640
19641
19642
19643
19644
19645
19646
19647
19648
19649
19650
19651
19652
19653
19654
19655
19656
19657
19658
19659
19660
19661
19662
19663
19664
19665
19667
21547
21548
21549
21550
21551
21552
21553
21554
21555
21556
21557
21558
21559
21560
21561
21562
21563
21564
21565
21566
21567
21568
21569
21570
21571
21572
21573
21574
21575
21576
21577
21578
21579
21580
21581
21582
21583
21584
21586
23466
23467
23468
23469
23470
23471
23472
23473
23474
23475
23476
23477
23478
23479
23480
23481
23482
23483
23484
23485
23486
23487
23488
23489
23490
23491
23492
23493
23494
23495
23496
23497
23498
23499
23500
23501
23502
23503
23505
25385
25386
25387
25388
25389
25390
25391
25392
25393
25394
25395
25396
25397
25398
25399
25400
25401
25402
25403
25404
25405
25406
25407
25408
25409
25410
25411
25412
25413
25414
25415
25416
25417
25418
25419
25420
25421
25422
25424
27304
27305
27306
27307
27308
27309
27310
27311
27312
27313
27314
27315
27316
27317
27318
27319
27320
27321
27322
27323
27324
27325
27326
27327
27328
27329
27330
27331
27332
27333
27334
27335
27336
27337
27338
27339
27340
27341
27343
29223
29224
29225
29226
29227
29228
29229
29230
29231
29232
29233
29234
29235
29236
29237
29238
29239
29240
29241
29242
29243
29244
29245
29246
29247
29248
29249
29250
29251
29252
29253
29254
29255
29256
29257
29258
29259
29260
29262
31142
31143
31144
31145
31146
31147
31148
31149
31150
31151
31152
31153
31154
31155
31156
31157
31158
31159
31160
31161
31162
31163
31164
31165
31166
31167
31168
31169
31170
31171
31172
31173
31174
31175
31176
31177
31178
31179
31181
33061
33062
33063
33064
33065
33066
33067
33068
33069
33070
33071
33072
33073
33074
33075
33076
33077
33078
33079
33080
33081
33082
33083
33084
33085
33086
33087
33088
33089
33090
33091
33092
33093
33094
33095
33096
33097
33098
33100
34980
34981
34982
34983
34984
34985
34986
34987
34988
34989
34990
34991
34992
34993
34994
34995
34996
34997
34998
34999
35000
35001
35002
35003
35004
35005
35006
35007
35008
35009
35010
35011
35012
35013
35014
35015
35016
35017
35019
36899
36900
36901
36902
36903
36904
36905
36906
36907
36908
36909
36910
36911
36912
36913
36914
36915
36916
36917
36918
36919
36920
36921
36922
36923
36924
36925
36926
36927
36928
36929
36930
36931
36932
36933
36934
36935
36936
36938
38818
38819
38820
38821
38822
38823
38824
38825
38826
38827
38828
38829
38830
38831
38832
38833
38834
38835
38836
38837
38838
38839
38840
38841
38842
38843
38844
38845
38846
38847
38848
38849
38850
38851
38852
38853
38854
38855
38857
40737
40738
40739
40740
40741
40742
40743
40744
40745
40746
40747
40748
40749
40750
40751
40752
40753
40754
40755
40756
40757
40758
40759
40760
40761
40762
40763
40764
40765
40766
40767
40768
40769
40770
40771
40772
40773
40774
40776
42656
42657
42658
42659
42660
42661
42662
42663
42664
42665
42666
42667
42668
42669
42670
42671
42672
42673
42674
42675
42676
42677
42678
42679
42680
42681
42682
42683
42684
42685
42686
42687
42688
42689
42690
42691
42692
42693
42695
44575
44576
44577
44578
44579
44580
44581
44582
44583
44584
44585
44586
44587
44588
44589
44590
44591
44592
44593
44594
44595
44596
44597
44598
44599
44600
44601
44602
44603
44604
44605
44606
44607
44608
44609
44610
44611
44612
44614
46494
46495
46496
46497
46498
46499
46500
46501
46502
46503
46504
46505
46506
46507
46508
46509
46510
46511
46512
46513
46514
46515
46516
46517
46518
46519
46520
46521
46522
46523
46524
46525
46526
46527
46528
46529
46530
46531
46533
48413
48414
48415
48416
48417
48418
48419
48420
48421
48422
48423
48424
48425
48426
48427
48428
48429
48430
48431
48432
48433
48434
48435
48436
48437
48438
48439
48440
48441
48442
48443
48444
48445
48446
48447
48448
48449
48450
48452
50332
50333
50334
50335
50336
50337
50338
50339
50340
50341
50342
50343
50344
50345
50346
50347
50348
50349
50350
50351
50352
50353
50354
50355
50356
50357
50358
50359
50360
50361
50362
50363
50364
50365
50366
50367
50368
50369
50371
52251
52252
52253
52254
52255
52256
52257
52258
52259
52260
52261
52262
52263
52264
52265
52266
52267
52268
52269
52270
52271
52272
52273
52274
52275
52276
52277
52278
52279
52280
52281
52282
52283
52284
52285
52286
52287
52288
52290
54170
54171
54172
54173
54174
54175
54176
54177
54178
54179
54180
54181
54182
54183
54184
54185
54186
54187
54188
54189
54190
54191
54192
54193
54194
54195
54196
54197
54198
54199
54200
54201
54202
54203
54204
54205
54206
54207
54209
56089
56090
56091
56092
56093
56094
56095
56096
56097
56098
56099
56100
56101
56102
56103
56104
56105
56106
56107
56108
56109
56110
56111
56112
56113
56114
56115
56116
56117
56118
56119
56120
56121
56122
56123
56124
56125
56126
56128
58008
58009
58010
58011
58012
58013
58014
58015
58016
58017
58018
58019
58020
58021
58022
58023
58024
58025
58026
58027
58028
58029
58030
58031
58032
58033
58034
58035
58036
58037
58038
58039
58040
58041
58042
58043
58044
58045
58047
59927
59928
59929
59930
59931
59932
59933
59934
59935
59936
59937
59938
59939
59940
59941
59942
59943
59944
59945
59946
59947
59948
59949
59950
59951
59952
59953
59954
59955
59956
59957
59958
59959
59960
59961
59962
59963
59964
59966
61846
61847
61848
61849
61850
61851
61852
61853
61854
61855
61856
61857
61858
61859
61860
61861
61862
61863
61864
61865
61866
61867
61868
61869
61870
61871
61872
61873
61874
61875
61876
61877
61878
61879
61880
61881
61882
61883
61885
63765
63766
63767
63768
63769
63770
63771
63772
63773
63774
63775
63776
63777
63778
63779
63780
63781
63782
63783
63784
63785
63786
63787
63788
63789
63790
63791
63792
63793
63794
63795
63796
63797
63798
63799
63800
63801
63802
63804
65684
65685
65686
65687
65688
65689
65690
65691
65692
65693
65694
65695
65696
65697
65698
65699
65700
65701
65702
65703
65704
65705
65706
65707
65708
65709
65710
65711
65712
65713
65714
65715
65716
65717
65718
65719
65720
65721
65723
67603
67604
67605
67606
67607
67608
67609
67610
67611
67612
67613
67614
67615
67616
67617
67618
67619
67620
67621
67622
67623
67624
67625
67626
67627
67628
67629
67630
67631
67632
67633
67634
67635
67636
67637
67638
67639
67640
67642
69522
69523
69524
69525
69526
69527
69528
69529
69530
69531
69532
69533
69534
69535
69536
69537
69538
69539
69540
69541
69542
69543
69544
69545
69546
69547
69548
69549
69550
69551
69552
69553
69554
69555
69556
69557
69558
69559
69561
71441
71442
71443
71444
71445
71446
71447
71448
71449
71450
71451
71452
71453
71454
71455
71456
71457
71458
71459
71460
71461
71462
71463
71464
71465
71466
71467
71468
71469
71470
71471
71472
71473
71474
71475
71476
71477
71478
71480
73360
73361
73362
73363
73364
73365
73366
73367
73368
73369
73370
73371
73372
73373
73374
73375
73376
73377
73378
73379
73380
73381
73382
73383
73384
73385
73386
73387
73388
73389
73390
73391
73392
73393
73394
73395
73396
73397
73399
75280
75281
75282
75283
75284
75285
75286
75287
75288
75289
75290
75291
75292
75293
75294
75295
75296
75297
75298
75299
75300
75301
75302
75303
75304
75305
75306
75307
75308
75309
75310
75311
75312
75313
75314
75315
75316
75317
75319
77200
77201
77202
77203
77204
77205
77206
77207
77208
77209
77210
77211
77212
77213
77214
77215
77216
77217
77218
77219
77220
77221
77222
77223
77224
77225
77226
77227
77228
77229
77230
77231
77232
77233
77234
77235
77236
77237
77239
79120
79121
79122
79123
79124
79125
79126
79127
79128
79129
79130
79131
79132
79133
79134
79135
79136
79137
79138
79139
79140
79141
79142
79143
79144
79145
79146
79147
79148
79149
79150
79151
79152
79153
79154
79155
79156
79157
79159
81040
81041
81042
81043
81044
81045
81046
81047
81048
81049
81050
81051
81052
81053
81054
81055
81056
81057
81058
81059
81060
81061
81062
81063
81064
81065
81066
81067
81068
81069
81070
81071
81072
81073
81074
81075
81076
81077
81079
82960
82961
82962
82963
82964
82965
82966
82967
82968
82969
82970
82971
82972
82973
82974
82975
82976
82977
82978
82979
82980
82981
82982
82983
82984
82985
82986
82987
82988
82989
82990
82991
82992
82993
82994
82995
82996
82997
82999
84880
84881
84882
84883
84884
84885
84886
84887
84888
84889
84890
84891
84892
84893
84894
84895
84896
84897
84898
84899
84900
84901
84902
84903
84904
84905
84906
84907
84908
84909
84910
84911
84912
84913
84914
84915
84916
84917
84919
86800
86801
86802
86803
86804
86805
86806
86807
86808
86809
86810
86811
86812
86813
86814
86815
86816
86817
86818
86819
86820
86821
86822
86823
86824
86825
86826
86827
86828
86829
86830
86831
86832
86833
86834
86835
86836
86837
86839
88720
88721
88722
88723
88724
88725
88726
88727
88728
88729
88730
88731
88732
88733
88734
88735
88736
88737
88738
88739
88740
88741
88742
88743
88744
88745
88746
88747
88748
88749
88750
88751
88752
88753
88754
88755
88756
88757
88759
90640
90641
90642
90643
90644
90645
90646
90647
90648
90649
90650
90651
90652
90653
90654
90655
90656
90657
90658
90659
90660
90661
90662
90663
90664
90665
90666
90667
90668
90669
90670
90671
90672
90673
90674
90675
90676
90677
90679
92559
92560
92561
92562
92563
92564
92565
92566
92567
92568
92569
92570
92571
92572
92573
92574
92575
92576
92577
92578
92579
92580
92581
92582
92583
92584
92585
92586
92587
92588
92589
92590
92591
92592
92593
92594
92595
92596
92598
94478
94479
94480
94481
94482
94483
94484
94485
94486
94487
94488
94489
94490
94491
94492
94493
94494
94495
94496
94497
94498
94499
94500
94501
94502
94503
94504
94505
94506
94507
94508
94509
94510
94511
94512
94513
94514
94515
94517
96397
96398
96399
96400
96401
96402
96403
96404
96405
96406
96407
96408
96409
96410
96411
96412
96413
96414
96415
96416
96417
96418
96419
96420
96421
96422
96423
96424
96425
96426
96427
96428
96429
96430
96431
96432
96433
96434
96436
98316
98317
98318
98319
98320
98321
98322
98323
98324
98325
98326
98327
98328
98329
98330
98331
98332
98333
98334
98335
98336
98337
98338
98339
98340
98341
98342
98343
98344
98345
98346
98347
98348
98349
98350
98351
98352
98353
98355
100235
100236
100237
100238
100239
100240
100241
100242
100243
100244
100245
100246
100247
100248
100249
100250
100251
100252
100253
100254
100255
100256
100257
100258
100259
100260
100261
100262
100263
100264
100265
100266
100267
100268
100269
100270
100271
100272
100274
102154
102155
102156
102157
102158
102159
102160
102161
102162
102163
102164
102165
102166
102167
102168
102169
102170
102171
102172
102173
102174
102175
102176
102177
102178
102179
102180
102181
102182
102183
102184
102185
102186
102187
102188
102189
102190
102191
102193
104073
104074
104075
104076
104077
104078
104079
104080
104081
104082
104083
104084
104085
104086
104087
104088
104089
104090
104091
104092
104093
104094
104095
104096
104097
104098
104099
104100
104101
104102
104103
104104
104105
104106
104107
104108
104109
104110
104112
105992
105993
105994
105995
105996
105997
105998
105999
106000
106001
106002
106003
106004
106005
106006
106007
106008
106009
106010
106011
106012
106013
106014
106015
106016
106017
106018
106019
106020
106021
106022
106023
106024
106025
106026
106027
106028
106029
106031
107911
107912
107913
107914
107915
107916
107917
107918
107919
107920
107921
107922
107923
107924
107925
107926
107927
107928
107929
107930
107931
107932
107933
107934
107935
107936
107937
107938
107939
107940
107941
107942
107943
107944
107945
107946
107947
107948
107950
109830
109831
109832
109833
109834
109835
109836
109837
109838
109839
109840
109841
109842
109843
109844
109845
109846
109847
109848
109849
109850
109851
109852
109853
109854
109855
109856
109857
109858
109859
109860
109861
109862
109863
109864
109865
109866
109867
109869
111749
111750
111751
111752
111753
111754
111755
111756
111757
111758
111759
111760
111761
111762
111763
111764
111765
111766
111767
111768
111769
111770
111771
111772
111773
111774
111775
111776
111777
111778
111779
111780
111781
111782
111783
111784
111785
111786
111788
113668
113669
113670
113671
113672
113673
113674
113675
113676
113677
113678
113679
113680
113681
113682
113683
113684
113685
113686
113687
113688
113689
113690
113691
113692
113693
113694
113695
113696
113697
113698
113699
113700
113701
113702
113703
113704
113705
113707
115587
115588
115589
115590
115591
115592
115593
115594
115595
115596
115597
115598
115599
115600
115601
115602
115603
115604
115605
115606
115607
115608
115609
115610
115611
115612
115613
115614
115615
115616
115617
115618
115619
115620
115621
115622
115623
115624
115626
117506
117507
117508
117509
117510
117511
117512
117513
117514
117515
117516
117517
117518
117519
117520
117521
117522
117523
117524
117525
117526
117527
117528
117529
117530
117531
117532
117533
117534
117535
117536
117537
117538
117539
117540
117541
117542
117543
117545
119425
119426
119427
119428
119429
119430
119431
119432
119433
119434
119435
119436
119437
119438
119439
119440
119441
119442
119443
119444
119445
119446
119447
119448
119449
119450
119451
119452
119453
119454
119455
119456
119457
119458
119459
119460
119461
119462
119464
121344
121345
121346
121347
121348
121349
121350
121351
121352
121353
121354
121355
121356
121357
121358
121359
121360
121361
121362
121363
121364
121365
121366
121367
121368
121369
121370
121371
121372
121373
121374
121375
121376
121377
121378
121379
121380
121381
121383
123263
123264
123265
123266
123267
123268
123269
123270
123271
123272
123273
123274
123275
123276
123277
123278
123279
123280
123281
123282
123283
123284
123285
123286
123287
123288
123289
123290
123291
123292
123293
123294
123295
123296
123297
123298
123299
123300
123302
125182
125183
125184
125185
125186
125187
125188
125189
125190
125191
125192
125193
125194
125195
125196
125197
125198
125199
125200
125201
125202
125203
125204
125205
125206
125207
125208
125209
125210
125211
125212
125213
125214
125215
125216
125217
125218
125219
125221
127101
127102
127103
127104
127105
127106
127107
127108
127109
127110
127111
127112
127113
127114
127115
127116
127117
127118
127119
127120
127121
127122
127123
127124
127125
127126
127127
127128
127129
127130
127131
127132
127133
127134
127135
127136
127137
127138
127140
129020
129021
129022
129023
129024
129025
129026
129027
129028
129029
129030
129031
129032
129033
129034
129035
129036
129037
129038
129039
129040
129041
129042
129043
129044
129045
129046
129047
129048
129049
129050
129051
129052
129053
129054
129055
129056
129057
129059
130939
130940
130941
130942
130943
130944
130945
130946
130947
130948
130949
130950
130951
130952
130953
130954
130955
130956
130957
130958
130959
130960
130961
130962
130963
130964
130965
130966
130967
130968
130969
130970
130971
130972
130973
130974
130975
130976
130978
132858
132859
132860
132861
132862
132863
132864
132865
132866
132867
132868
132869
132870
132871
132872
132873
132874
132875
132876
132877
132878
132879
132880
132881
132882
132883
132884
132885
132886
132887
132888
132889
132890
132891
132892
132893
132894
132895
132897
134777
134778
134779
134780
134781
134782
134783
134784
134785
134786
134787
134788
134789
134790
134791
134792
134793
134794
134795
134796
134797
134798
134799
134800
134801
134802
134803
134804
134805
134806
134807
134808
134809
134810
134811
134812
134813
134814
134816
136696
136697
136698
136699
136700
136701
136702
136703
136704
136705
136706
136707
136708
136709
136710
136711
136712
136713
136714
136715
136716
136717
136718
136719
136720
136721
136722
136723
136724
136725
136726
136727
136728
136729
136730
136731
136732
136733
136735
138615
138616
138617
138618
138619
138620
138621
138622
138623
138624
138625
138626
138627
138628
138629
138630
138631
138632
138633
138634
138635
138636
138637
138638
138639
138640
138641
138642
138643
138644
138645
138646
138647
138648
138649
138650
138651
138652
138654
140532
140533
140534
140535
140536
140537
140538
140539
140540
140541
140542
140543
140544
140545
140546
140547
140548
140549
140550
140551
140552
140553
140554
140555
140556
140557
140558
140559
140560
140561
140562
140563
140564
140565
140566
140567
140568
140569
140570
140571
140573
142451
142452
142453
142454
142455
142456
142457
142458
142459
142460
142461
142462
142463
142464
142465
142466
142467
142468
142469
142470
142471
142472
142473
142474
142475
142476
142477
142478
142479
142480
142481
142482
142483
142484
142485
142486
142487
142488
142489
142490
142492
144370
144371
144372
144373
144374
144375
144376
144377
144378
144379
144380
144381
144382
144383
144384
144385
144386
144387
144388
144389
144390
144391
144392
144393
144394
144395
144396
144397
144398
144399
144400
144401
144402
144403
144404
144405
144406
144407
144408
144409
144411
146289
146290
146291
146292
146293
146294
146295
146296
146297
146298
146299
146300
146301
146302
146303
146304
146305
146306
146307
146308
146309
146310
146311
146312
146313
146314
146315
146316
146317
146318
146319
146320
146321
146322
146323
146324
146325
146326
146327
146328
146330
148208
148209
148210
148211
148212
148213
148214
148215
148216
148217
148218
148219
148220
148221
148222
148223
148224
148225
148226
148227
148228
148229
148230
148231
148232
148233
148234
148235
148236
148237
148238
148239
148240
148241
148242
148243
148244
148245
148246
148247
148249
150127
150128
150129
150130
150131
150132
150133
150134
150135
150136
150137
150138
150139
150140
150141
150142
150143
150144
150145
150146
150147
150148
150149
150150
150151
150152
150153
150154
150155
150156
150157
150158
150159
150160
150161
150162
150163
150164
150165
150166
150168
151832
151833
151834
151835
151836
151837
151838
151839
151840
151841
151842
151843
151844
151845
151846
151847
151848
151849
151850
151851
153877
153878
153879
153880
153881
153882
153883
153884
153885
153886
153887
153888
153889
153890
153891
153892
153893
153894
153895
153896
153897
154837
154838
154839
154840
154841
154842
154843
154844
154845
154846
154847
154848
154849
154850
154851
154852
154853
154854
154855
154856
154857
155797
155798
155799
155800
155801
155802
155803
155804
155805
155806
155807
155808
155809
155810
155811
155812
155813
155814
155815
155816
155817
156757
156758
156759
156760
156761
156762
156763
156764
156765
156766
156767
156768
156769
156770
156771
156772
156773
156774
156775
156776
156777
157717
157718
157719
157720
157721
157722
157723
157724
157725
157726
157727
157728
157729
157730
157731
157732
157733
157734
157735
157736
158677
158678
158679
158680
158681
158682
158683
158684
158685
158686
158687
158688
158689
158690
158691
158692
158693
158694
158695
158696
159637
159638
159639
159640
159641
159642
159643
159644
159645
159646
159647
159648
159649
159650
159651
159652
159653
159654
159655
159656
160597
160598
160599
160600
160601
160602
160603
160604
160605
160606
160607
160608
160609
160610
160611
160612
160613
160614
160615
160616
161557
161558
161559
161560
161561
161562
161563
161564
161565
161566
161567
161568
161569
161570
161571
161572
161573
161574
161575
161576
162517
162518
162519
162520
162521
162522
162523
162524
162525
162526
162527
162528
162529
162530
162531
162532
162533
162534
162535
162536
163477
163478
163479
163480
163481
163482
163483
163484
163485
163486
163487
163488
163489
163490
163491
163492
163493
163494
163495
163496
164437
164438
164439
164440
164441
164442
164443
164444
164445
164446
164447
164448
164449
164450
164451
164452
164453
164454
164455
164456
165397
165398
165399
165400
165401
165402
165403
165404
165405
165406
165407
165408
165409
165410
165411
165412
165413
165414
165415
165416
166357
166358
166359
166360
166361
166362
166363
166364
166365
166366
166367
166368
166369
166370
166371
166372
166373
166374
166375
166376
167317
167318
167319
167320
167321
167322
167323
167324
167325
167326
167327
167328
167329
167330
167331
167332
167333
167334
167335
167336
168277
168278
168279
168280
168281
168282
168283
168284
168285
168286
168287
168288
168289
168290
168291
168292
168293
168294
168295
168296
169237
169238
169239
169240
169241
169242
169243
169244
169245
169246
169247
169248
169249
169250
169251
169252
169253
169254
169255
169256
170197
170198
170199
170200
170201
170202
170203
170204
170205
170206
170207
170208
170209
170210
170211
170212
170213
170214
170215
170216
171157
171158
171159
171160
171161
171162
171163
171164
171165
171166
171167
171168
171169
171170
171171
171172
171173
171174
171175
171176
172117
172118
172119
172120
172121
172122
172123
172124
172125
172126
172127
172128
172129
172130
172131
172132
172133
172134
172135
172136
173077
173078
173079
173080
173081
173082
173083
173084
173085
173086
173087
173088
173089
173090
173091
173092
173093
173094
173095
173096
174037
174038
174039
174040
174041
174042
174043
174044
174045
174046
174047
174048
174049
174050
174051
174052
174053
174054
174055
174056
174997
174998
174999
175000
175001
175002
175003
175004
175005
175006
175007
175008
175009
175010
175011
175012
175013
175014
175015
175016
175957
175958
175959
175960
175961
175962
175963
175964
175965
175966
175967
175968
175969
175970
175971
175972
175973
175974
175975
175976
176917
176918
176919
176920
176921
176922
176923
176924
176925
176926
176927
176928
176929
176930
176931
176932
176933
176934
176935
176936
177877
177878
177879
177880
177881
177882
177883
177884
177885
177886
177887
177888
177889
177890
177891
177892
177893
177894
177895
177896
178837
178838
178839
178840
178841
178842
178843
178844
178845
178846
178847
178848
178849
178850
178851
178852
178853
178854
178855
178856
179797
179798
179799
179800
179801
179802
179803
179804
179805
179806
179807
179808
179809
179810
179811
179812
179813
179814
179815
179816
180757
180758
180759
180760
180761
180762
180763
180764
180765
180766
180767
180768
180769
180770
180771
180772
180773
180774
180775
180776
181717
181718
181719
181720
181721
181722
181723
181724
181725
181726
181727
181728
181729
181730
181731
181732
181733
181734
181735
181736
182677
182678
182679
182680
182681
182682
182683
182684
182685
182686
182687
182688
182689
182690
182691
182692
182693
182694
182695
182696
183637
183638
183639
183640
183641
183642
183643
183644
183645
183646
183647
183648
183649
183650
183651
183652
183653
183654
183655
183656
184597
184598
184599
184600
184601
184602
184603
184604
184605
184606
184607
184608
184609
184610
184611
184612
184613
184614
184615
184616
185557
185558
185559
185560
185561
185562
185563
185564
185565
185566
185567
185568
185569
185570
185571
185572
185573
185574
185575
185576
186517
186518
186519
186520
186521
186522
186523
186524
186525
186526
186527
186528
186529
186530
186531
186532
186533
186534
186535
186536
187477
187478
187479
187480
187481
187482
187483
187484
187485
187486
187487
187488
187489
187490
187491
187492
187493
187494
187495
187496
188437
188438
188439
188440
188441
188442
188443
188444
188445
188446
188447
188448
188449
188450
188451
188452
188453
188454
188455
188456
189397
189398
189399
189400
189401
189402
189403
189404
189405
189406
189407
189408
189409
189410
189411
189412
189413
189414
189415
189416
190357
190358
190359
190360
190361
190362
190363
190364
190365
190366
190367
190368
190369
190370
190371
190372
190373
190374
190375
190376
191317
191318
191319
191320
191321
191322
191323
191324
191325
191326
191327
191328
191329
191330
191331
191332
191333
191334
191335
191336
192277
192278
192279
192280
192281
192282
192283
192284
192285
192286
192287
192288
192289
192290
192291
192292
192293
192294
192295
192296
193237
193238
193239
193240
193241
193242
193243
193244
193245
193246
193247
193248
193249
193250
193251
193252
193253
193254
193255
193256
194197
194198
194199
194200
194201
194202
194203
194204
194205
194206
194207
194208
194209
194210
194211
194212
194213
194214
194215
194216
195157
195158
195159
195160
195161
195162
195163
195164
195165
195166
195167
195168
195169
195170
195171
195172
195173
195174
195175
195176
196117
196118
196119
196120
196121
196122
196123
196124
196125
196126
196127
196128
196129
196130
196131
196132
196133
196134
196135
196136
197077
197078
197079
197080
197081
197082
197083
197084
197085
197086
197087
197088
197089
197090
197091
197092
197093
197094
197095
197096
198037
198038
198039
198040
198041
198042
198043
198044
198045
198046
198047
198048
198049
198050
198051
198052
198053
198054
198055
198056
198997
198998
198999
199000
199001
199002
199003
199004
199005
199006
199007
199008
199009
199010
199011
199012
199013
199014
199015
199016
199957
199958
199959
199960
199961
199962
199963
199964
199965
199966
199967
199968
199969
199970
199971
199972
199973
199974
199975
199976
200917
200918
200919
200920
200921
200922
200923
200924
200925
200926
200927
200928
200929
200930
200931
200932
200933
200934
200935
200936
201877
201878
201879
201880
201881
201882
201883
201884
201885
201886
201887
201888
201889
201890
201891
201892
201893
201894
201895
201896
202837
202838
202839
202840
202841
202842
202843
202844
202845
202846
202847
202848
202849
202850
202851
202852
202853
202854
202855
202856
203797
203798
203799
203800
203801
203802
203803
203804
203805
203806
203807
203808
203809
203810
203811
203812
203813
203814
203815
203816
204757
204758
204759
204760
204761
204762
204763
204764
204765
204766
204767
204768
204769
204770
204771
204772
204773
204774
204775
204776
205717
205718
205719
205720
205721
205722
205723
205724
205725
205726
205727
205728
205729
205730
205731
205732
205733
205734
205735
205736
206677
206678
206679
206680
206681
206682
206683
206684
206685
206686
206687
206688
206689
206690
206691
206692
206693
206694
206695
206696
207637
207638
207639
207640
207641
207642
207643
207644
207645
207646
207647
207648
207649
207650
207651
207652
207653
207654
207655
207656
208597
208598
208599
208600
208601
208602
208603
208604
208605
208606
208607
208608
208609
208610
208611
208612
208613
208614
208615
208616
209557
209558
209559
209560
209561
209562
209563
209564
209565
209566
209567
209568
209569
209570
209571
209572
209573
209574
209575
209576
210517
210518
210519
210520
210521
210522
210523
210524
210525
210526
210527
210528
210529
210530
210531
210532
210533
210534
210535
210536
211477
211478
211479
211480
211481
211482
211483
211484
211485
211486
211487
211488
211489
211490
211491
211492
211493
211494
211495
211496
212437
212438
212439
212440
212441
212442
212443
212444
212445
212446
212447
212448
212449
212450
212451
212452
212453
212454
212455
212456
213397
213398
213399
213400
213401
213402
213403
213404
213405
213406
213407
213408
213409
213410
213411
213412
213413
213414
213415
213416
214357
214358
214359
214360
214361
214362
214363
214364
214365
214366
214367
214368
214369
214370
214371
214372
214373
214374
214375
214376
215317
215318
215319
215320
215321
215322
215323
215324
215325
215326
215327
215328
215329
215330
215331
215332
215333
215334
215335
215336
216277
216278
216279
216280
216281
216282
216283
216284
216285
216286
216287
216288
216289
216290
216291
216292
216293
216294
216295
216296
217237
217238
217239
217240
217241
217242
217243
217244
217245
217246
217247
217248
217249
217250
217251
217252
217253
217254
217255
217256
218197
218198
218199
218200
218201
218202
218203
218204
218205
218206
218207
218208
218209
218210
218211
218212
218213
218214
218215
218216
219157
219158
219159
219160
219161
219162
219163
219164
219165
219166
219167
219168
219169
219170
219171
219172
219173
219174
219175
219176
220117
220118
220119
220120
220121
220122
220123
220124
220125
220126
220127
220128
220129
220130
220131
220132
220133
220134
220135
220136
221077
221078
221079
221080
221081
221082
221083
221084
221085
221086
221087
221088
221089
221090
221091
221092
221093
221094
221095
221096
222037
222038
222039
222040
222041
222042
222043
222044
222045
222046
222047
222048
222049
222050
222051
222052
222053
222054
222055
222056
222997
222998
222999
223000
223001
223002
223003
223004
223005
223006
223007
223008
223009
223010
223011
223012
223013
223014
223015
223016
223956
223957
223958
223959
223960
223961
223962
223963
223964
223965
223966
223967
223968
223969
223970
223971
223972
223973
223974
223975
223976
224916
224917
224918
224919
224920
224921
224922
224923
224924
224925
224926
224927
224928
224929
224930
224931
224932
224933
224934
224935
224936
225876
225877
225878
225879
225880
225881
225882
225883
225884
225885
225886
225887
225888
225889
225890
225891
225892
225893
225894
225895
225896
226836
226837
226838
226839
226840
226841
226842
226843
226844
226845
226846
226847
226848
226849
226850
226851
226852
226853
226854
226855
226856
227796
227797
227798
227799
227800
227801
227802
227803
227804
227805
227806
227807
227808
227809
227810
227811
227812
227813
227814
227815
227816
228756
228757
228758
228759
228760
228761
228762
228763
228764
228765
228766
228767
228768
228769
228770
228771
228772
228773
228774
228775
228776
229716
229717
229718
229719
229720
229721
229722
229723
229724
229725
229726
229727
229728
229729
229730
229731
229732
229733
229734
229735
229736
231214
231215
231216
231217
231218
231219
231220
231221
231222
231223
231224
231225
231226
231227
231228
231229
231230
231231
231232
231233
231234
232174
232175
232176
232177
232178
232179
232180
232181
232182
232183
232184
232185
232186
232187
232188
232189
232190
232191
232192
232193
232194
233134
233135
233136
233137
233138
233139
233140
233141
233142
233143
233144
233145
233146
233147
233148
233149
233150
233151
233152
233153
233154
234094
234095
234096
234097
234098
234099
234100
234101
234102
234103
234104
234105
234106
234107
234108
234109
234110
234111
234112
234113
234114
235054
235055
235056
235057
235058
235059
235060
235061
235062
235063
235064
235065
235066
235067
235068
235069
235070
235071
235072
235073
236014
236015
236016
236017
236018
236019
236020
236021
236022
236023
236024
236025
236026
236027
236028
236029
236030
236031
236032
236033
236974
236975
236976
236977
236978
236979
236980
236981
236982
236983
236984
236985
236986
236987
236988
236989
236990
236991
236992
236993
237934
237935
237936
237937
237938
237939
237940
237941
237942
237943
237944
237945
237946
237947
237948
237949
237950
237951
237952
237953
238894
238895
238896
238897
238898
238899
238900
238901
238902
238903
238904
238905
238906
238907
238908
238909
238910
238911
238912
238913
239854
239855
239856
239857
239858
239859
239860
239861
239862
239863
239864
239865
239866
239867
239868
239869
239870
239871
239872
239873
240814
240815
240816
240817
240818
240819
240820
240821
240822
240823
240824
240825
240826
240827
240828
240829
240830
240831
240832
240833
241774
241775
241776
241777
241778
241779
241780
241781
241782
241783
241784
241785
241786
241787
241788
241789
241790
241791
241792
241793
242734
242735
242736
242737
242738
242739
242740
242741
242742
242743
242744
242745
242746
242747
242748
242749
242750
242751
242752
242753
243694
243695
243696
243697
243698
243699
243700
243701
243702
243703
243704
243705
243706
243707
243708
243709
243710
243711
243712
243713
244654
244655
244656
244657
244658
244659
244660
244661
244662
244663
244664
244665
244666
244667
244668
244669
244670
244671
244672
244673
245614
245615
245616
245617
245618
245619
245620
245621
245622
245623
245624
245625
245626
245627
245628
245629
245630
245631
245632
245633
246574
246575
246576
246577
246578
246579
246580
246581
246582
246583
246584
246585
246586
246587
246588
246589
246590
246591
246592
246593
247534
247535
247536
247537
247538
247539
247540
247541
247542
247543
247544
247545
247546
247547
247548
247549
247550
247551
247552
247553
248494
248495
248496
248497
248498
248499
248500
248501
248502
248503
248504
248505
248506
248507
248508
248509
248510
248511
248512
248513
249454
249455
249456
249457
249458
249459
249460
249461
249462
249463
249464
249465
249466
249467
249468
249469
249470
249471
249472
249473
250414
250415
250416
250417
250418
250419
250420
250421
250422
250423
250424
250425
250426
250427
250428
250429
250430
250431
250432
250433
251374
251375
251376
251377
251378
251379
251380
251381
251382
251383
251384
251385
251386
251387
251388
251389
251390
251391
251392
251393
252334
252335
252336
252337
252338
252339
252340
252341
252342
252343
252344
252345
252346
252347
252348
252349
252350
252351
252352
252353
253294
253295
253296
253297
253298
253299
253300
253301
253302
253303
253304
253305
253306
253307
253308
253309
253310
253311
253312
253313
254254
254255
254256
254257
254258
254259
254260
254261
254262
254263
254264
254265
254266
254267
254268
254269
254270
254271
254272
254273
255214
255215
255216
255217
255218
255219
255220
255221
255222
255223
255224
255225
255226
255227
255228
255229
255230
255231
255232
255233
256174
256175
256176
256177
256178
256179
256180
256181
256182
256183
256184
256185
256186
256187
256188
256189
256190
256191
256192
256193
257134
257135
257136
257137
257138
257139
257140
257141
257142
257143
257144
257145
257146
257147
257148
257149
257150
257151
257152
257153
258094
258095
258096
258097
258098
258099
258100
258101
258102
258103
258104
258105
258106
258107
258108
258109
258110
258111
258112
258113
259054
259055
259056
259057
259058
259059
259060
259061
259062
259063
259064
259065
259066
259067
259068
259069
259070
259071
259072
259073
260014
260015
260016
260017
260018
260019
260020
260021
260022
260023
260024
260025
260026
260027
260028
260029
260030
260031
260032
260033
260974
260975
260976
260977
260978
260979
260980
260981
260982
260983
260984
260985
260986
260987
260988
260989
260990
260991
260992
260993
261934
261935
261936
261937
261938
261939
261940
261941
261942
261943
261944
261945
261946
261947
261948
261949
261950
261951
261952
261953
262894
262895
262896
262897
262898
262899
262900
262901
262902
262903
262904
262905
262906
262907
262908
262909
262910
262911
262912
262913
263854
263855
263856
263857
263858
263859
263860
263861
263862
263863
263864
263865
263866
263867
263868
263869
263870
263871
263872
263873
264814
264815
264816
264817
264818
264819
264820
264821
264822
264823
264824
264825
264826
264827
264828
264829
264830
264831
264832
264833
265774
265775
265776
265777
265778
265779
265780
265781
265782
265783
265784
265785
265786
265787
265788
265789
265790
265791
265792
265793
266734
266735
266736
266737
266738
266739
266740
266741
266742
266743
266744
266745
266746
266747
266748
266749
266750
266751
266752
266753
267694
267695
267696
267697
267698
267699
267700
267701
267702
267703
267704
267705
267706
267707
267708
267709
267710
267711
267712
267713
268654
268655
268656
268657
268658
268659
268660
268661
268662
268663
268664
268665
268666
268667
268668
268669
268670
268671
268672
268673
269614
269615
269616
269617
269618
269619
269620
269621
269622
269623
269624
269625
269626
269627
269628
269629
269630
269631
269632
269633
270574
270575
270576
270577
270578
270579
270580
270581
270582
270583
270584
270585
270586
270587
270588
270589
270590
270591
270592
270593
271534
271535
271536
271537
271538
271539
271540
271541
271542
271543
271544
271545
271546
271547
271548
271549
271550
271551
271552
271553
272494
272495
272496
272497
272498
272499
272500
272501
272502
272503
272504
272505
272506
272507
272508
272509
272510
272511
272512
272513
273454
273455
273456
273457
273458
273459
273460
273461
273462
273463
273464
273465
273466
273467
273468
273469
273470
273471
273472
273473
274414
274415
274416
274417
274418
274419
274420
274421
274422
274423
274424
274425
274426
274427
274428
274429
274430
274431
274432
274433
275374
275375
275376
275377
275378
275379
275380
275381
275382
275383
275384
275385
275386
275387
275388
275389
275390
275391
275392
275393
276334
276335
276336
276337
276338
276339
276340
276341
276342
276343
276344
276345
276346
276347
276348
276349
276350
276351
276352
276353
277294
277295
277296
277297
277298
277299
277300
277301
277302
277303
277304
277305
277306
277307
277308
277309
277310
277311
277312
277313
278254
278255
278256
278257
278258
278259
278260
278261
278262
278263
278264
278265
278266
278267
278268
278269
278270
278271
278272
278273
279214
279215
279216
279217
279218
279219
279220
279221
279222
279223
279224
279225
279226
279227
279228
279229
279230
279231
279232
279233
280174
280175
280176
280177
280178
280179
280180
280181
280182
280183
280184
280185
280186
280187
280188
280189
280190
280191
280192
280193
281134
281135
281136
281137
281138
281139
281140
281141
281142
281143
281144
281145
281146
281147
281148
281149
281150
281151
281152
281153
282094
282095
282096
282097
282098
282099
282100
282101
282102
282103
282104
282105
282106
282107
282108
282109
282110
282111
282112
282113
283054
283055
283056
283057
283058
283059
283060
283061
283062
283063
283064
283065
283066
283067
283068
283069
283070
283071
283072
283073
284014
284015
284016
284017
284018
284019
284020
284021
284022
284023
284024
284025
284026
284027
284028
284029
284030
284031
284032
284033
284974
284975
284976
284977
284978
284979
284980
284981
284982
284983
284984
284985
284986
284987
284988
284989
284990
284991
284992
284993
285934
285935
285936
285937
285938
285939
285940
285941
285942
285943
285944
285945
285946
285947
285948
285949
285950
285951
285952
285953
286894
286895
286896
286897
286898
286899
286900
286901
286902
286903
286904
286905
286906
286907
286908
286909
286910
286911
286912
286913
287854
287855
287856
287857
287858
287859
287860
287861
287862
287863
287864
287865
287866
287867
287868
287869
287870
287871
287872
287873
288814
288815
288816
288817
288818
288819
288820
288821
288822
288823
288824
288825
288826
288827
288828
288829
288830
288831
288832
288833
289774
289775
289776
289777
289778
289779
289780
289781
289782
289783
289784
289785
289786
289787
289788
289789
289790
289791
289792
289793
290734
290735
290736
290737
290738
290739
290740
290741
290742
290743
290744
290745
290746
290747
290748
290749
290750
290751
290752
290753
291694
291695
291696
291697
291698
291699
291700
291701
291702
291703
291704
291705
291706
291707
291708
291709
291710
291711
291712
291713
292654
292655
292656
292657
292658
292659
292660
292661
292662
292663
292664
292665
292666
292667
292668
292669
292670
292671
292672
292673
293614
293615
293616
293617
293618
293619
293620
293621
293622
293623
293624
293625
293626
293627
293628
293629
293630
293631
293632
293633
294574
294575
294576
294577
294578
294579
294580
294581
294582
294583
294584
294585
294586
294587
294588
294589
294590
294591
294592
294593
295534
295535
295536
295537
295538
295539
295540
295541
295542
295543
295544
295545
295546
295547
295548
295549
295550
295551
295552
295553
296494
296495
296496
296497
296498
296499
296500
296501
296502
296503
296504
296505
296506
296507
296508
296509
296510
296511
296512
296513
297454
297455
297456
297457
297458
297459
297460
297461
297462
297463
297464
297465
297466
297467
297468
297469
297470
297471
297472
297473
298414
298415
298416
298417
298418
298419
298420
298421
298422
298423
298424
298425
298426
298427
298428
298429
298430
298431
298432
298433
299374
299375
299376
299377
299378
299379
299380
299381
299382
299383
299384
299385
299386
299387
299388
299389
299390
299391
299392
299393
300334
300335
300336
300337
300338
300339
300340
300341
300342
300343
300344
300345
300346
300347
300348
300349
300350
300351
300352
300353
301293
301294
301295
301296
301297
301298
301299
301300
301301
301302
301303
301304
301305
301306
301307
301308
301309
301310
301311
301312
301313
302253
302254
302255
302256
302257
302258
302259
302260
302261
302262
302263
302264
302265
302266
302267
302268
302269
302270
302271
302272
302273
303213
303214
303215
303216
303217
303218
303219
303220
303221
303222
303223
303224
303225
303226
303227
303228
303229
303230
303231
303232
303233
304173
304174
304175
304176
304177
304178
304179
304180
304181
304182
304183
304184
304185
304186
304187
304188
304189
304190
304191
304192
304193
305133
305134
305135
305136
305137
305138
305139
305140
305141
305142
305143
305144
305145
305146
305147
305148
305149
305150
305151
305152
305153
306093
306094
306095
306096
306097
306098
306099
306100
306101
306102
306103
306104
306105
306106
306107
306108
306109
306110
306111
306112
306113
307053
307054
307055
307056
307057
307058
307059
307060
307061
307062
307063
307064
307065
307066
307067
307068
307069
307070
307071
307072
307073
308710
308711
308712
308713
308714
308715
308716
308717
308718
308719
308720
308721
308722
308723
308724
308725
308726
308727
308728
308729
308730
-430
-2350
-4270
-6190
-8110
-10030
-11950
-13869
-15788
-17707
-19626
-21545
-23464
-25383
-27302
-29221
-31140
-33059
-34978
-36897
-38816
-40735
-42654
-44573
-46492
-48411
-50330
-52249
-54168
-56087
-58006
-59925
-61844
-63763
-65682
-67601
-69520
-71439
-73358
-75278
-77198
-79118
-81038
-82958
-84878
-86798
-88718
-90638
-92557
-94476
-96395
-98314
-100233
-102152
-104071
-105990
-107909
-109828
-111747
-113666
-115585
-117504
-119423
-121342
-123261
-125180
-127099
-129018
-130937
-132856
-134775
-136694
-138613
-138614
-140530
-142449
-144368
-146287
-148206
-150125
-151831
472
2392
4312
6232
6233
8150
10070
11990
13909
15828
17747
19666
21585
23504
25423
27342
29261
31180
33099
35018
36937
38856
40775
42694
44613
46532
48451
50370
52289
54208
56127
58046
59965
61884
63803
65722
67641
69560
71479
73398
75318
77238
79158
81078
82998
84918
86838
88758
90678
92597
94516
96435
98354
100273
102192
104111
106030
107949
109868
111787
113706
115625
117544
119463
121382
123301
125220
127139
129058
130977
132896
134815
136734
138653
140572
142491
144410
146329
148248
150167
151852
)


// ************************************************************************* //
