/*--------------------------------*- C++ -*----------------------------------*\
| =========                 |                                                 |
| \\      /  F ield         | OpenFOAM: The Open Source CFD Toolbox           |
|  \\    /   O peration     | Version:  2.3.0                                 |
|   \\  /    A nd           | Web:      www.OpenFOAM.org                      |
|    \\/     M anipulation  |                                                 |
\*---------------------------------------------------------------------------*/
FoamFile
{
    version     2.0;
    format      ascii;
    class       labelList;
    location    "constant/polyMesh";
    object      cellProcAddressing;
}
// * * * * * * * * * * * * * * * * * * * * * * * * * * * * * * * * * * * * * //


1612
(
0
1
2
3
4
5
6
7
8
9
10
11
12
13
960
961
962
963
964
965
966
967
968
969
970
971
972
973
1920
1921
1922
1923
1924
1925
1926
1927
1928
1929
1930
1931
1932
1933
2880
2881
2882
2883
2884
2885
2886
2887
2888
2889
2890
2891
2892
2893
3840
3841
3842
3843
3844
3845
3846
3847
3848
3849
3850
3851
3852
3853
4800
4801
4802
4803
4804
4805
4806
4807
4808
4809
4810
4811
4812
4813
5760
5761
5762
5763
5764
5765
5766
5767
5768
5769
5770
5771
5772
5773
6720
6721
6722
6723
6724
6725
6726
6727
6728
6729
6730
6731
6732
6733
7680
7681
7682
7683
7684
7685
7686
7687
7688
7689
7690
7691
7692
7693
8640
8641
8642
8643
8644
8645
8646
8647
8648
8649
8650
8651
8652
8653
9600
9601
9602
9603
9604
9605
9606
9607
9608
9609
9610
9611
9612
9613
10560
10561
10562
10563
10564
10565
10566
10567
10568
10569
10570
10571
10572
10573
11520
11521
11522
11523
11524
11525
11526
11527
11528
11529
11530
11531
11532
11533
12480
12481
12482
12483
12484
12485
12486
12487
12488
12489
12490
12491
12492
12493
13440
13441
13442
13443
13444
13445
13446
13447
13448
13449
13450
13451
13452
13453
14400
14401
14402
14403
14404
14405
14406
14407
14408
14409
14410
14411
14412
14413
15360
15361
15362
15363
15364
15365
15366
15367
15368
15369
15370
15371
15372
15373
16320
16321
16322
16323
16324
16325
16326
16327
16328
16329
16330
16331
16332
16333
17280
17281
17282
17283
17284
17285
17286
17287
17288
17289
17290
17291
17292
17293
18240
18241
18242
18243
18244
18245
18246
18247
18248
18249
18250
18251
18252
18253
19200
19201
19202
19203
19204
19205
19206
19207
19208
19209
19210
19211
19212
19213
20160
20161
20162
20163
20164
20165
20166
20167
20168
20169
20170
20171
20172
20173
21120
21121
21122
21123
21124
21125
21126
21127
21128
21129
21130
21131
21132
21133
22080
22081
22082
22083
22084
22085
22086
22087
22088
22089
22090
22091
22092
22093
23040
23041
23042
23043
23044
23045
23046
23047
23048
23049
23050
23051
23052
23053
24000
24001
24002
24003
24004
24005
24006
24007
24008
24009
24010
24011
24012
24013
24960
24961
24962
24963
24964
24965
24966
24967
24968
24969
24970
24971
24972
24973
25920
25921
25922
25923
25924
25925
25926
25927
25928
25929
25930
25931
25932
25933
26880
26881
26882
26883
26884
26885
26886
26887
26888
26889
26890
26891
26892
26893
27840
27841
27842
27843
27844
27845
27846
27847
27848
27849
27850
27851
27852
27853
28800
28801
28802
28803
28804
28805
28806
28807
28808
28809
28810
28811
28812
28813
29760
29761
29762
29763
29764
29765
29766
29767
29768
29769
29770
29771
29772
29773
30720
30721
30722
30723
30724
30725
30726
30727
30728
30729
30730
30731
30732
30733
31680
31681
31682
31683
31684
31685
31686
31687
31688
31689
31690
31691
31692
31693
32640
32641
32642
32643
32644
32645
32646
32647
32648
32649
32650
32651
32652
32653
33600
33601
33602
33603
33604
33605
33606
33607
33608
33609
33610
33611
33612
34560
34561
34562
34563
34564
34565
34566
34567
34568
34569
34570
34571
34572
35520
35521
35522
35523
35524
35525
35526
35527
35528
35529
35530
35531
35532
36480
36481
36482
36483
36484
36485
36486
36487
36488
36489
36490
36491
36492
37440
37441
37442
37443
37444
37445
37446
37447
37448
37449
37450
37451
37452
38400
38401
38402
38403
38404
38405
38406
38407
38408
38409
38410
38411
38412
39360
39361
39362
39363
39364
39365
39366
39367
39368
39369
39370
39371
39372
40320
40321
40322
40323
40324
40325
40326
40327
40328
40329
40330
40331
40332
41280
41281
41282
41283
41284
41285
41286
41287
41288
41289
41290
41291
41292
42240
42241
42242
42243
42244
42245
42246
42247
42248
42249
42250
42251
42252
43200
43201
43202
43203
43204
43205
43206
43207
43208
43209
43210
43211
43212
44160
44161
44162
44163
44164
44165
44166
44167
44168
44169
44170
44171
44172
45120
45121
45122
45123
45124
45125
45126
45127
45128
45129
45130
45131
45132
46080
46081
46082
46083
46084
46085
46086
46087
46088
46089
46090
46091
46092
47040
47041
47042
47043
47044
47045
47046
47047
47048
47049
47050
47051
47052
48000
48001
48002
48003
48004
48005
48006
48007
48008
48009
48010
48011
48012
48960
48961
48962
48963
48964
48965
48966
48967
48968
48969
48970
48971
48972
49920
49921
49922
49923
49924
49925
49926
49927
49928
49929
49930
49931
49932
50880
50881
50882
50883
50884
50885
50886
50887
50888
50889
50890
50891
50892
51840
51841
51842
51843
51844
51845
51846
51847
51848
51849
51850
51851
51852
52800
52801
52802
52803
52804
52805
52806
52807
52808
52809
52810
52811
52812
53760
53761
53762
53763
53764
53765
53766
53767
53768
53769
53770
53771
53772
54720
54721
54722
54723
54724
54725
54726
54727
54728
54729
54730
54731
54732
55680
55681
55682
55683
55684
55685
55686
55687
55688
55689
55690
55691
55692
56640
56641
56642
56643
56644
56645
56646
56647
56648
56649
56650
56651
56652
57600
57601
57602
57603
57604
57605
57606
57607
57608
57609
57610
57611
57612
58560
58561
58562
58563
58564
58565
58566
58567
58568
58569
58570
58571
58572
59520
59521
59522
59523
59524
59525
59526
59527
59528
59529
59530
59531
59532
60480
60481
60482
60483
60484
60485
60486
60487
60488
60489
60490
60491
60492
61440
61441
61442
61443
61444
61445
61446
61447
61448
61449
61450
61451
61452
62400
62401
62402
62403
62404
62405
62406
62407
62408
62409
62410
62411
62412
63360
63361
63362
63363
63364
63365
63366
63367
63368
63369
63370
63371
63372
64320
64321
64322
64323
64324
64325
64326
64327
64328
64329
64330
64331
64332
65280
65281
65282
65283
65284
65285
65286
65287
65288
65289
65290
65291
65292
66240
66241
66242
66243
66244
66245
66246
66247
66248
66249
66250
66251
66252
67200
67201
67202
67203
67204
67205
67206
67207
67208
67209
67210
67211
67212
68160
68161
68162
68163
68164
68165
68166
68167
68168
68169
68170
68171
68172
69120
69121
69122
69123
69124
69125
69126
69127
69128
69129
69130
69131
69132
70080
70081
70082
70083
70084
70085
70086
70087
70088
70089
70090
70091
70092
71040
71041
71042
71043
71044
71045
71046
71047
71048
71049
71050
71051
71052
72000
72001
72002
72003
72004
72005
72006
72007
72008
72009
72010
72011
72012
72960
72961
72962
72963
72964
72965
72966
72967
72968
72969
72970
72971
72972
73920
73921
73922
73923
73924
73925
73926
73927
73928
73929
73930
73931
73932
74880
74881
74882
74883
74884
74885
74886
74887
74888
74889
74890
74891
74892
75840
75841
75842
75843
75844
75845
75846
75847
75848
75849
75850
75851
75852
76800
76801
76802
76803
76804
76805
76806
76807
76808
76809
76810
76811
76812
76813
76814
76815
76816
76817
76818
76819
76820
76821
76822
76823
76824
76825
76826
76827
76828
76829
76830
76831
76832
76833
76834
76835
76836
76837
76838
76839
76840
76841
76842
76843
76844
76845
76846
76847
76848
76849
76850
76851
76852
76853
76854
76855
76856
76857
76858
76859
76860
76861
76862
76863
76864
76865
76866
76867
76868
76869
76870
76871
76872
76873
76874
76875
76876
76877
76878
76879
76880
76881
76882
76883
76884
76885
76886
76887
76888
76889
76890
76891
76892
76893
76894
76895
76896
76897
76898
76899
76900
76901
76902
76903
76904
76905
76906
76907
76908
76909
76910
76911
76912
76913
76914
76915
76916
76917
76918
76919
76920
76921
76922
76923
76924
76925
76926
76927
76928
76929
76930
76931
76932
76933
76934
76935
76936
76937
76938
76939
76940
76941
76942
76943
76944
76945
76946
76947
76948
76949
76950
76951
76952
76953
76954
76955
76956
76957
76958
76959
76960
76961
76962
76963
76964
76965
76966
76967
76968
76969
76970
76971
76972
76973
76974
76975
76976
76977
76978
76979
76980
76981
76982
76983
76984
76985
76986
76987
76988
76989
76990
76991
76992
76993
76994
76995
76996
76997
76998
76999
77000
77001
77002
77003
77004
77005
77006
77007
77008
77009
77010
77011
77012
77013
77014
77015
77016
77017
77018
77019
77020
77021
77022
77023
77024
77025
77026
77027
77028
77029
77030
77031
77032
77033
77034
77035
77036
77037
77038
77039
77040
77041
77042
77043
77044
77045
77046
77047
77048
77049
77050
77051
77052
77053
77054
77055
77056
77057
77058
77059
77060
77061
77062
77063
77064
77065
77066
77067
77068
77069
77070
77071
77072
77073
77074
77075
77076
77077
77078
77079
77080
77081
77082
77083
77084
77085
77086
77087
77088
77089
77090
77091
77092
77093
77094
77095
77096
77097
77098
77099
77100
77101
77102
77103
77104
77105
77106
77107
77108
77109
77110
77111
77112
77113
77114
77115
77116
77117
77118
77119
77120
77121
77122
77123
77124
77125
77126
77127
77128
77129
77130
77131
77132
77133
77134
77135
77136
77137
77138
77139
77140
77141
77142
77143
77144
77145
77146
77147
77148
77149
77150
77151
77152
77153
77154
77155
77156
77157
77158
77159
77160
77161
77162
77163
77164
77165
77166
77167
77168
77169
77170
77171
77172
77173
77174
77175
77176
77177
77178
77179
77180
77181
77182
77183
77184
77185
77186
77187
77188
77189
77190
77191
77192
77193
77194
77195
77196
77197
77198
77199
77200
77201
77202
77203
77204
77205
77206
77207
77208
77209
77210
77211
77212
77213
77214
77215
77216
77217
77218
77219
77220
77221
77222
77223
77224
77225
77226
77227
77228
77229
77230
77231
77232
77233
77234
77235
77236
77237
77238
77239
77240
77241
77242
77243
77244
77245
77246
77247
77248
77249
77250
77251
77252
77253
77254
77255
77256
77257
77258
77259
77260
77261
77262
77263
77264
77265
77266
77267
77268
77269
77270
77271
77272
77273
77274
77275
77276
77277
77278
77279
77280
77281
77282
77283
77284
77285
77286
77287
77288
77289
77290
77291
77292
77293
77294
77295
77296
77297
77298
77299
77300
77301
77302
77303
77304
77305
77306
77307
77308
77309
77310
77311
77312
77313
77314
77315
77316
77317
77318
77319
77320
77321
77322
77323
77324
77325
77326
77327
77328
77329
77330
77331
77332
77333
77334
77335
77336
)


// ************************************************************************* //
