/*--------------------------------*- C++ -*----------------------------------*\
| =========                 |                                                 |
| \\      /  F ield         | OpenFOAM: The Open Source CFD Toolbox           |
|  \\    /   O peration     | Version:  2.3.0                                 |
|   \\  /    A nd           | Web:      www.OpenFOAM.org                      |
|    \\/     M anipulation  |                                                 |
\*---------------------------------------------------------------------------*/
FoamFile
{
    version     2.0;
    format      ascii;
    class       labelList;
    location    "constant/polyMesh";
    object      faceProcAddressing;
}
// * * * * * * * * * * * * * * * * * * * * * * * * * * * * * * * * * * * * * //


6555
(
1
2
3
4
5
6
7
8
9
10
11
12
13
14
15
16
17
18
19
20
21
22
23
24
25
26
27
29
1921
1922
1923
1924
1925
1926
1927
1928
1929
1930
1931
1932
1933
1934
1935
1936
1937
1938
1939
1940
1941
1942
1943
1944
1945
1946
1947
1949
3841
3842
3843
3844
3845
3846
3847
3848
3849
3850
3851
3852
3853
3854
3855
3856
3857
3858
3859
3860
3861
3862
3863
3864
3865
3866
3867
3869
5761
5762
5763
5764
5765
5766
5767
5768
5769
5770
5771
5772
5773
5774
5775
5776
5777
5778
5779
5780
5781
5782
5783
5784
5785
5786
5787
5789
7681
7682
7683
7684
7685
7686
7687
7688
7689
7690
7691
7692
7693
7694
7695
7696
7697
7698
7699
7700
7701
7702
7703
7704
7705
7706
7707
7709
9601
9602
9603
9604
9605
9606
9607
9608
9609
9610
9611
9612
9613
9614
9615
9616
9617
9618
9619
9620
9621
9622
9623
9624
9625
9626
9627
9629
11521
11522
11523
11524
11525
11526
11527
11528
11529
11530
11531
11532
11533
11534
11535
11536
11537
11538
11539
11540
11541
11542
11543
11544
11545
11546
11547
11549
13441
13442
13443
13444
13445
13446
13447
13448
13449
13450
13451
13452
13453
13454
13455
13456
13457
13458
13459
13460
13461
13462
13463
13464
13465
13466
13468
15360
15361
15362
15363
15364
15365
15366
15367
15368
15369
15370
15371
15372
15373
15374
15375
15376
15377
15378
15379
15380
15381
15382
15383
15384
15385
15387
17279
17280
17281
17282
17283
17284
17285
17286
17287
17288
17289
17290
17291
17292
17293
17294
17295
17296
17297
17298
17299
17300
17301
17302
17303
17304
17306
19198
19199
19200
19201
19202
19203
19204
19205
19206
19207
19208
19209
19210
19211
19212
19213
19214
19215
19216
19217
19218
19219
19220
19221
19222
19223
19225
21117
21118
21119
21120
21121
21122
21123
21124
21125
21126
21127
21128
21129
21130
21131
21132
21133
21134
21135
21136
21137
21138
21139
21140
21141
21142
21144
23036
23037
23038
23039
23040
23041
23042
23043
23044
23045
23046
23047
23048
23049
23050
23051
23052
23053
23054
23055
23056
23057
23058
23059
23060
23061
23063
24955
24956
24957
24958
24959
24960
24961
24962
24963
24964
24965
24966
24967
24968
24969
24970
24971
24972
24973
24974
24975
24976
24977
24978
24979
24980
24982
26874
26875
26876
26877
26878
26879
26880
26881
26882
26883
26884
26885
26886
26887
26888
26889
26890
26891
26892
26893
26894
26895
26896
26897
26898
26899
26901
28793
28794
28795
28796
28797
28798
28799
28800
28801
28802
28803
28804
28805
28806
28807
28808
28809
28810
28811
28812
28813
28814
28815
28816
28817
28818
28820
30712
30713
30714
30715
30716
30717
30718
30719
30720
30721
30722
30723
30724
30725
30726
30727
30728
30729
30730
30731
30732
30733
30734
30735
30736
30737
30739
32631
32632
32633
32634
32635
32636
32637
32638
32639
32640
32641
32642
32643
32644
32645
32646
32647
32648
32649
32650
32651
32652
32653
32654
32655
32656
32658
34550
34551
34552
34553
34554
34555
34556
34557
34558
34559
34560
34561
34562
34563
34564
34565
34566
34567
34568
34569
34570
34571
34572
34573
34574
34575
34577
36469
36470
36471
36472
36473
36474
36475
36476
36477
36478
36479
36480
36481
36482
36483
36484
36485
36486
36487
36488
36489
36490
36491
36492
36493
36494
36496
38388
38389
38390
38391
38392
38393
38394
38395
38396
38397
38398
38399
38400
38401
38402
38403
38404
38405
38406
38407
38408
38409
38410
38411
38412
38413
38415
40307
40308
40309
40310
40311
40312
40313
40314
40315
40316
40317
40318
40319
40320
40321
40322
40323
40324
40325
40326
40327
40328
40329
40330
40331
40332
40334
42226
42227
42228
42229
42230
42231
42232
42233
42234
42235
42236
42237
42238
42239
42240
42241
42242
42243
42244
42245
42246
42247
42248
42249
42250
42251
42253
44145
44146
44147
44148
44149
44150
44151
44152
44153
44154
44155
44156
44157
44158
44159
44160
44161
44162
44163
44164
44165
44166
44167
44168
44169
44170
44172
46064
46065
46066
46067
46068
46069
46070
46071
46072
46073
46074
46075
46076
46077
46078
46079
46080
46081
46082
46083
46084
46085
46086
46087
46088
46089
46091
47983
47984
47985
47986
47987
47988
47989
47990
47991
47992
47993
47994
47995
47996
47997
47998
47999
48000
48001
48002
48003
48004
48005
48006
48007
48008
48010
49902
49903
49904
49905
49906
49907
49908
49909
49910
49911
49912
49913
49914
49915
49916
49917
49918
49919
49920
49921
49922
49923
49924
49925
49926
49927
49929
51821
51822
51823
51824
51825
51826
51827
51828
51829
51830
51831
51832
51833
51834
51835
51836
51837
51838
51839
51840
51841
51842
51843
51844
51845
51846
51848
53740
53741
53742
53743
53744
53745
53746
53747
53748
53749
53750
53751
53752
53753
53754
53755
53756
53757
53758
53759
53760
53761
53762
53763
53764
53765
53767
55659
55660
55661
55662
55663
55664
55665
55666
55667
55668
55669
55670
55671
55672
55673
55674
55675
55676
55677
55678
55679
55680
55681
55682
55683
55684
55686
57578
57579
57580
57581
57582
57583
57584
57585
57586
57587
57588
57589
57590
57591
57592
57593
57594
57595
57596
57597
57598
57599
57600
57601
57602
57603
57605
59497
59498
59499
59500
59501
59502
59503
59504
59505
59506
59507
59508
59509
59510
59511
59512
59513
59514
59515
59516
59517
59518
59519
59520
59521
59522
59524
61416
61417
61418
61419
61420
61421
61422
61423
61424
61425
61426
61427
61428
61429
61430
61431
61432
61433
61434
61435
61436
61437
61438
61439
61440
61441
61443
63335
63336
63337
63338
63339
63340
63341
63342
63343
63344
63345
63346
63347
63348
63349
63350
63351
63352
63353
63354
63355
63356
63357
63358
63359
63360
63362
65254
65255
65256
65257
65258
65259
65260
65261
65262
65263
65264
65265
65266
65267
65268
65269
65270
65271
65272
65273
65274
65275
65276
65277
65278
65279
67173
67174
67175
67176
67177
67178
67179
67180
67181
67182
67183
67184
67185
67186
67187
67188
67189
67190
67191
67192
67193
67194
67195
67196
67198
69092
69093
69094
69095
69096
69097
69098
69099
69100
69101
69102
69103
69104
69105
69106
69107
69108
69109
69110
69111
69112
69113
69114
69115
69117
71011
71012
71013
71014
71015
71016
71017
71018
71019
71020
71021
71022
71023
71024
71025
71026
71027
71028
71029
71030
71031
71032
71033
71034
71036
72930
72931
72932
72933
72934
72935
72936
72937
72938
72939
72940
72941
72942
72943
72944
72945
72946
72947
72948
72949
72950
72951
72952
72953
72955
74849
74850
74851
74852
74853
74854
74855
74856
74857
74858
74859
74860
74861
74862
74863
74864
74865
74866
74867
74868
74869
74870
74871
74872
74873
74875
76769
76770
76771
76772
76773
76774
76775
76776
76777
76778
76779
76780
76781
76782
76783
76784
76785
76786
76787
76788
76789
76790
76791
76792
76793
76795
78689
78690
78691
78692
78693
78694
78695
78696
78697
78698
78699
78700
78701
78702
78703
78704
78705
78706
78707
78708
78709
78710
78711
78712
78713
78715
80609
80610
80611
80612
80613
80614
80615
80616
80617
80618
80619
80620
80621
80622
80623
80624
80625
80626
80627
80628
80629
80630
80631
80632
80633
80635
82529
82530
82531
82532
82533
82534
82535
82536
82537
82538
82539
82540
82541
82542
82543
82544
82545
82546
82547
82548
82549
82550
82551
82552
82553
82555
84449
84450
84451
84452
84453
84454
84455
84456
84457
84458
84459
84460
84461
84462
84463
84464
84465
84466
84467
84468
84469
84470
84471
84472
84473
84475
86369
86370
86371
86372
86373
86374
86375
86376
86377
86378
86379
86380
86381
86382
86383
86384
86385
86386
86387
86388
86389
86390
86391
86392
86393
86395
88289
88290
88291
88292
88293
88294
88295
88296
88297
88298
88299
88300
88301
88302
88303
88304
88305
88306
88307
88308
88309
88310
88311
88312
88313
88315
90209
90210
90211
90212
90213
90214
90215
90216
90217
90218
90219
90220
90221
90222
90223
90224
90225
90226
90227
90228
90229
90230
90231
90232
90233
90235
92129
92130
92131
92132
92133
92134
92135
92136
92137
92138
92139
92140
92141
92142
92143
92144
92145
92146
92147
92148
92149
92150
92151
92152
92154
94048
94049
94050
94051
94052
94053
94054
94055
94056
94057
94058
94059
94060
94061
94062
94063
94064
94065
94066
94067
94068
94069
94070
94071
94073
95967
95968
95969
95970
95971
95972
95973
95974
95975
95976
95977
95978
95979
95980
95981
95982
95983
95984
95985
95986
95987
95988
95989
95990
95992
97886
97887
97888
97889
97890
97891
97892
97893
97894
97895
97896
97897
97898
97899
97900
97901
97902
97903
97904
97905
97906
97907
97908
97909
97911
99805
99806
99807
99808
99809
99810
99811
99812
99813
99814
99815
99816
99817
99818
99819
99820
99821
99822
99823
99824
99825
99826
99827
99828
99830
101724
101725
101726
101727
101728
101729
101730
101731
101732
101733
101734
101735
101736
101737
101738
101739
101740
101741
101742
101743
101744
101745
101746
101747
101749
103643
103644
103645
103646
103647
103648
103649
103650
103651
103652
103653
103654
103655
103656
103657
103658
103659
103660
103661
103662
103663
103664
103665
103666
103668
105562
105563
105564
105565
105566
105567
105568
105569
105570
105571
105572
105573
105574
105575
105576
105577
105578
105579
105580
105581
105582
105583
105584
105585
105587
107481
107482
107483
107484
107485
107486
107487
107488
107489
107490
107491
107492
107493
107494
107495
107496
107497
107498
107499
107500
107501
107502
107503
107504
107506
109400
109401
109402
109403
109404
109405
109406
109407
109408
109409
109410
109411
109412
109413
109414
109415
109416
109417
109418
109419
109420
109421
109422
109423
109425
111319
111320
111321
111322
111323
111324
111325
111326
111327
111328
111329
111330
111331
111332
111333
111334
111335
111336
111337
111338
111339
111340
111341
111342
111344
113238
113239
113240
113241
113242
113243
113244
113245
113246
113247
113248
113249
113250
113251
113252
113253
113254
113255
113256
113257
113258
113259
113260
113261
113263
115157
115158
115159
115160
115161
115162
115163
115164
115165
115166
115167
115168
115169
115170
115171
115172
115173
115174
115175
115176
115177
115178
115179
115180
115182
117076
117077
117078
117079
117080
117081
117082
117083
117084
117085
117086
117087
117088
117089
117090
117091
117092
117093
117094
117095
117096
117097
117098
117099
117101
118995
118996
118997
118998
118999
119000
119001
119002
119003
119004
119005
119006
119007
119008
119009
119010
119011
119012
119013
119014
119015
119016
119017
119018
119020
120914
120915
120916
120917
120918
120919
120920
120921
120922
120923
120924
120925
120926
120927
120928
120929
120930
120931
120932
120933
120934
120935
120936
120937
120939
122833
122834
122835
122836
122837
122838
122839
122840
122841
122842
122843
122844
122845
122846
122847
122848
122849
122850
122851
122852
122853
122854
122855
122856
122858
124752
124753
124754
124755
124756
124757
124758
124759
124760
124761
124762
124763
124764
124765
124766
124767
124768
124769
124770
124771
124772
124773
124774
124775
124777
126671
126672
126673
126674
126675
126676
126677
126678
126679
126680
126681
126682
126683
126684
126685
126686
126687
126688
126689
126690
126691
126692
126693
126694
126696
128590
128591
128592
128593
128594
128595
128596
128597
128598
128599
128600
128601
128602
128603
128604
128605
128606
128607
128608
128609
128610
128611
128612
128613
128615
130509
130510
130511
130512
130513
130514
130515
130516
130517
130518
130519
130520
130521
130522
130523
130524
130525
130526
130527
130528
130529
130530
130531
130532
130534
132428
132429
132430
132431
132432
132433
132434
132435
132436
132437
132438
132439
132440
132441
132442
132443
132444
132445
132446
132447
132448
132449
132450
132451
132453
134347
134348
134349
134350
134351
134352
134353
134354
134355
134356
134357
134358
134359
134360
134361
134362
134363
134364
134365
134366
134367
134368
134369
134370
134372
136266
136267
136268
136269
136270
136271
136272
136273
136274
136275
136276
136277
136278
136279
136280
136281
136282
136283
136284
136285
136286
136287
136288
136289
136291
138185
138186
138187
138188
138189
138190
138191
138192
138193
138194
138195
138196
138197
138198
138199
138200
138201
138202
138203
138204
138205
138206
138207
138208
138210
140104
140105
140106
140107
140108
140109
140110
140111
140112
140113
140114
140115
140116
140117
140118
140119
140120
140121
140122
140123
140124
140125
140126
140127
140129
142023
142024
142025
142026
142027
142028
142029
142030
142031
142032
142033
142034
142035
142036
142037
142038
142039
142040
142041
142042
142043
142044
142045
142046
142048
143942
143943
143944
143945
143946
143947
143948
143949
143950
143951
143952
143953
143954
143955
143956
143957
143958
143959
143960
143961
143962
143963
143964
143965
143967
145861
145862
145863
145864
145865
145866
145867
145868
145869
145870
145871
145872
145873
145874
145875
145876
145877
145878
145879
145880
145881
145882
145883
145884
145886
147780
147781
147782
147783
147784
147785
147786
147787
147788
147789
147790
147791
147792
147793
147794
147795
147796
147797
147798
147799
147800
147801
147802
147803
147805
149699
149700
149701
149702
149703
149704
149705
149706
149707
149708
149709
149710
149711
149712
149713
149714
149715
149716
149717
149718
149719
149720
149721
149722
149724
151618
151619
151620
151621
151622
151623
151624
151625
151626
151627
151628
151629
152577
152578
152579
152580
152581
152582
152583
152584
152585
152586
152587
152588
152589
152590
152591
152592
152593
152594
152595
152596
152597
152598
152599
152600
152601
152602
152603
152604
152605
152606
152607
152608
152609
152610
152611
152612
152613
152614
152615
152616
152617
152618
152619
152620
152621
152622
152623
152624
152625
152626
152627
152628
152629
152630
152631
152632
152633
152634
152635
152636
152637
152638
152639
152640
152641
152642
152643
152644
152645
152646
152647
152648
152649
152650
152651
152652
152653
152654
152655
152656
152657
152658
152659
152660
152661
152662
152663
152664
152665
152666
152667
152668
152669
152670
152671
152672
152673
152674
152675
152676
152677
152678
152679
152680
152681
152682
152683
152684
152685
152686
152687
152688
152689
152690
152691
152692
152693
152694
152695
152696
152697
152698
152699
152700
152701
152702
152703
152704
152705
152706
152707
152708
152709
152710
152711
152712
152713
152714
152715
152716
152717
152718
152719
152720
152721
152722
152723
152724
152725
152726
152727
152728
152729
152730
152731
152732
152733
152734
152735
152736
152737
152738
152739
152740
152741
152742
152743
152744
152745
152746
152747
152748
152749
152750
152751
152752
152753
152754
152755
152756
152757
152758
152759
152760
152761
152762
152763
152764
152765
152766
152767
152768
152769
152770
152771
152772
152773
152774
152775
152776
152777
152778
152779
152780
152781
152782
152783
152784
152785
152786
152787
152788
152789
152790
152791
152792
152793
152794
152795
152796
152797
152798
152799
152800
152801
152802
152803
152804
152805
152806
152807
152808
152809
152810
152811
152812
152813
152814
152815
152816
152817
152818
152819
152820
152821
152822
152823
152824
152825
152826
152827
152828
152829
152830
152831
152832
152833
152834
152835
152836
152837
152838
152839
152840
152841
152842
152843
152844
152845
152846
152847
152848
152849
152850
152851
152852
152853
152854
152855
152856
152857
152858
152859
152860
152861
152862
152863
152864
152865
152866
152867
152868
152869
152870
152871
152872
152873
152874
152875
152876
152877
152878
152879
152880
152881
152882
152883
152884
152885
152886
152887
152888
152889
152890
152891
152892
152893
152894
152895
152896
152897
152898
152899
152900
152901
152902
152903
152904
152905
152906
152907
152908
152909
152910
152911
152912
152913
152914
152915
152916
152917
152918
152919
152920
152921
152922
152923
152924
152925
152926
152927
152928
152929
152930
152931
152932
152933
152934
152935
152936
152937
152938
152939
152940
152941
152942
152943
152944
152945
152946
152947
152948
152949
152950
152951
152952
152953
152954
152955
152956
152957
152958
152959
152960
152961
152962
152963
152964
152965
152966
152967
152968
152969
152970
152971
152972
152973
152974
152975
152976
152977
152978
152979
152980
152981
152982
152983
152984
152985
152986
152987
152988
152989
152990
152991
152992
152993
152994
152995
152996
152997
152998
152999
153000
153001
153002
153003
153004
153005
153006
153007
153008
153009
153010
153011
153012
153013
153014
153015
153016
153017
153018
153019
153020
153021
153022
153023
153024
153025
153026
153027
153028
153029
153030
153031
153032
153033
153034
153035
153036
153037
153038
153039
153040
153041
153042
153043
153044
153045
153046
153047
153048
153049
153050
153051
153052
153053
153054
153055
153056
153057
153058
153059
153060
153061
153062
153063
153064
153065
153066
153067
153068
153069
153070
153071
153072
153073
153074
153075
153076
153077
153078
153079
153080
153081
153082
153083
153084
153085
153086
153087
153088
153089
153090
153091
153092
153093
153094
153095
153096
153097
153098
153099
153100
153101
153102
153103
153104
153105
153106
153107
153108
153109
153110
153111
153112
153113
153114
153115
153116
153117
153118
153119
153120
153121
153122
153123
153124
153125
153126
153127
153128
153129
153130
153131
153132
153133
153134
153135
153136
153137
153138
153139
153140
153141
153142
153143
153144
153145
153146
153147
153148
153149
153150
153151
153152
153153
153154
153155
153156
153157
153158
153159
153160
153161
153162
153163
153164
153165
153166
153167
153168
153169
153170
153171
153172
153173
153174
153175
153176
153177
153178
153179
153180
153181
153182
153183
153184
153185
153186
153187
153188
153189
153190
153191
153192
153193
153194
153195
153196
153197
153198
153199
153200
153201
153202
153203
153204
153205
153206
153207
153208
153209
153210
153211
153212
153213
153214
153215
153216
153217
153218
153219
153220
153221
153222
153223
153224
153225
153226
153227
153228
153229
153230
153231
153232
153233
153234
153235
153236
153237
153238
153239
153240
153241
153242
153243
153244
153245
153246
153247
153248
153249
153250
153251
153252
153253
153254
153255
153256
153257
153258
153259
153260
153261
153262
153263
153264
153265
153266
153267
153268
153269
153270
153271
153272
153273
153274
153275
153276
153277
153278
153279
153280
153281
153282
153283
153284
153285
153286
153287
153288
153289
153290
153291
153292
153293
153294
153295
153296
153297
153298
153299
153300
153301
153302
153303
153304
153305
153306
153307
153308
153309
153310
153311
153312
153313
153314
153315
153316
153317
153318
153319
153320
153321
153322
153323
153324
153325
153326
153327
153328
153329
153330
153331
153332
153333
153334
153335
153336
153337
153338
153339
153340
153341
153342
153343
153344
153345
153346
153347
153348
153349
153350
153351
153352
153353
153354
153355
153356
153357
153358
153359
153360
153361
153362
153363
153364
153365
153366
153367
153368
153369
153370
153371
153372
153373
153374
153375
153376
153377
153378
153379
153380
153381
153382
153383
153384
153385
153386
153387
153388
153389
153390
153391
153392
153393
153394
153395
153396
153397
153398
153399
153400
153401
153402
153403
153404
153405
153406
153407
153408
153409
153410
153411
153412
153413
153414
153415
153416
153417
153418
153419
153420
153421
153422
153423
153424
153425
153426
153427
153428
153429
153430
153431
153432
153433
153434
153435
153436
153437
153438
153439
153440
153441
153442
153443
153444
153445
153446
153447
153448
153449
153450
153451
153452
153453
153454
153455
153456
153457
153458
153459
153460
153461
153462
153463
153464
153465
153466
153467
153468
153469
153470
153471
153472
153473
153474
153475
153476
153477
153478
153479
153480
153481
153482
153483
153484
153485
153486
153487
153488
153489
153490
153491
153492
153493
153494
153495
153496
153497
153498
153499
153500
153501
153502
153503
153504
153505
153506
153507
153508
153509
153510
153511
153512
153513
153514
153515
153516
153517
153518
153519
153520
153521
153522
153523
153524
153525
153526
153527
153528
153529
153530
153531
153532
153533
153534
153535
153536
153537
153538
153539
153540
153541
153542
153543
153544
153545
153546
153547
153548
153549
153550
153551
153552
153553
153554
153555
153556
153557
153558
153559
153560
153561
153562
153563
153564
153565
153566
153567
153568
153569
153570
153571
153572
153573
153574
153575
153576
153577
153578
153579
153580
153581
153662
153663
153664
153665
153666
153667
153668
153669
153670
153671
153672
153673
153674
153675
154622
154623
154624
154625
154626
154627
154628
154629
154630
154631
154632
154633
154634
154635
155582
155583
155584
155585
155586
155587
155588
155589
155590
155591
155592
155593
155594
155595
156542
156543
156544
156545
156546
156547
156548
156549
156550
156551
156552
156553
156554
156555
157502
157503
157504
157505
157506
157507
157508
157509
157510
157511
157512
157513
157514
157515
158462
158463
158464
158465
158466
158467
158468
158469
158470
158471
158472
158473
158474
158475
159422
159423
159424
159425
159426
159427
159428
159429
159430
159431
159432
159433
159434
159435
160382
160383
160384
160385
160386
160387
160388
160389
160390
160391
160392
160393
160394
160395
161342
161343
161344
161345
161346
161347
161348
161349
161350
161351
161352
161353
161354
161355
162302
162303
162304
162305
162306
162307
162308
162309
162310
162311
162312
162313
162314
162315
163262
163263
163264
163265
163266
163267
163268
163269
163270
163271
163272
163273
163274
163275
164222
164223
164224
164225
164226
164227
164228
164229
164230
164231
164232
164233
164234
164235
165182
165183
165184
165185
165186
165187
165188
165189
165190
165191
165192
165193
165194
165195
166142
166143
166144
166145
166146
166147
166148
166149
166150
166151
166152
166153
166154
166155
167102
167103
167104
167105
167106
167107
167108
167109
167110
167111
167112
167113
167114
167115
168062
168063
168064
168065
168066
168067
168068
168069
168070
168071
168072
168073
168074
168075
169022
169023
169024
169025
169026
169027
169028
169029
169030
169031
169032
169033
169034
169035
169982
169983
169984
169985
169986
169987
169988
169989
169990
169991
169992
169993
169994
169995
170942
170943
170944
170945
170946
170947
170948
170949
170950
170951
170952
170953
170954
170955
171902
171903
171904
171905
171906
171907
171908
171909
171910
171911
171912
171913
171914
171915
172862
172863
172864
172865
172866
172867
172868
172869
172870
172871
172872
172873
172874
172875
173822
173823
173824
173825
173826
173827
173828
173829
173830
173831
173832
173833
173834
173835
174782
174783
174784
174785
174786
174787
174788
174789
174790
174791
174792
174793
174794
174795
175742
175743
175744
175745
175746
175747
175748
175749
175750
175751
175752
175753
175754
175755
176702
176703
176704
176705
176706
176707
176708
176709
176710
176711
176712
176713
176714
176715
177662
177663
177664
177665
177666
177667
177668
177669
177670
177671
177672
177673
177674
177675
178622
178623
178624
178625
178626
178627
178628
178629
178630
178631
178632
178633
178634
178635
179582
179583
179584
179585
179586
179587
179588
179589
179590
179591
179592
179593
179594
179595
180542
180543
180544
180545
180546
180547
180548
180549
180550
180551
180552
180553
180554
180555
181502
181503
181504
181505
181506
181507
181508
181509
181510
181511
181512
181513
181514
181515
182462
182463
182464
182465
182466
182467
182468
182469
182470
182471
182472
182473
182474
182475
183422
183423
183424
183425
183426
183427
183428
183429
183430
183431
183432
183433
183434
183435
184382
184383
184384
184385
184386
184387
184388
184389
184390
184391
184392
184393
184394
184395
185342
185343
185344
185345
185346
185347
185348
185349
185350
185351
185352
185353
185354
185355
186302
186303
186304
186305
186306
186307
186308
186309
186310
186311
186312
186313
186314
186315
187262
187263
187264
187265
187266
187267
187268
187269
187270
187271
187272
187273
187274
188222
188223
188224
188225
188226
188227
188228
188229
188230
188231
188232
188233
188234
189182
189183
189184
189185
189186
189187
189188
189189
189190
189191
189192
189193
189194
190142
190143
190144
190145
190146
190147
190148
190149
190150
190151
190152
190153
190154
191102
191103
191104
191105
191106
191107
191108
191109
191110
191111
191112
191113
191114
192062
192063
192064
192065
192066
192067
192068
192069
192070
192071
192072
192073
192074
193022
193023
193024
193025
193026
193027
193028
193029
193030
193031
193032
193033
193034
193982
193983
193984
193985
193986
193987
193988
193989
193990
193991
193992
193993
193994
194942
194943
194944
194945
194946
194947
194948
194949
194950
194951
194952
194953
194954
195902
195903
195904
195905
195906
195907
195908
195909
195910
195911
195912
195913
195914
196862
196863
196864
196865
196866
196867
196868
196869
196870
196871
196872
196873
196874
197822
197823
197824
197825
197826
197827
197828
197829
197830
197831
197832
197833
197834
198782
198783
198784
198785
198786
198787
198788
198789
198790
198791
198792
198793
198794
199742
199743
199744
199745
199746
199747
199748
199749
199750
199751
199752
199753
199754
200702
200703
200704
200705
200706
200707
200708
200709
200710
200711
200712
200713
200714
201662
201663
201664
201665
201666
201667
201668
201669
201670
201671
201672
201673
201674
202622
202623
202624
202625
202626
202627
202628
202629
202630
202631
202632
202633
202634
203582
203583
203584
203585
203586
203587
203588
203589
203590
203591
203592
203593
203594
204542
204543
204544
204545
204546
204547
204548
204549
204550
204551
204552
204553
204554
205502
205503
205504
205505
205506
205507
205508
205509
205510
205511
205512
205513
205514
206462
206463
206464
206465
206466
206467
206468
206469
206470
206471
206472
206473
206474
207422
207423
207424
207425
207426
207427
207428
207429
207430
207431
207432
207433
207434
208382
208383
208384
208385
208386
208387
208388
208389
208390
208391
208392
208393
208394
209342
209343
209344
209345
209346
209347
209348
209349
209350
209351
209352
209353
209354
210302
210303
210304
210305
210306
210307
210308
210309
210310
210311
210312
210313
210314
211262
211263
211264
211265
211266
211267
211268
211269
211270
211271
211272
211273
211274
212222
212223
212224
212225
212226
212227
212228
212229
212230
212231
212232
212233
212234
213182
213183
213184
213185
213186
213187
213188
213189
213190
213191
213192
213193
213194
214142
214143
214144
214145
214146
214147
214148
214149
214150
214151
214152
214153
214154
215102
215103
215104
215105
215106
215107
215108
215109
215110
215111
215112
215113
215114
216062
216063
216064
216065
216066
216067
216068
216069
216070
216071
216072
216073
216074
217022
217023
217024
217025
217026
217027
217028
217029
217030
217031
217032
217033
217034
217982
217983
217984
217985
217986
217987
217988
217989
217990
217991
217992
217993
217994
218942
218943
218944
218945
218946
218947
218948
218949
218950
218951
218952
218953
218954
219902
219903
219904
219905
219906
219907
219908
219909
219910
219911
219912
219913
219914
220862
220863
220864
220865
220866
220867
220868
220869
220870
220871
220872
220873
220874
221822
221823
221824
221825
221826
221827
221828
221829
221830
221831
221832
221833
221834
222782
222783
222784
222785
222786
222787
222788
222789
222790
222791
222792
222793
222794
223742
223743
223744
223745
223746
223747
223748
223749
223750
223751
223752
223753
223754
224702
224703
224704
224705
224706
224707
224708
224709
224710
224711
224712
224713
224714
225662
225663
225664
225665
225666
225667
225668
225669
225670
225671
225672
225673
225674
226622
226623
226624
226625
226626
226627
226628
226629
226630
226631
226632
226633
226634
227582
227583
227584
227585
227586
227587
227588
227589
227590
227591
227592
227593
227594
228542
228543
228544
228545
228546
228547
228548
228549
228550
228551
228552
228553
228554
229502
229503
229504
229505
229506
229507
229508
229509
229510
229511
229512
229513
229514
230462
230463
230464
230465
230466
230467
230468
230469
230470
230471
230472
230473
230474
230475
230476
230477
230478
230479
230480
230481
230482
230483
230484
230485
230486
230487
230488
230489
230490
230491
230492
230493
230494
230495
230496
230497
230498
230499
230500
230501
230502
230503
230504
230505
230506
230507
230508
230509
230510
230511
230512
230513
230514
230515
230516
230517
230518
230519
230520
230521
230522
230523
230524
230525
230526
230527
230528
230529
230530
230531
230532
230533
230534
230535
230536
230537
230538
230539
230540
230541
230542
230543
230544
230545
230546
230547
230548
230549
230550
230551
230552
230553
230554
230555
230556
230557
230558
230559
230560
230561
230562
230563
230564
230565
230566
230567
230568
230569
230570
230571
230572
230573
230574
230575
230576
230577
230578
230579
230580
230581
230582
230583
230584
230585
230586
230587
230588
230589
230590
230591
230592
230593
230594
230595
230596
230597
230598
230599
230600
230601
230602
230603
230604
230605
230606
230607
230608
230609
230610
230611
230612
230613
230614
230615
230616
230617
230618
230619
230620
230621
230622
230623
230624
230625
230626
230627
230628
230629
230630
230631
230632
230633
230634
230635
230636
230637
230638
230639
230640
230641
230642
230643
230644
230645
230646
230647
230648
230649
230650
230651
230652
230653
230654
230655
230656
230657
230658
230659
230660
230661
230662
230663
230664
230665
230666
230667
230668
230669
230670
230671
230672
230673
230674
230675
230676
230677
230678
230679
230680
230681
230682
230683
230684
230685
230686
230687
230688
230689
230690
230691
230692
230693
230694
230695
230696
230697
230698
230699
230700
230701
230702
230703
230704
230705
230706
230707
230708
230709
230710
230711
230712
230713
230714
230715
230716
230717
230718
230719
230720
230721
230722
230723
230724
230725
230726
230727
230728
230729
230730
230731
230732
230733
230734
230735
230736
230737
230738
230739
230740
230741
230742
230743
230744
230745
230746
230747
230748
230749
230750
230751
230752
230753
230754
230755
230756
230757
230758
230759
230760
230761
230762
230763
230764
230765
230766
230767
230768
230769
230770
230771
230772
230773
230774
230775
230776
230777
230778
230779
230780
230781
230782
230783
230784
230785
230786
230787
230788
230789
230790
230791
230792
230793
230794
230795
230796
230797
230798
230799
230800
230801
230802
230803
230804
230805
230806
230807
230808
230809
230810
230811
230812
230813
230814
230815
230816
230817
230818
230819
230820
230821
230822
230823
230824
230825
230826
230827
230828
230829
230830
230831
230832
230833
230834
230835
230836
230837
230838
230839
230840
230841
230842
230843
230844
230845
230846
230847
230848
230849
230850
230851
230852
230853
230854
230855
230856
230857
230858
230859
230860
230861
230862
230863
230864
230865
230866
230867
230868
230869
230870
230871
230872
230873
230874
230875
230876
230877
230878
230879
230880
230881
230882
230883
230884
230885
230886
230887
230888
230889
230890
230891
230892
230893
230894
230895
230896
230897
230898
230899
230900
230901
230902
230903
230904
230905
230906
230907
230908
230909
230910
230911
230912
230913
230914
230915
230916
230917
230918
230919
230920
230921
230922
230923
230924
230925
230926
230927
230928
230929
230930
230931
230932
230933
230934
230935
230936
230937
230938
230939
230940
230941
230942
230943
230944
230945
230946
230947
230948
230949
230950
230951
230952
230953
230954
230955
230956
230957
230958
230959
230960
230961
230962
230963
230964
230965
230966
230967
230968
230969
230970
230971
230972
230973
230974
230975
230976
230977
230978
230979
230980
230981
230982
230983
230984
230985
230986
230987
230988
230989
230990
230991
230992
230993
230994
230995
230996
230997
230998
230999
231000
231001
231002
231003
231004
231005
231006
231007
231008
231009
231010
231011
231012
231959
231960
231961
231962
231963
231964
231965
231966
231967
231968
231969
231970
231971
231972
232919
232920
232921
232922
232923
232924
232925
232926
232927
232928
232929
232930
232931
232932
233879
233880
233881
233882
233883
233884
233885
233886
233887
233888
233889
233890
233891
233892
234839
234840
234841
234842
234843
234844
234845
234846
234847
234848
234849
234850
234851
234852
235799
235800
235801
235802
235803
235804
235805
235806
235807
235808
235809
235810
235811
235812
236759
236760
236761
236762
236763
236764
236765
236766
236767
236768
236769
236770
236771
236772
237719
237720
237721
237722
237723
237724
237725
237726
237727
237728
237729
237730
237731
237732
238679
238680
238681
238682
238683
238684
238685
238686
238687
238688
238689
238690
238691
238692
239639
239640
239641
239642
239643
239644
239645
239646
239647
239648
239649
239650
239651
239652
240599
240600
240601
240602
240603
240604
240605
240606
240607
240608
240609
240610
240611
240612
241559
241560
241561
241562
241563
241564
241565
241566
241567
241568
241569
241570
241571
241572
242519
242520
242521
242522
242523
242524
242525
242526
242527
242528
242529
242530
242531
242532
243479
243480
243481
243482
243483
243484
243485
243486
243487
243488
243489
243490
243491
243492
244439
244440
244441
244442
244443
244444
244445
244446
244447
244448
244449
244450
244451
244452
245399
245400
245401
245402
245403
245404
245405
245406
245407
245408
245409
245410
245411
245412
246359
246360
246361
246362
246363
246364
246365
246366
246367
246368
246369
246370
246371
246372
247319
247320
247321
247322
247323
247324
247325
247326
247327
247328
247329
247330
247331
247332
248279
248280
248281
248282
248283
248284
248285
248286
248287
248288
248289
248290
248291
248292
249239
249240
249241
249242
249243
249244
249245
249246
249247
249248
249249
249250
249251
249252
250199
250200
250201
250202
250203
250204
250205
250206
250207
250208
250209
250210
250211
250212
251159
251160
251161
251162
251163
251164
251165
251166
251167
251168
251169
251170
251171
251172
252119
252120
252121
252122
252123
252124
252125
252126
252127
252128
252129
252130
252131
252132
253079
253080
253081
253082
253083
253084
253085
253086
253087
253088
253089
253090
253091
253092
254039
254040
254041
254042
254043
254044
254045
254046
254047
254048
254049
254050
254051
254052
254999
255000
255001
255002
255003
255004
255005
255006
255007
255008
255009
255010
255011
255012
255959
255960
255961
255962
255963
255964
255965
255966
255967
255968
255969
255970
255971
255972
256919
256920
256921
256922
256923
256924
256925
256926
256927
256928
256929
256930
256931
256932
257879
257880
257881
257882
257883
257884
257885
257886
257887
257888
257889
257890
257891
257892
258839
258840
258841
258842
258843
258844
258845
258846
258847
258848
258849
258850
258851
258852
259799
259800
259801
259802
259803
259804
259805
259806
259807
259808
259809
259810
259811
259812
260759
260760
260761
260762
260763
260764
260765
260766
260767
260768
260769
260770
260771
260772
261719
261720
261721
261722
261723
261724
261725
261726
261727
261728
261729
261730
261731
261732
262679
262680
262681
262682
262683
262684
262685
262686
262687
262688
262689
262690
262691
262692
263639
263640
263641
263642
263643
263644
263645
263646
263647
263648
263649
263650
263651
263652
264599
264600
264601
264602
264603
264604
264605
264606
264607
264608
264609
264610
264611
265559
265560
265561
265562
265563
265564
265565
265566
265567
265568
265569
265570
265571
266519
266520
266521
266522
266523
266524
266525
266526
266527
266528
266529
266530
266531
267479
267480
267481
267482
267483
267484
267485
267486
267487
267488
267489
267490
267491
268439
268440
268441
268442
268443
268444
268445
268446
268447
268448
268449
268450
268451
269399
269400
269401
269402
269403
269404
269405
269406
269407
269408
269409
269410
269411
270359
270360
270361
270362
270363
270364
270365
270366
270367
270368
270369
270370
270371
271319
271320
271321
271322
271323
271324
271325
271326
271327
271328
271329
271330
271331
272279
272280
272281
272282
272283
272284
272285
272286
272287
272288
272289
272290
272291
273239
273240
273241
273242
273243
273244
273245
273246
273247
273248
273249
273250
273251
274199
274200
274201
274202
274203
274204
274205
274206
274207
274208
274209
274210
274211
275159
275160
275161
275162
275163
275164
275165
275166
275167
275168
275169
275170
275171
276119
276120
276121
276122
276123
276124
276125
276126
276127
276128
276129
276130
276131
277079
277080
277081
277082
277083
277084
277085
277086
277087
277088
277089
277090
277091
278039
278040
278041
278042
278043
278044
278045
278046
278047
278048
278049
278050
278051
278999
279000
279001
279002
279003
279004
279005
279006
279007
279008
279009
279010
279011
279959
279960
279961
279962
279963
279964
279965
279966
279967
279968
279969
279970
279971
280919
280920
280921
280922
280923
280924
280925
280926
280927
280928
280929
280930
280931
281879
281880
281881
281882
281883
281884
281885
281886
281887
281888
281889
281890
281891
282839
282840
282841
282842
282843
282844
282845
282846
282847
282848
282849
282850
282851
283799
283800
283801
283802
283803
283804
283805
283806
283807
283808
283809
283810
283811
284759
284760
284761
284762
284763
284764
284765
284766
284767
284768
284769
284770
284771
285719
285720
285721
285722
285723
285724
285725
285726
285727
285728
285729
285730
285731
286679
286680
286681
286682
286683
286684
286685
286686
286687
286688
286689
286690
286691
287639
287640
287641
287642
287643
287644
287645
287646
287647
287648
287649
287650
287651
288599
288600
288601
288602
288603
288604
288605
288606
288607
288608
288609
288610
288611
289559
289560
289561
289562
289563
289564
289565
289566
289567
289568
289569
289570
289571
290519
290520
290521
290522
290523
290524
290525
290526
290527
290528
290529
290530
290531
291479
291480
291481
291482
291483
291484
291485
291486
291487
291488
291489
291490
291491
292439
292440
292441
292442
292443
292444
292445
292446
292447
292448
292449
292450
292451
293399
293400
293401
293402
293403
293404
293405
293406
293407
293408
293409
293410
293411
294359
294360
294361
294362
294363
294364
294365
294366
294367
294368
294369
294370
294371
295319
295320
295321
295322
295323
295324
295325
295326
295327
295328
295329
295330
295331
296279
296280
296281
296282
296283
296284
296285
296286
296287
296288
296289
296290
296291
297239
297240
297241
297242
297243
297244
297245
297246
297247
297248
297249
297250
297251
298199
298200
298201
298202
298203
298204
298205
298206
298207
298208
298209
298210
298211
299159
299160
299161
299162
299163
299164
299165
299166
299167
299168
299169
299170
299171
300119
300120
300121
300122
300123
300124
300125
300126
300127
300128
300129
300130
300131
301079
301080
301081
301082
301083
301084
301085
301086
301087
301088
301089
301090
301091
302039
302040
302041
302042
302043
302044
302045
302046
302047
302048
302049
302050
302051
302999
303000
303001
303002
303003
303004
303005
303006
303007
303008
303009
303010
303011
303959
303960
303961
303962
303963
303964
303965
303966
303967
303968
303969
303970
303971
304919
304920
304921
304922
304923
304924
304925
304926
304927
304928
304929
304930
304931
305879
305880
305881
305882
305883
305884
305885
305886
305887
305888
305889
305890
305891
306839
306840
306841
306842
306843
306844
306845
306846
306847
306848
306849
306850
306851
307799
307800
307801
307802
307803
307804
307805
307806
307807
307808
307809
307810
307811
307812
307813
307814
307815
307816
307817
307818
307819
307820
307821
307822
307823
307824
307825
307826
307827
307828
307829
307830
307831
307832
307833
307834
307835
307836
307837
307838
307839
307840
307841
307842
307843
307844
307845
307846
307847
307848
307849
307850
307851
307852
307853
307854
307855
307856
307857
307858
307859
307860
307861
307862
307863
307864
307865
307866
307867
307868
307869
307870
307871
307872
307873
307874
307875
307876
307877
307878
307879
307880
307881
307882
307883
307884
307885
307886
307887
307888
307889
307890
307891
307892
307893
307894
307895
307896
307897
307898
307899
307900
307901
307902
307903
307904
307905
307906
307907
307908
307909
307910
307911
307912
307913
307914
307915
307916
307917
307918
307919
307920
307921
307922
307923
307924
307925
307926
307927
307928
307929
307930
307931
307932
307933
307934
307935
307936
307937
307938
307939
307940
307941
307942
307943
307944
307945
307946
307947
307948
307949
307950
307951
307952
307953
307954
307955
307956
307957
307958
307959
307960
307961
307962
307963
307964
307965
307966
307967
307968
307969
307970
307971
307972
307973
307974
307975
307976
307977
307978
307979
307980
307981
307982
307983
307984
307985
307986
307987
307988
307989
307990
307991
307992
307993
307994
307995
307996
307997
307998
307999
308000
308001
308002
308003
308004
308005
308006
308007
308008
308009
308010
308011
308012
308013
308014
308015
308016
308017
308018
308019
308020
308021
308022
308023
308024
308025
308026
308027
308028
308029
308030
308031
308032
308033
308034
308035
308036
308037
308038
308039
308040
308041
308042
308043
308044
308045
308046
308047
308048
308049
308050
308051
308052
308053
308054
308055
308056
308057
308058
308059
308060
308061
308062
308063
308064
308065
308066
308067
308068
308069
308070
308071
308072
308073
308074
308075
308076
308077
308078
308079
308080
308081
308082
308083
308084
308085
308086
308087
308088
308089
308090
308091
308092
308093
308094
308095
308096
308097
308098
308099
308100
308101
308102
308103
308104
308105
308106
308107
308108
308109
308110
308111
308112
308113
308114
308115
308116
308117
308118
308119
308120
308121
308122
308123
308124
308125
308126
308127
308128
308129
308130
308131
308132
308133
308134
308135
308136
308137
308138
308139
308140
308141
308142
308143
308144
308145
308146
308147
308148
308149
308150
308151
308152
308153
308154
308155
308156
308157
308158
308159
308160
308161
308162
308163
308164
308165
308166
308167
308168
308169
308170
308171
308172
308173
308174
308175
308176
308177
308178
308179
308180
308181
308182
308183
308184
308185
308186
308187
308188
308189
308190
308191
308192
308193
308194
308195
308196
308197
308198
308199
308200
308201
308202
308203
308204
308205
308206
308207
308208
308209
308210
308211
308212
308213
308214
308215
308216
308217
308218
308219
308220
308221
308222
308223
308224
308225
308226
308227
308228
308229
308230
308231
308232
308233
308234
308235
308236
308237
308238
308239
308240
308241
308242
308243
308244
308245
308246
308247
308248
308249
308250
308251
308252
308253
308254
308255
308256
308257
308258
308259
308260
308261
308262
308263
308264
308265
308266
308267
308268
308269
308270
308271
308272
308273
308274
308275
308276
308277
308278
308279
308280
308281
308282
308283
308284
308285
308286
308287
308288
308289
308290
308291
308292
308293
308294
308295
308296
308297
308298
308299
308300
308301
308302
308303
308304
308305
308306
308307
308308
308309
308310
308311
308312
308313
308314
308315
308316
308317
308318
308319
308320
308321
308322
308323
308324
308325
308326
308327
308328
308329
308330
308331
308332
308333
308334
308335
308336
308337
308338
308339
308340
308341
308342
308343
308344
308345
308346
308347
308348
308349
308350
308351
308352
308353
308354
308355
308356
308357
308358
308359
308360
308361
308362
308363
308364
308365
308366
308367
308368
308369
308370
308371
308372
308373
308374
308375
308376
308377
308378
308379
308380
308381
308382
308383
308384
308385
308386
308387
308388
308389
308390
308391
308392
308393
308394
308395
308396
308397
308398
308399
308400
308401
308402
308403
308404
308405
308406
308407
308408
308409
308410
308411
308412
308413
308414
308415
308416
308417
308418
308419
308420
308421
308422
308423
308424
308425
308426
308427
308428
308429
308430
308431
308432
308433
308434
308435
308436
308437
308438
308439
308440
308441
308442
308443
308444
308445
308446
308447
308448
308449
308450
308451
308452
308453
308454
308455
308456
308457
308458
308459
308460
308461
308462
308463
308464
308465
308466
308467
308468
308469
308470
308471
308472
308473
308474
308475
308476
308477
308478
308479
308480
308481
308482
308483
308484
308485
308486
308487
308488
308489
308490
308491
308492
308493
308494
308495
308496
308497
308498
308499
308500
308501
308502
308503
308504
308505
308506
308507
308508
28
1948
3868
5788
7708
9628
11548
13467
15386
17305
19224
21143
23062
24981
26900
28819
30738
32657
34576
36495
38414
40333
42252
44171
46090
48009
49928
51847
53766
55685
57604
59523
61442
63361
65280
65281
67197
69116
71035
72954
74874
76794
78714
80634
82554
84474
86394
88314
90234
92153
94072
95991
97910
99829
101748
103667
105586
107505
109424
111343
113262
115181
117100
119019
120938
122857
124776
126695
128614
130533
132452
134371
136290
138209
140128
142047
143966
145885
147804
149723
151630
)


// ************************************************************************* //
