/*--------------------------------*- C++ -*----------------------------------*\
| =========                 |                                                 |
| \\      /  F ield         | OpenFOAM: The Open Source CFD Toolbox           |
|  \\    /   O peration     | Version:  2.3.0                                 |
|   \\  /    A nd           | Web:      www.OpenFOAM.org                      |
|    \\/     M anipulation  |                                                 |
\*---------------------------------------------------------------------------*/
FoamFile
{
    version     2.0;
    format      ascii;
    class       labelList;
    note        "nPoints: 3495 nCells: 1612 nFaces: 6555 nInternalFaces: 3061";
    location    "constant/polyMesh";
    object      neighbour;
}
// * * * * * * * * * * * * * * * * * * * * * * * * * * * * * * * * * * * * * //


3061
(
1
14
1116
2
15
3
16
4
17
5
18
6
19
7
20
8
21
9
22
10
23
11
24
12
25
13
26
27
15
28
1158
16
29
17
30
18
31
19
32
20
33
21
34
22
35
23
36
24
37
25
38
26
39
27
40
41
29
42
1200
30
43
31
44
32
45
33
46
34
47
35
48
36
49
37
50
38
51
39
52
40
53
41
54
55
43
56
1242
44
57
45
58
46
59
47
60
48
61
49
62
50
63
51
64
52
65
53
66
54
67
55
68
69
57
70
1284
58
71
59
72
60
73
61
74
62
75
63
76
64
77
65
78
66
79
67
80
68
81
69
82
83
71
84
1326
72
85
73
86
74
87
75
88
76
89
77
90
78
91
79
92
80
93
81
94
82
95
83
96
97
85
98
1368
86
99
87
100
88
101
89
102
90
103
91
104
92
105
93
106
94
107
95
108
96
109
97
110
111
99
112
100
113
101
114
102
115
103
116
104
117
105
118
106
119
107
120
108
121
109
122
110
123
111
124
125
113
126
114
127
115
128
116
129
117
130
118
131
119
132
120
133
121
134
122
135
123
136
124
137
125
138
139
127
140
128
141
129
142
130
143
131
144
132
145
133
146
134
147
135
148
136
149
137
150
138
151
139
152
153
141
154
142
155
143
156
144
157
145
158
146
159
147
160
148
161
149
162
150
163
151
164
152
165
153
166
167
155
168
156
169
157
170
158
171
159
172
160
173
161
174
162
175
163
176
164
177
165
178
166
179
167
180
181
169
182
170
183
171
184
172
185
173
186
174
187
175
188
176
189
177
190
178
191
179
192
180
193
181
194
195
183
196
184
197
185
198
186
199
187
200
188
201
189
202
190
203
191
204
192
205
193
206
194
207
195
208
209
197
210
198
211
199
212
200
213
201
214
202
215
203
216
204
217
205
218
206
219
207
220
208
221
209
222
223
211
224
212
225
213
226
214
227
215
228
216
229
217
230
218
231
219
232
220
233
221
234
222
235
223
236
237
225
238
226
239
227
240
228
241
229
242
230
243
231
244
232
245
233
246
234
247
235
248
236
249
237
250
251
239
252
240
253
241
254
242
255
243
256
244
257
245
258
246
259
247
260
248
261
249
262
250
263
251
264
265
253
266
254
267
255
268
256
269
257
270
258
271
259
272
260
273
261
274
262
275
263
276
264
277
265
278
279
267
280
268
281
269
282
270
283
271
284
272
285
273
286
274
287
275
288
276
289
277
290
278
291
279
292
293
281
294
282
295
283
296
284
297
285
298
286
299
287
300
288
301
289
302
290
303
291
304
292
305
293
306
307
295
308
296
309
297
310
298
311
299
312
300
313
301
314
302
315
303
316
304
317
305
318
306
319
307
320
321
309
322
310
323
311
324
312
325
313
326
314
327
315
328
316
329
317
330
318
331
319
332
320
333
321
334
335
323
336
324
337
325
338
326
339
327
340
328
341
329
342
330
343
331
344
332
345
333
346
334
347
335
348
349
337
350
338
351
339
352
340
353
341
354
342
355
343
356
344
357
345
358
346
359
347
360
348
361
349
362
363
351
364
352
365
353
366
354
367
355
368
356
369
357
370
358
371
359
372
360
373
361
374
362
375
363
376
377
365
378
366
379
367
380
368
381
369
382
370
383
371
384
372
385
373
386
374
387
375
388
376
389
377
390
391
379
392
380
393
381
394
382
395
383
396
384
397
385
398
386
399
387
400
388
401
389
402
390
403
391
404
405
393
406
394
407
395
408
396
409
397
410
398
411
399
412
400
413
401
414
402
415
403
416
404
417
405
418
419
407
420
408
421
409
422
410
423
411
424
412
425
413
426
414
427
415
428
416
429
417
430
418
431
419
432
433
421
434
422
435
423
436
424
437
425
438
426
439
427
440
428
441
429
442
430
443
431
444
432
445
433
446
447
435
448
436
449
437
450
438
451
439
452
440
453
441
454
442
455
443
456
444
457
445
458
446
459
447
460
461
449
462
450
463
451
464
452
465
453
466
454
467
455
468
456
469
457
470
458
471
459
472
460
473
461
474
475
463
476
464
477
465
478
466
479
467
480
468
481
469
482
470
483
471
484
472
485
473
486
474
487
475
488
489
477
490
478
491
479
492
480
493
481
494
482
495
483
496
484
497
485
498
486
499
487
500
488
501
489
502
491
503
492
504
493
505
494
506
495
507
496
508
497
509
498
510
499
511
500
512
501
513
502
514
515
504
516
505
517
506
518
507
519
508
520
509
521
510
522
511
523
512
524
513
525
514
526
515
527
528
517
529
518
530
519
531
520
532
521
533
522
534
523
535
524
536
525
537
526
538
527
539
528
540
541
530
542
531
543
532
544
533
545
534
546
535
547
536
548
537
549
538
550
539
551
540
552
541
553
554
543
555
1395
544
556
545
557
546
558
547
559
548
560
549
561
550
562
551
563
552
564
553
565
554
566
567
556
568
1422
557
569
558
570
559
571
560
572
561
573
562
574
563
575
564
576
565
577
566
578
567
579
580
569
581
1449
570
582
571
583
572
584
573
585
574
586
575
587
576
588
577
589
578
590
579
591
580
592
593
582
594
1476
583
595
584
596
585
597
586
598
587
599
588
600
589
601
590
602
591
603
592
604
593
605
606
595
607
1503
596
608
597
609
598
610
599
611
600
612
601
613
602
614
603
615
604
616
605
617
606
618
619
608
620
1530
609
621
610
622
611
623
612
624
613
625
614
626
615
627
616
628
617
629
618
630
619
631
632
621
633
1557
622
634
623
635
624
636
625
637
626
638
627
639
628
640
629
641
630
642
631
643
632
644
645
634
646
1584
635
647
636
648
637
649
638
650
639
651
640
652
641
653
642
654
643
655
644
656
645
657
658
647
659
1611
648
660
649
661
650
662
651
663
652
664
653
665
654
666
655
667
656
668
657
669
658
670
671
660
672
661
673
662
674
663
675
664
676
665
677
666
678
667
679
668
680
669
681
670
682
671
683
684
673
685
674
686
675
687
676
688
677
689
678
690
679
691
680
692
681
693
682
694
683
695
684
696
697
686
698
687
699
688
700
689
701
690
702
691
703
692
704
693
705
694
706
695
707
696
708
697
709
710
699
711
700
712
701
713
702
714
703
715
704
716
705
717
706
718
707
719
708
720
709
721
710
722
723
712
724
713
725
714
726
715
727
716
728
717
729
718
730
719
731
720
732
721
733
722
734
723
735
736
725
737
726
738
727
739
728
740
729
741
730
742
731
743
732
744
733
745
734
746
735
747
736
748
749
738
750
739
751
740
752
741
753
742
754
743
755
744
756
745
757
746
758
747
759
748
760
749
761
762
751
763
752
764
753
765
754
766
755
767
756
768
757
769
758
770
759
771
760
772
761
773
762
774
775
764
776
765
777
766
778
767
779
768
780
769
781
770
782
771
783
772
784
773
785
774
786
775
787
788
777
789
778
790
779
791
780
792
781
793
782
794
783
795
784
796
785
797
786
798
787
799
788
800
801
790
802
791
803
792
804
793
805
794
806
795
807
796
808
797
809
798
810
799
811
800
812
801
813
814
803
815
804
816
805
817
806
818
807
819
808
820
809
821
810
822
811
823
812
824
813
825
814
826
827
816
828
817
829
818
830
819
831
820
832
821
833
822
834
823
835
824
836
825
837
826
838
827
839
840
829
841
830
842
831
843
832
844
833
845
834
846
835
847
836
848
837
849
838
850
839
851
840
852
853
842
854
843
855
844
856
845
857
846
858
847
859
848
860
849
861
850
862
851
863
852
864
853
865
866
855
867
856
868
857
869
858
870
859
871
860
872
861
873
862
874
863
875
864
876
865
877
866
878
879
868
880
869
881
870
882
871
883
872
884
873
885
874
886
875
887
876
888
877
889
878
890
879
891
892
881
893
882
894
883
895
884
896
885
897
886
898
887
899
888
900
889
901
890
902
891
903
892
904
905
894
906
895
907
896
908
897
909
898
910
899
911
900
912
901
913
902
914
903
915
904
916
905
917
918
907
919
908
920
909
921
910
922
911
923
912
924
913
925
914
926
915
927
916
928
917
929
918
930
931
920
932
921
933
922
934
923
935
924
936
925
937
926
938
927
939
928
940
929
941
930
942
931
943
944
933
945
934
946
935
947
936
948
937
949
938
950
939
951
940
952
941
953
942
954
943
955
944
956
957
946
958
947
959
948
960
949
961
950
962
951
963
952
964
953
965
954
966
955
967
956
968
957
969
970
959
971
960
972
961
973
962
974
963
975
964
976
965
977
966
978
967
979
968
980
969
981
970
982
983
972
984
973
985
974
986
975
987
976
988
977
989
978
990
979
991
980
992
981
993
982
994
983
995
996
985
997
986
998
987
999
988
1000
989
1001
990
1002
991
1003
992
1004
993
1005
994
1006
995
1007
996
1008
1009
998
1010
999
1011
1000
1012
1001
1013
1002
1014
1003
1015
1004
1016
1005
1017
1006
1018
1007
1019
1008
1020
1009
1021
1022
1011
1023
1012
1024
1013
1025
1014
1026
1015
1027
1016
1028
1017
1029
1018
1030
1019
1031
1020
1032
1021
1033
1022
1034
1035
1024
1036
1025
1037
1026
1038
1027
1039
1028
1040
1029
1041
1030
1042
1031
1043
1032
1044
1033
1045
1034
1046
1035
1047
1048
1037
1049
1038
1050
1039
1051
1040
1052
1041
1053
1042
1054
1043
1055
1044
1056
1045
1057
1046
1058
1047
1059
1048
1060
1061
1050
1062
1051
1063
1052
1064
1053
1065
1054
1066
1055
1067
1056
1068
1057
1069
1058
1070
1059
1071
1060
1072
1061
1073
1074
1063
1064
1065
1066
1067
1068
1069
1070
1071
1072
1073
1074
1076
1117
1077
1118
1078
1119
1079
1120
1080
1121
1081
1122
1082
1123
1083
1124
1084
1125
1085
1126
1086
1127
1087
1128
1088
1129
1089
1130
1090
1131
1091
1132
1092
1133
1093
1134
1094
1135
1095
1136
1096
1137
1097
1138
1098
1139
1099
1140
1100
1141
1101
1142
1102
1143
1103
1144
1104
1145
1105
1146
1106
1147
1107
1148
1108
1149
1109
1150
1110
1151
1111
1152
1112
1153
1113
1154
1114
1155
1115
1156
1116
1157
1158
1118
1159
1119
1160
1120
1161
1121
1162
1122
1163
1123
1164
1124
1165
1125
1166
1126
1167
1127
1168
1128
1169
1129
1170
1130
1171
1131
1172
1132
1173
1133
1174
1134
1175
1135
1176
1136
1177
1137
1178
1138
1179
1139
1180
1140
1181
1141
1182
1142
1183
1143
1184
1144
1185
1145
1186
1146
1187
1147
1188
1148
1189
1149
1190
1150
1191
1151
1192
1152
1193
1153
1194
1154
1195
1155
1196
1156
1197
1157
1198
1158
1199
1200
1160
1201
1161
1202
1162
1203
1163
1204
1164
1205
1165
1206
1166
1207
1167
1208
1168
1209
1169
1210
1170
1211
1171
1212
1172
1213
1173
1214
1174
1215
1175
1216
1176
1217
1177
1218
1178
1219
1179
1220
1180
1221
1181
1222
1182
1223
1183
1224
1184
1225
1185
1226
1186
1227
1187
1228
1188
1229
1189
1230
1190
1231
1191
1232
1192
1233
1193
1234
1194
1235
1195
1236
1196
1237
1197
1238
1198
1239
1199
1240
1200
1241
1242
1202
1243
1203
1244
1204
1245
1205
1246
1206
1247
1207
1248
1208
1249
1209
1250
1210
1251
1211
1252
1212
1253
1213
1254
1214
1255
1215
1256
1216
1257
1217
1258
1218
1259
1219
1260
1220
1261
1221
1262
1222
1263
1223
1264
1224
1265
1225
1266
1226
1267
1227
1268
1228
1269
1229
1270
1230
1271
1231
1272
1232
1273
1233
1274
1234
1275
1235
1276
1236
1277
1237
1278
1238
1279
1239
1280
1240
1281
1241
1282
1242
1283
1284
1244
1285
1245
1286
1246
1287
1247
1288
1248
1289
1249
1290
1250
1291
1251
1292
1252
1293
1253
1294
1254
1295
1255
1296
1256
1297
1257
1298
1258
1299
1259
1300
1260
1301
1261
1302
1262
1303
1263
1304
1264
1305
1265
1306
1266
1307
1267
1308
1268
1309
1269
1310
1270
1311
1271
1312
1272
1313
1273
1314
1274
1315
1275
1316
1276
1317
1277
1318
1278
1319
1279
1320
1280
1321
1281
1322
1282
1323
1283
1324
1284
1325
1326
1286
1327
1287
1328
1288
1329
1289
1330
1290
1331
1291
1332
1292
1333
1293
1334
1294
1335
1295
1336
1296
1337
1297
1338
1298
1339
1299
1340
1300
1341
1301
1342
1302
1343
1303
1344
1304
1345
1305
1346
1306
1347
1307
1348
1308
1349
1309
1350
1310
1351
1311
1352
1312
1353
1313
1354
1314
1355
1315
1356
1316
1357
1317
1358
1318
1359
1319
1360
1320
1361
1321
1362
1322
1363
1323
1364
1324
1365
1325
1366
1326
1367
1368
1328
1329
1330
1331
1332
1333
1334
1335
1336
1337
1338
1339
1340
1341
1342
1343
1344
1345
1346
1347
1348
1349
1350
1351
1352
1353
1354
1355
1356
1357
1358
1359
1360
1361
1362
1363
1364
1365
1366
1367
1368
1370
1396
1371
1397
1372
1398
1373
1399
1374
1400
1375
1401
1376
1402
1377
1403
1378
1404
1379
1405
1380
1406
1381
1407
1382
1408
1383
1409
1384
1410
1385
1411
1386
1412
1387
1413
1388
1414
1389
1415
1390
1416
1391
1417
1392
1418
1393
1419
1394
1420
1395
1421
1422
1397
1423
1398
1424
1399
1425
1400
1426
1401
1427
1402
1428
1403
1429
1404
1430
1405
1431
1406
1432
1407
1433
1408
1434
1409
1435
1410
1436
1411
1437
1412
1438
1413
1439
1414
1440
1415
1441
1416
1442
1417
1443
1418
1444
1419
1445
1420
1446
1421
1447
1422
1448
1449
1424
1450
1425
1451
1426
1452
1427
1453
1428
1454
1429
1455
1430
1456
1431
1457
1432
1458
1433
1459
1434
1460
1435
1461
1436
1462
1437
1463
1438
1464
1439
1465
1440
1466
1441
1467
1442
1468
1443
1469
1444
1470
1445
1471
1446
1472
1447
1473
1448
1474
1449
1475
1476
1451
1477
1452
1478
1453
1479
1454
1480
1455
1481
1456
1482
1457
1483
1458
1484
1459
1485
1460
1486
1461
1487
1462
1488
1463
1489
1464
1490
1465
1491
1466
1492
1467
1493
1468
1494
1469
1495
1470
1496
1471
1497
1472
1498
1473
1499
1474
1500
1475
1501
1476
1502
1503
1478
1504
1479
1505
1480
1506
1481
1507
1482
1508
1483
1509
1484
1510
1485
1511
1486
1512
1487
1513
1488
1514
1489
1515
1490
1516
1491
1517
1492
1518
1493
1519
1494
1520
1495
1521
1496
1522
1497
1523
1498
1524
1499
1525
1500
1526
1501
1527
1502
1528
1503
1529
1530
1505
1531
1506
1532
1507
1533
1508
1534
1509
1535
1510
1536
1511
1537
1512
1538
1513
1539
1514
1540
1515
1541
1516
1542
1517
1543
1518
1544
1519
1545
1520
1546
1521
1547
1522
1548
1523
1549
1524
1550
1525
1551
1526
1552
1527
1553
1528
1554
1529
1555
1530
1556
1557
1532
1558
1533
1559
1534
1560
1535
1561
1536
1562
1537
1563
1538
1564
1539
1565
1540
1566
1541
1567
1542
1568
1543
1569
1544
1570
1545
1571
1546
1572
1547
1573
1548
1574
1549
1575
1550
1576
1551
1577
1552
1578
1553
1579
1554
1580
1555
1581
1556
1582
1557
1583
1584
1559
1585
1560
1586
1561
1587
1562
1588
1563
1589
1564
1590
1565
1591
1566
1592
1567
1593
1568
1594
1569
1595
1570
1596
1571
1597
1572
1598
1573
1599
1574
1600
1575
1601
1576
1602
1577
1603
1578
1604
1579
1605
1580
1606
1581
1607
1582
1608
1583
1609
1584
1610
1611
1586
1587
1588
1589
1590
1591
1592
1593
1594
1595
1596
1597
1598
1599
1600
1601
1602
1603
1604
1605
1606
1607
1608
1609
1610
1611
)


// ************************************************************************* //
