/*--------------------------------*- C++ -*----------------------------------*\
| =========                 |                                                 |
| \\      /  F ield         | OpenFOAM: The Open Source CFD Toolbox           |
|  \\    /   O peration     | Version:  2.3.0                                 |
|   \\  /    A nd           | Web:      www.OpenFOAM.org                      |
|    \\/     M anipulation  |                                                 |
\*---------------------------------------------------------------------------*/
FoamFile
{
    version     2.0;
    format      ascii;
    class       labelList;
    location    "constant/polyMesh";
    object      pointProcAddressing;
}
// * * * * * * * * * * * * * * * * * * * * * * * * * * * * * * * * * * * * * //


3495
(
0
1
2
3
4
5
6
7
8
9
10
11
12
13
14
961
962
963
964
965
966
967
968
969
970
971
972
973
974
975
1922
1923
1924
1925
1926
1927
1928
1929
1930
1931
1932
1933
1934
1935
1936
2883
2884
2885
2886
2887
2888
2889
2890
2891
2892
2893
2894
2895
2896
2897
3844
3845
3846
3847
3848
3849
3850
3851
3852
3853
3854
3855
3856
3857
3858
4805
4806
4807
4808
4809
4810
4811
4812
4813
4814
4815
4816
4817
4818
4819
5766
5767
5768
5769
5770
5771
5772
5773
5774
5775
5776
5777
5778
5779
5780
6727
6728
6729
6730
6731
6732
6733
6734
6735
6736
6737
6738
6739
6740
6741
7688
7689
7690
7691
7692
7693
7694
7695
7696
7697
7698
7699
7700
7701
7702
8649
8650
8651
8652
8653
8654
8655
8656
8657
8658
8659
8660
8661
8662
8663
9610
9611
9612
9613
9614
9615
9616
9617
9618
9619
9620
9621
9622
9623
9624
10571
10572
10573
10574
10575
10576
10577
10578
10579
10580
10581
10582
10583
10584
10585
11532
11533
11534
11535
11536
11537
11538
11539
11540
11541
11542
11543
11544
11545
11546
12493
12494
12495
12496
12497
12498
12499
12500
12501
12502
12503
12504
12505
12506
12507
13454
13455
13456
13457
13458
13459
13460
13461
13462
13463
13464
13465
13466
13467
13468
14415
14416
14417
14418
14419
14420
14421
14422
14423
14424
14425
14426
14427
14428
14429
15376
15377
15378
15379
15380
15381
15382
15383
15384
15385
15386
15387
15388
15389
15390
16337
16338
16339
16340
16341
16342
16343
16344
16345
16346
16347
16348
16349
16350
16351
17298
17299
17300
17301
17302
17303
17304
17305
17306
17307
17308
17309
17310
17311
17312
18259
18260
18261
18262
18263
18264
18265
18266
18267
18268
18269
18270
18271
18272
18273
19220
19221
19222
19223
19224
19225
19226
19227
19228
19229
19230
19231
19232
19233
19234
20181
20182
20183
20184
20185
20186
20187
20188
20189
20190
20191
20192
20193
20194
20195
21142
21143
21144
21145
21146
21147
21148
21149
21150
21151
21152
21153
21154
21155
21156
22103
22104
22105
22106
22107
22108
22109
22110
22111
22112
22113
22114
22115
22116
22117
23064
23065
23066
23067
23068
23069
23070
23071
23072
23073
23074
23075
23076
23077
23078
24025
24026
24027
24028
24029
24030
24031
24032
24033
24034
24035
24036
24037
24038
24039
24986
24987
24988
24989
24990
24991
24992
24993
24994
24995
24996
24997
24998
24999
25000
25947
25948
25949
25950
25951
25952
25953
25954
25955
25956
25957
25958
25959
25960
25961
26908
26909
26910
26911
26912
26913
26914
26915
26916
26917
26918
26919
26920
26921
26922
27869
27870
27871
27872
27873
27874
27875
27876
27877
27878
27879
27880
27881
27882
27883
28830
28831
28832
28833
28834
28835
28836
28837
28838
28839
28840
28841
28842
28843
28844
29791
29792
29793
29794
29795
29796
29797
29798
29799
29800
29801
29802
29803
29804
29805
30752
30753
30754
30755
30756
30757
30758
30759
30760
30761
30762
30763
30764
30765
30766
31713
31714
31715
31716
31717
31718
31719
31720
31721
31722
31723
31724
31725
31726
31727
32674
32675
32676
32677
32678
32679
32680
32681
32682
32683
32684
32685
32686
32687
32688
33635
33636
33637
33638
33639
33640
33641
33642
33643
33644
33645
33646
33647
33648
34596
34597
34598
34599
34600
34601
34602
34603
34604
34605
34606
34607
34608
34609
35557
35558
35559
35560
35561
35562
35563
35564
35565
35566
35567
35568
35569
35570
36518
36519
36520
36521
36522
36523
36524
36525
36526
36527
36528
36529
36530
36531
37479
37480
37481
37482
37483
37484
37485
37486
37487
37488
37489
37490
37491
37492
38440
38441
38442
38443
38444
38445
38446
38447
38448
38449
38450
38451
38452
38453
39401
39402
39403
39404
39405
39406
39407
39408
39409
39410
39411
39412
39413
39414
40362
40363
40364
40365
40366
40367
40368
40369
40370
40371
40372
40373
40374
40375
41323
41324
41325
41326
41327
41328
41329
41330
41331
41332
41333
41334
41335
41336
42284
42285
42286
42287
42288
42289
42290
42291
42292
42293
42294
42295
42296
42297
43245
43246
43247
43248
43249
43250
43251
43252
43253
43254
43255
43256
43257
43258
44206
44207
44208
44209
44210
44211
44212
44213
44214
44215
44216
44217
44218
44219
45167
45168
45169
45170
45171
45172
45173
45174
45175
45176
45177
45178
45179
45180
46128
46129
46130
46131
46132
46133
46134
46135
46136
46137
46138
46139
46140
46141
47089
47090
47091
47092
47093
47094
47095
47096
47097
47098
47099
47100
47101
47102
48050
48051
48052
48053
48054
48055
48056
48057
48058
48059
48060
48061
48062
48063
49011
49012
49013
49014
49015
49016
49017
49018
49019
49020
49021
49022
49023
49024
49972
49973
49974
49975
49976
49977
49978
49979
49980
49981
49982
49983
49984
49985
50933
50934
50935
50936
50937
50938
50939
50940
50941
50942
50943
50944
50945
50946
51894
51895
51896
51897
51898
51899
51900
51901
51902
51903
51904
51905
51906
51907
52855
52856
52857
52858
52859
52860
52861
52862
52863
52864
52865
52866
52867
52868
53816
53817
53818
53819
53820
53821
53822
53823
53824
53825
53826
53827
53828
53829
54777
54778
54779
54780
54781
54782
54783
54784
54785
54786
54787
54788
54789
54790
55738
55739
55740
55741
55742
55743
55744
55745
55746
55747
55748
55749
55750
55751
56699
56700
56701
56702
56703
56704
56705
56706
56707
56708
56709
56710
56711
56712
57660
57661
57662
57663
57664
57665
57666
57667
57668
57669
57670
57671
57672
57673
58621
58622
58623
58624
58625
58626
58627
58628
58629
58630
58631
58632
58633
58634
59582
59583
59584
59585
59586
59587
59588
59589
59590
59591
59592
59593
59594
59595
60543
60544
60545
60546
60547
60548
60549
60550
60551
60552
60553
60554
60555
60556
61504
61505
61506
61507
61508
61509
61510
61511
61512
61513
61514
61515
61516
61517
62465
62466
62467
62468
62469
62470
62471
62472
62473
62474
62475
62476
62477
62478
63426
63427
63428
63429
63430
63431
63432
63433
63434
63435
63436
63437
63438
63439
64387
64388
64389
64390
64391
64392
64393
64394
64395
64396
64397
64398
64399
64400
65348
65349
65350
65351
65352
65353
65354
65355
65356
65357
65358
65359
65360
65361
66309
66310
66311
66312
66313
66314
66315
66316
66317
66318
66319
66320
66321
66322
67270
67271
67272
67273
67274
67275
67276
67277
67278
67279
67280
67281
67282
67283
68231
68232
68233
68234
68235
68236
68237
68238
68239
68240
68241
68242
68243
68244
69192
69193
69194
69195
69196
69197
69198
69199
69200
69201
69202
69203
69204
69205
70153
70154
70155
70156
70157
70158
70159
70160
70161
70162
70163
70164
70165
70166
71114
71115
71116
71117
71118
71119
71120
71121
71122
71123
71124
71125
71126
71127
72075
72076
72077
72078
72079
72080
72081
72082
72083
72084
72085
72086
72087
72088
73036
73037
73038
73039
73040
73041
73042
73043
73044
73045
73046
73047
73048
73049
73997
73998
73999
74000
74001
74002
74003
74004
74005
74006
74007
74008
74009
74010
74958
74959
74960
74961
74962
74963
74964
74965
74966
74967
74968
74969
74970
74971
75919
75920
75921
75922
75923
75924
75925
75926
75927
75928
75929
75930
75931
75932
76880
76881
76882
76883
76884
76885
76886
76887
76888
76889
76890
76891
76892
76893
76894
76895
76896
76897
76898
76899
76900
76901
76902
76903
76904
76905
76906
76907
76908
76909
76910
76911
76912
76913
76914
76915
76916
76917
76918
76919
76920
76921
76922
76923
76924
76925
76926
76927
76928
76929
76930
76931
76932
76933
76934
76935
76936
76937
76938
76939
76940
76941
76942
76943
76944
76945
76946
76947
76948
76949
76950
76951
76952
76953
76954
76955
76956
76957
76958
76959
76960
76961
76962
76963
76964
76965
76966
76967
76968
76969
76970
76971
76972
76973
76974
76975
76976
76977
76978
76979
76980
76981
76982
76983
76984
76985
76986
76987
76988
76989
76990
76991
76992
76993
76994
76995
76996
76997
76998
76999
77000
77001
77002
77003
77004
77005
77006
77007
77008
77009
77010
77011
77012
77013
77014
77015
77016
77017
77018
77019
77020
77021
77022
77023
77024
77025
77026
77027
77028
77029
77030
77031
77032
77033
77034
77035
77036
77037
77038
77039
77040
77041
77042
77043
77044
77045
77046
77047
77048
77049
77050
77051
77052
77053
77054
77055
77056
77057
77058
77059
77060
77061
77062
77063
77064
77065
77066
77067
77068
77069
77070
77071
77072
77073
77074
77075
77076
77077
77078
77079
77080
77081
77082
77083
77084
77085
77086
77087
77088
77089
77090
77091
77092
77093
77094
77095
77096
77097
77098
77099
77100
77101
77102
77103
77104
77105
77106
77107
77108
77109
77110
77111
77112
77113
77114
77115
77116
77117
77118
77119
77120
77121
77122
77123
77124
77125
77126
77127
77128
77129
77130
77131
77132
77133
77134
77135
77136
77137
77138
77139
77140
77141
77142
77143
77144
77145
77146
77147
77148
77149
77150
77151
77152
77153
77154
77155
77156
77157
77158
77159
77160
77161
77162
77163
77164
77165
77166
77167
77168
77169
77170
77171
77172
77173
77174
77175
77176
77177
77178
77179
77180
77181
77182
77183
77184
77185
77186
77187
77188
77189
77190
77191
77192
77193
77194
77195
77196
77197
77198
77199
77200
77201
77202
77203
77204
77205
77206
77207
77208
77209
77210
77211
77212
77213
77214
77215
77216
77217
77218
77219
77220
77221
77222
77223
77224
77225
77226
77227
77228
77229
77230
77231
77232
77233
77234
77235
77236
77237
77238
77239
77240
77241
77242
77243
77244
77245
77246
77247
77248
77249
77250
77251
77252
77253
77254
77255
77256
77257
77258
77259
77260
77261
77262
77263
77264
77265
77266
77267
77268
77269
77270
77271
77272
77273
77274
77275
77276
77277
77278
77279
77280
77281
77282
77283
77284
77285
77286
77287
77288
77289
77290
77291
77292
77293
77294
77295
77296
77297
77298
77299
77300
77301
77302
77303
77304
77305
77306
77307
77308
77309
77310
77311
77312
77313
77314
77315
77316
77317
77318
77319
77320
77321
77322
77323
77324
77325
77326
77327
77328
77329
77330
77331
77332
77333
77334
77335
77336
77337
77338
77339
77340
77341
77342
77343
77344
77345
77346
77347
77348
77349
77350
77351
77352
77353
77354
77355
77356
77357
77358
77359
77360
77361
77362
77363
77364
77365
77366
77367
77368
77369
77370
77371
77372
77373
77374
77375
77376
77377
77378
77379
77380
77381
77382
77383
77384
77385
77386
77387
77388
77389
77390
77391
77392
77393
77394
77395
77396
77397
77398
77399
77400
77401
77402
77403
77404
77405
77406
77407
77408
77409
77410
77411
77412
77413
77414
77415
77416
77417
77418
77419
77420
77421
77422
77423
77424
77425
77426
77427
77428
77429
77430
77431
77432
77433
77434
77435
77436
77437
77438
77439
77440
77441
77442
77443
77444
77445
77446
77447
77448
77449
77450
77451
77452
77453
77454
77455
77456
77457
77458
78405
78406
78407
78408
78409
78410
78411
78412
78413
78414
78415
78416
78417
78418
78419
79366
79367
79368
79369
79370
79371
79372
79373
79374
79375
79376
79377
79378
79379
79380
80327
80328
80329
80330
80331
80332
80333
80334
80335
80336
80337
80338
80339
80340
80341
81288
81289
81290
81291
81292
81293
81294
81295
81296
81297
81298
81299
81300
81301
81302
82249
82250
82251
82252
82253
82254
82255
82256
82257
82258
82259
82260
82261
82262
82263
83210
83211
83212
83213
83214
83215
83216
83217
83218
83219
83220
83221
83222
83223
83224
84171
84172
84173
84174
84175
84176
84177
84178
84179
84180
84181
84182
84183
84184
84185
85132
85133
85134
85135
85136
85137
85138
85139
85140
85141
85142
85143
85144
85145
85146
86093
86094
86095
86096
86097
86098
86099
86100
86101
86102
86103
86104
86105
86106
86107
87054
87055
87056
87057
87058
87059
87060
87061
87062
87063
87064
87065
87066
87067
87068
88015
88016
88017
88018
88019
88020
88021
88022
88023
88024
88025
88026
88027
88028
88029
88976
88977
88978
88979
88980
88981
88982
88983
88984
88985
88986
88987
88988
88989
88990
89937
89938
89939
89940
89941
89942
89943
89944
89945
89946
89947
89948
89949
89950
89951
90898
90899
90900
90901
90902
90903
90904
90905
90906
90907
90908
90909
90910
90911
90912
91859
91860
91861
91862
91863
91864
91865
91866
91867
91868
91869
91870
91871
91872
91873
92820
92821
92822
92823
92824
92825
92826
92827
92828
92829
92830
92831
92832
92833
92834
93781
93782
93783
93784
93785
93786
93787
93788
93789
93790
93791
93792
93793
93794
93795
94742
94743
94744
94745
94746
94747
94748
94749
94750
94751
94752
94753
94754
94755
94756
95703
95704
95705
95706
95707
95708
95709
95710
95711
95712
95713
95714
95715
95716
95717
96664
96665
96666
96667
96668
96669
96670
96671
96672
96673
96674
96675
96676
96677
96678
97625
97626
97627
97628
97629
97630
97631
97632
97633
97634
97635
97636
97637
97638
97639
98586
98587
98588
98589
98590
98591
98592
98593
98594
98595
98596
98597
98598
98599
98600
99547
99548
99549
99550
99551
99552
99553
99554
99555
99556
99557
99558
99559
99560
99561
100508
100509
100510
100511
100512
100513
100514
100515
100516
100517
100518
100519
100520
100521
100522
101469
101470
101471
101472
101473
101474
101475
101476
101477
101478
101479
101480
101481
101482
101483
102430
102431
102432
102433
102434
102435
102436
102437
102438
102439
102440
102441
102442
102443
102444
103391
103392
103393
103394
103395
103396
103397
103398
103399
103400
103401
103402
103403
103404
103405
104352
104353
104354
104355
104356
104357
104358
104359
104360
104361
104362
104363
104364
104365
104366
105313
105314
105315
105316
105317
105318
105319
105320
105321
105322
105323
105324
105325
105326
105327
106274
106275
106276
106277
106278
106279
106280
106281
106282
106283
106284
106285
106286
106287
106288
107235
107236
107237
107238
107239
107240
107241
107242
107243
107244
107245
107246
107247
107248
107249
108196
108197
108198
108199
108200
108201
108202
108203
108204
108205
108206
108207
108208
108209
108210
109157
109158
109159
109160
109161
109162
109163
109164
109165
109166
109167
109168
109169
109170
109171
110118
110119
110120
110121
110122
110123
110124
110125
110126
110127
110128
110129
110130
110131
110132
111079
111080
111081
111082
111083
111084
111085
111086
111087
111088
111089
111090
111091
111092
112040
112041
112042
112043
112044
112045
112046
112047
112048
112049
112050
112051
112052
112053
113001
113002
113003
113004
113005
113006
113007
113008
113009
113010
113011
113012
113013
113014
113962
113963
113964
113965
113966
113967
113968
113969
113970
113971
113972
113973
113974
113975
114923
114924
114925
114926
114927
114928
114929
114930
114931
114932
114933
114934
114935
114936
115884
115885
115886
115887
115888
115889
115890
115891
115892
115893
115894
115895
115896
115897
116845
116846
116847
116848
116849
116850
116851
116852
116853
116854
116855
116856
116857
116858
117806
117807
117808
117809
117810
117811
117812
117813
117814
117815
117816
117817
117818
117819
118767
118768
118769
118770
118771
118772
118773
118774
118775
118776
118777
118778
118779
118780
119728
119729
119730
119731
119732
119733
119734
119735
119736
119737
119738
119739
119740
119741
120689
120690
120691
120692
120693
120694
120695
120696
120697
120698
120699
120700
120701
120702
121650
121651
121652
121653
121654
121655
121656
121657
121658
121659
121660
121661
121662
121663
122611
122612
122613
122614
122615
122616
122617
122618
122619
122620
122621
122622
122623
122624
123572
123573
123574
123575
123576
123577
123578
123579
123580
123581
123582
123583
123584
123585
124533
124534
124535
124536
124537
124538
124539
124540
124541
124542
124543
124544
124545
124546
125494
125495
125496
125497
125498
125499
125500
125501
125502
125503
125504
125505
125506
125507
126455
126456
126457
126458
126459
126460
126461
126462
126463
126464
126465
126466
126467
126468
127416
127417
127418
127419
127420
127421
127422
127423
127424
127425
127426
127427
127428
127429
128377
128378
128379
128380
128381
128382
128383
128384
128385
128386
128387
128388
128389
128390
129338
129339
129340
129341
129342
129343
129344
129345
129346
129347
129348
129349
129350
129351
130299
130300
130301
130302
130303
130304
130305
130306
130307
130308
130309
130310
130311
130312
131260
131261
131262
131263
131264
131265
131266
131267
131268
131269
131270
131271
131272
131273
132221
132222
132223
132224
132225
132226
132227
132228
132229
132230
132231
132232
132233
132234
133182
133183
133184
133185
133186
133187
133188
133189
133190
133191
133192
133193
133194
133195
134143
134144
134145
134146
134147
134148
134149
134150
134151
134152
134153
134154
134155
134156
135104
135105
135106
135107
135108
135109
135110
135111
135112
135113
135114
135115
135116
135117
136065
136066
136067
136068
136069
136070
136071
136072
136073
136074
136075
136076
136077
136078
137026
137027
137028
137029
137030
137031
137032
137033
137034
137035
137036
137037
137038
137039
137987
137988
137989
137990
137991
137992
137993
137994
137995
137996
137997
137998
137999
138000
138948
138949
138950
138951
138952
138953
138954
138955
138956
138957
138958
138959
138960
138961
139909
139910
139911
139912
139913
139914
139915
139916
139917
139918
139919
139920
139921
139922
140870
140871
140872
140873
140874
140875
140876
140877
140878
140879
140880
140881
140882
140883
141831
141832
141833
141834
141835
141836
141837
141838
141839
141840
141841
141842
141843
141844
142792
142793
142794
142795
142796
142797
142798
142799
142800
142801
142802
142803
142804
142805
143753
143754
143755
143756
143757
143758
143759
143760
143761
143762
143763
143764
143765
143766
144714
144715
144716
144717
144718
144719
144720
144721
144722
144723
144724
144725
144726
144727
145675
145676
145677
145678
145679
145680
145681
145682
145683
145684
145685
145686
145687
145688
146636
146637
146638
146639
146640
146641
146642
146643
146644
146645
146646
146647
146648
146649
147597
147598
147599
147600
147601
147602
147603
147604
147605
147606
147607
147608
147609
147610
148558
148559
148560
148561
148562
148563
148564
148565
148566
148567
148568
148569
148570
148571
149519
149520
149521
149522
149523
149524
149525
149526
149527
149528
149529
149530
149531
149532
150480
150481
150482
150483
150484
150485
150486
150487
150488
150489
150490
150491
150492
150493
151441
151442
151443
151444
151445
151446
151447
151448
151449
151450
151451
151452
151453
151454
152402
152403
152404
152405
152406
152407
152408
152409
152410
152411
152412
152413
152414
152415
153363
153364
153365
153366
153367
153368
153369
153370
153371
153372
153373
153374
153375
153376
154324
154325
154326
154327
154328
154329
154330
154331
154332
154333
154334
154335
154336
154337
154338
154339
154340
154341
154342
154343
154344
154345
154346
154347
154348
154349
154350
154351
154352
154353
154354
154355
154356
154357
154358
154359
154360
154361
154362
154363
154364
154365
154366
154367
154368
154369
154370
154371
154372
154373
154374
154375
154376
154377
154378
154379
154380
154381
154382
154383
154384
154385
154386
154387
154388
154389
154390
154391
154392
154393
154394
154395
154396
154397
154398
154399
154400
154401
154402
154403
154404
154405
154406
154407
154408
154409
154410
154411
154412
154413
154414
154415
154416
154417
154418
154419
154420
154421
154422
154423
154424
154425
154426
154427
154428
154429
154430
154431
154432
154433
154434
154435
154436
154437
154438
154439
154440
154441
154442
154443
154444
154445
154446
154447
154448
154449
154450
154451
154452
154453
154454
154455
154456
154457
154458
154459
154460
154461
154462
154463
154464
154465
154466
154467
154468
154469
154470
154471
154472
154473
154474
154475
154476
154477
154478
154479
154480
154481
154482
154483
154484
154485
154486
154487
154488
154489
154490
154491
154492
154493
154494
154495
154496
154497
154498
154499
154500
154501
154502
154503
154504
154505
154506
154507
154508
154509
154510
154511
154512
154513
154514
154515
154516
154517
154518
154519
154520
154521
154522
154523
154524
154525
154526
154527
154528
154529
154530
154531
154532
154533
154534
154535
154536
154537
154538
154539
154540
154541
154542
154543
154544
154545
154546
154547
154548
154549
154550
154551
154552
154553
154554
154555
154556
154557
154558
154559
154560
154561
154562
154563
154564
154565
154566
154567
154568
154569
154570
154571
154572
154573
154574
154575
154576
154577
154578
154579
154580
154581
154582
154583
154584
154585
154586
154587
154588
154589
154590
154591
154592
154593
154594
154595
154596
154597
154598
154599
154600
154601
154602
154603
154604
154605
154606
154607
154608
154609
154610
154611
154612
154613
154614
154615
154616
154617
154618
154619
154620
154621
154622
154623
154624
154625
154626
154627
154628
154629
154630
154631
154632
154633
154634
154635
154636
154637
154638
154639
154640
154641
154642
154643
154644
154645
154646
154647
154648
154649
154650
154651
154652
154653
154654
154655
154656
154657
154658
154659
154660
154661
154662
154663
154664
154665
154666
154667
154668
154669
154670
154671
154672
154673
154674
154675
154676
154677
154678
154679
154680
154681
154682
154683
154684
154685
154686
154687
154688
154689
154690
154691
154692
154693
154694
154695
154696
154697
154698
154699
154700
154701
154702
154703
154704
154705
154706
154707
154708
154709
154710
154711
154712
154713
154714
154715
154716
154717
154718
154719
154720
154721
154722
154723
154724
154725
154726
154727
154728
154729
154730
154731
154732
154733
154734
154735
154736
154737
154738
154739
154740
154741
154742
154743
154744
154745
154746
154747
154748
154749
154750
154751
154752
154753
154754
154755
154756
154757
154758
154759
154760
154761
154762
154763
154764
154765
154766
154767
154768
154769
154770
154771
154772
154773
154774
154775
154776
154777
154778
154779
154780
154781
154782
154783
154784
154785
154786
154787
154788
154789
154790
154791
154792
154793
154794
154795
154796
154797
154798
154799
154800
154801
154802
154803
154804
154805
154806
154807
154808
154809
154810
154811
154812
154813
154814
154815
154816
154817
154818
154819
154820
154821
154822
154823
154824
154825
154826
154827
154828
154829
154830
154831
154832
154833
154834
154835
154836
154837
154838
154839
154840
154841
154842
154843
154844
154845
154846
154847
154848
154849
154850
154851
154852
154853
154854
154855
154856
154857
154858
154859
154860
154861
154862
154863
154864
154865
154866
154867
154868
154869
154870
154871
154872
154873
154874
154875
154876
154877
154878
154879
154880
154881
154882
154883
154884
154885
154886
154887
154888
154889
154890
154891
154892
154893
154894
154895
154896
154897
154898
154899
154900
154901
154902
154903
154904
154905
154906
154907
154908
154909
154911
154913
154915
154917
154919
154921
154923
154925
154927
154929
154931
154933
154935
154937
154939
154941
154943
154945
154947
154949
154951
154953
154955
154957
154959
154961
154963
154965
154967
154969
154971
154973
154975
154977
154979
)


// ************************************************************************* //
